0 0.070312 0.822500 0.075625 0.101667
0 0.462813 0.834167 0.075625 0.100000
0 0.936875 0.655000 0.065000 0.093333
0 0.050313 0.675000 0.081875 0.095000
0 0.069375 0.385000 0.078750 0.111667
0 0.186562 0.894583 0.075625 0.077500
0 0.515000 0.325417 0.076250 0.094167
0 0.577187 0.573750 0.069375 0.119167
0 0.332813 0.337083 0.084375 0.110833
0 0.695312 0.230833 0.070625 0.086667
0 0.818438 0.864167 0.069375 0.091667
0 0.708438 0.559167 0.076875 0.103333
0 0.741563 0.782083 0.076875 0.097500
0 0.810625 0.140833 0.073750 0.106667
0 0.842500 0.675000 0.082500 0.101667
0 0.642813 0.578333 0.061875 0.105000
0 0.456562 0.410000 0.079375 0.100000
0 0.321875 0.208750 0.072500 0.097500
0 0.126562 0.153750 0.081875 0.097500
0 0.508125 0.601250 0.076250 0.102500
0 0.565312 0.844167 0.078125 0.096667
0 0.875625 0.204583 0.082500 0.094167
0 0.518125 0.220000 0.072500 0.098333
0 0.216250 0.271250 0.078750 0.074167
0 0.732500 0.890000 0.073750 0.106667
3 0.655625 0.368333 0.102500 0.146667
0 0.782813 0.283333 0.071875 0.086667
0 0.265000 0.457083 0.078750 0.104167
0 0.572187 0.685000 0.076875 0.105000
0 0.291563 0.937083 0.086875 0.107500
0 0.905625 0.886667 0.081250 0.085000
0 0.952812 0.079167 0.081875 0.096667
0 0.868750 0.508750 0.068750 0.090833
0 0.660312 0.735417 0.073125 0.097500
0 0.443125 0.237500 0.076250 0.098333
0 0.636563 0.794583 0.079375 0.102500
0 0.954063 0.290833 0.074375 0.093333
0 0.905625 0.297500 0.081250 0.103333
0 0.569688 0.752500 0.074375 0.101667
0 0.048438 0.494167 0.076875 0.096667
0 0.834688 0.435833 0.075625 0.086667
0 0.957500 0.772917 0.062500 0.112500
0 0.869062 0.780417 0.063125 0.114167
0 0.493437 0.129167 0.073125 0.095000
0 0.114687 0.725000 0.080625 0.093333
0 0.750313 0.386667 0.076875 0.095000
0 0.558750 0.130833 0.063750 0.100000
0 0.794687 0.520833 0.074375 0.095000
0 0.610938 0.179167 0.066875 0.101667
0 0.429375 0.506250 0.076250 0.099167
0 0.963750 0.407500 0.072500 0.103333
0 0.429063 0.199583 0.069375 0.104167
0 0.408125 0.068750 0.065000 0.090833
0 0.365938 0.548750 0.078125 0.094167
