0 0.725000 0.677917 0.072500 0.102500
0 0.687187 0.938333 0.079375 0.093333
0 0.435625 0.923750 0.086250 0.094167
0 0.068437 0.710833 0.086875 0.086667
0 0.533438 0.656250 0.080625 0.089167
0 0.064062 0.416250 0.074375 0.082500
0 0.656250 0.615000 0.077500 0.110000
0 0.734062 0.302917 0.075625 0.102500
0 0.897500 0.282083 0.070000 0.109167
0 0.779375 0.110417 0.071250 0.097500
0 0.455625 0.327083 0.083750 0.075833
0 0.620313 0.705833 0.075625 0.091667
0 0.348438 0.436667 0.085625 0.093333
0 0.936562 0.747917 0.109375 0.085833
0 0.342187 0.168750 0.074375 0.112500
0 0.774375 0.244167 0.073750 0.103333
0 0.731250 0.217500 0.060000 0.088333
0 0.897500 0.951250 0.080000 0.087500
0 0.412500 0.280417 0.083750 0.055833
0 0.442188 0.435833 0.045625 0.118333
0 0.373125 0.483750 0.103750 0.050833
