0 0.534062 0.242500 0.061875 0.080000
0 0.881250 0.912917 0.073750 0.095833
0 0.207187 0.752917 0.063125 0.079167
0 0.680937 0.801250 0.060625 0.074167
0 0.103750 0.643333 0.072500 0.093333
0 0.300312 0.575833 0.075625 0.091667
0 0.093438 0.512917 0.055625 0.075833
0 0.887500 0.657500 0.063750 0.083333
0 0.294687 0.123333 0.074375 0.110000
0 0.511875 0.850417 0.067500 0.087500
0 0.760000 0.330417 0.067500 0.085833
0 0.212500 0.097500 0.071250 0.105000
4 0.186875 0.677917 0.085000 0.084167
0 0.833125 0.701667 0.067500 0.088333
0 0.372812 0.841250 0.075625 0.085833
0 0.211875 0.461667 0.066250 0.090000
0 0.409375 0.571667 0.070000 0.090000
0 0.373750 0.262917 0.060000 0.072500
0 0.446875 0.835417 0.068750 0.097500
0 0.165000 0.867917 0.071250 0.084167
0 0.353125 0.949167 0.067500 0.086667
0 0.103750 0.950417 0.070000 0.089167
0 0.728437 0.857917 0.074375 0.084167
0 0.935312 0.786250 0.078125 0.094167
0 0.663750 0.142083 0.077500 0.090833
0 0.600000 0.566250 0.071250 0.090833
0 0.413438 0.442500 0.079375 0.080000
0 0.825313 0.070833 0.059375 0.105000
0 0.338438 0.431667 0.074375 0.086667
0 0.350625 0.746667 0.060000 0.085000
0 0.058750 0.563750 0.072500 0.075833
0 0.540312 0.506250 0.059375 0.099167
0 0.162500 0.606250 0.058750 0.080833
0 0.268125 0.650417 0.073750 0.079167
0 0.304688 0.800417 0.061875 0.075833
0 0.216250 0.930417 0.078750 0.070833
0 0.871563 0.314167 0.073125 0.075000
0 0.083750 0.832500 0.075000 0.083333
0 0.594063 0.756667 0.058125 0.085000
0 0.310000 0.722917 0.067500 0.087500
1 0.719375 0.401250 0.091250 0.095833
0 0.094062 0.212500 0.049375 0.073333
0 0.756563 0.755833 0.068125 0.073333
0 0.379375 0.395417 0.065000 0.097500
0 0.043437 0.772917 0.079375 0.084167
0 0.686250 0.666667 0.060000 0.080000
0 0.964375 0.547917 0.070000 0.089167
0 0.655937 0.731667 0.084375 0.071667
0 0.661250 0.466667 0.070000 0.060000
0 0.939063 0.305833 0.073125 0.060000
0 0.666250 0.415417 0.063750 0.075833
0 0.556875 0.557083 0.062500 0.079167
