0 0.559063 0.553333 0.074375 0.088333
0 0.742812 0.443333 0.079375 0.096667
0 0.173125 0.767917 0.065000 0.087500
0 0.559688 0.165833 0.073125 0.096667
0 0.409062 0.433333 0.071875 0.086667
0 0.815937 0.252500 0.069375 0.098333
0 0.624062 0.730417 0.070625 0.079167
0 0.499063 0.116667 0.071875 0.091667
0 0.704063 0.129583 0.071875 0.087500
0 0.706250 0.622083 0.066250 0.084167
0 0.126562 0.467917 0.074375 0.099167
0 0.382188 0.917500 0.069375 0.090000
0 0.738437 0.737917 0.070625 0.087500
0 0.939375 0.211250 0.076250 0.107500
0 0.845313 0.575833 0.068125 0.100000
0 0.644375 0.815833 0.070000 0.088333
0 0.933438 0.787500 0.063125 0.078333
0 0.116875 0.280417 0.072500 0.084167
0 0.335625 0.740000 0.073750 0.100000
0 0.123438 0.368750 0.079375 0.090833
0 0.046562 0.812083 0.063125 0.087500
0 0.366563 0.091250 0.074375 0.094167
0 0.047188 0.512917 0.071875 0.084167
0 0.857500 0.399583 0.062500 0.079167
0 0.793438 0.834583 0.078125 0.089167
0 0.388125 0.257083 0.070000 0.092500
0 0.550625 0.303750 0.072500 0.099167
0 0.106563 0.792083 0.064375 0.090833
0 0.399375 0.782500 0.070000 0.105000
0 0.055313 0.604167 0.076875 0.083333
0 0.373437 0.587500 0.076875 0.096667
0 0.643750 0.170417 0.070000 0.089167
0 0.316875 0.292500 0.067500 0.091667
0 0.418125 0.672917 0.077500 0.082500
0 0.603437 0.081250 0.078125 0.085833
0 0.548438 0.445417 0.066875 0.090833
0 0.448125 0.601667 0.071250 0.086667
0 0.748750 0.057500 0.072500 0.070000
0 0.518125 0.266667 0.077500 0.096667
0 0.938438 0.420000 0.064375 0.083333
0 0.102500 0.060417 0.071250 0.084167
0 0.885312 0.459583 0.074375 0.084167
0 0.623437 0.893333 0.078125 0.096667
0 0.926250 0.949167 0.116250 0.070000
