0 0.895000 0.652083 0.072500 0.104167
0 0.637813 0.215833 0.058125 0.091667
0 0.792500 0.691667 0.061250 0.075000
0 0.650312 0.854167 0.065625 0.093333
0 0.137500 0.180000 0.061250 0.088333
0 0.535625 0.307083 0.071250 0.094167
0 0.520938 0.173333 0.055625 0.076667
0 0.684063 0.762083 0.061875 0.089167
0 0.390313 0.124167 0.056875 0.081667
0 0.202187 0.347500 0.060625 0.093333
0 0.049375 0.614583 0.065000 0.080833
0 0.890312 0.569167 0.065625 0.103333
0 0.448437 0.748333 0.069375 0.081667
0 0.465000 0.287083 0.066250 0.089167
0 0.328125 0.234167 0.065000 0.093333
0 0.235937 0.842500 0.066875 0.083333
0 0.760000 0.550833 0.062500 0.086667
0 0.839063 0.153750 0.059375 0.085833
1 0.894687 0.207917 0.081875 0.110833
0 0.830000 0.420833 0.066250 0.096667
0 0.750625 0.937917 0.062500 0.080833
0 0.552813 0.461250 0.064375 0.082500
0 0.332813 0.130417 0.069375 0.090833
0 0.650625 0.512083 0.065000 0.082500
0 0.759062 0.080000 0.068125 0.090000
0 0.168437 0.535833 0.064375 0.083333
3 0.271562 0.571250 0.068125 0.089167
0 0.404687 0.235000 0.071875 0.086667
0 0.083125 0.911667 0.053750 0.070000
0 0.393125 0.922917 0.061250 0.079167
0 0.764062 0.482083 0.065625 0.085833
0 0.563125 0.601250 0.077500 0.090833
0 0.061562 0.260000 0.064375 0.086667
0 0.350938 0.797500 0.064375 0.095000
0 0.490312 0.507917 0.053125 0.077500
0 0.154688 0.240000 0.068125 0.093333
0 0.428438 0.542500 0.054375 0.078333
0 0.484063 0.824167 0.068125 0.090000
0 0.612812 0.521667 0.070625 0.090000
0 0.107500 0.102500 0.070000 0.083333
0 0.798125 0.355417 0.062500 0.072500
0 0.252812 0.763333 0.066875 0.088333
0 0.296250 0.341250 0.065000 0.077500
0 0.272500 0.484167 0.062500 0.081667
0 0.576562 0.740000 0.060625 0.090000
0 0.409375 0.324167 0.070000 0.085000
0 0.188750 0.635417 0.062500 0.097500
0 0.649375 0.435833 0.056250 0.065000
0 0.860938 0.467917 0.051875 0.075833
0 0.480625 0.232917 0.060000 0.080833
0 0.139687 0.437500 0.056875 0.075000
0 0.421563 0.480417 0.058125 0.082500
0 0.503437 0.609583 0.061875 0.085833
0 0.344062 0.454167 0.069375 0.098333
0 0.712500 0.866667 0.063750 0.093333
0 0.946562 0.349167 0.050625 0.078333
0 0.963125 0.123333 0.072500 0.085000
0 0.069687 0.143333 0.053125 0.060000
0 0.920937 0.855000 0.055625 0.070000
0 0.643750 0.097083 0.056250 0.085833
0 0.809375 0.582083 0.053750 0.069167
0 0.813125 0.273333 0.061250 0.060000
0 0.412187 0.459583 0.076875 0.080833
0 0.703438 0.516250 0.044375 0.082500
0 0.485312 0.906667 0.054375 0.071667
0 0.248750 0.638333 0.070000 0.076667
0 0.869375 0.730417 0.053750 0.062500
0 0.735000 0.708333 0.061250 0.080000
0 0.195625 0.196250 0.062500 0.090833
0 0.581875 0.244583 0.068750 0.085833
0 0.966250 0.211667 0.065000 0.081667
0 0.373750 0.392083 0.056250 0.057500
1 0.270000 0.098333 0.072500 0.101667
0 0.362812 0.530000 0.051875 0.096667
0 0.597812 0.307917 0.056875 0.060833
0 0.030625 0.297083 0.060000 0.079167
0 0.226562 0.206667 0.060625 0.073333
0 0.224688 0.437083 0.064375 0.057500
0 0.217500 0.269583 0.051250 0.052500
0 0.206563 0.122917 0.081875 0.080833
0 0.259688 0.345833 0.064375 0.081667
0 0.419375 0.804583 0.065000 0.104167
0 0.445312 0.843333 0.081875 0.088333
0 0.878125 0.834167 0.055000 0.080000
0 0.855000 0.814583 0.056250 0.087500
0 0.698750 0.642500 0.053750 0.066667
0 0.745938 0.623333 0.064375 0.071667
0 0.897500 0.323333 0.053750 0.073333
0 0.901875 0.446667 0.056250 0.095000
0 0.894375 0.392500 0.055000 0.068333
0 0.952500 0.442083 0.052500 0.080833
0 0.971875 0.462500 0.053750 0.071667
0 0.968437 0.757917 0.063125 0.082500
0 0.911563 0.946250 0.043125 0.060833
0 0.500625 0.718333 0.066250 0.071667
0 0.551250 0.800000 0.056250 0.070000
0 0.623750 0.780417 0.058750 0.065833
0 0.823750 0.816250 0.051250 0.074167
0 0.790937 0.876667 0.055625 0.075000
0 0.772188 0.761667 0.049375 0.061667
0 0.734688 0.800000 0.049375 0.066667
0 0.768750 0.820000 0.058750 0.076667
0 0.292187 0.050833 0.065625 0.073333
0 0.666562 0.352083 0.066875 0.065833
0 0.733750 0.410833 0.053750 0.071667
0 0.670000 0.155000 0.047500 0.063333
0 0.688750 0.211667 0.050000 0.071667
0 0.733125 0.184583 0.050000 0.064167
0 0.771875 0.221250 0.055000 0.077500
0 0.753750 0.280833 0.053750 0.073333
0 0.123125 0.576250 0.055000 0.084167
0 0.392188 0.652917 0.064375 0.062500
0 0.362812 0.697083 0.066875 0.079167
0 0.391250 0.720417 0.056250 0.060833
0 0.277500 0.908750 0.043750 0.064167
0 0.247812 0.950833 0.049375 0.070000
0 0.145937 0.621667 0.058125 0.096667
0 0.118750 0.672917 0.050000 0.065833
0 0.093125 0.725833 0.052500 0.068333
0 0.113750 0.819167 0.050000 0.075000
0 0.191562 0.894167 0.046875 0.065000
0 0.140625 0.890417 0.050000 0.079167
0 0.144375 0.775833 0.047500 0.078333
0 0.302500 0.760833 0.053750 0.070000
0 0.190000 0.767917 0.050000 0.074167
0 0.213438 0.714167 0.051875 0.076667
0 0.301250 0.413333 0.051250 0.076667
0 0.223750 0.513750 0.055000 0.080833
0 0.490000 0.573333 0.073750 0.065000
0 0.316875 0.544583 0.053750 0.064167
1 0.080000 0.397083 0.085000 0.065833
