0 0.161875 0.829583 0.077500 0.097500
0 0.262500 0.354167 0.063750 0.095000
0 0.171563 0.240417 0.073125 0.084167
0 0.642188 0.244167 0.071875 0.103333
0 0.594063 0.915833 0.069375 0.088333
0 0.842500 0.853750 0.068750 0.075833
0 0.402500 0.510000 0.063750 0.083333
0 0.688125 0.177917 0.068750 0.105833
0 0.521250 0.925417 0.062500 0.080833
0 0.220000 0.617917 0.068750 0.089167
0 0.839375 0.714583 0.071250 0.089167
0 0.923438 0.353750 0.073125 0.085833
0 0.848437 0.475833 0.070625 0.080000
0 0.340625 0.294583 0.070000 0.090833
0 0.758750 0.700417 0.070000 0.094167
0 0.709063 0.525833 0.065625 0.103333
0 0.244688 0.562500 0.058125 0.108333
0 0.508750 0.813333 0.070000 0.096667
0 0.793438 0.887083 0.064375 0.110833
0 0.555312 0.467083 0.060625 0.099167
0 0.320312 0.445833 0.073125 0.098333
0 0.764375 0.463333 0.080000 0.088333
0 0.629062 0.612083 0.066875 0.085833
0 0.389062 0.702500 0.074375 0.078333
0 0.252812 0.839167 0.068125 0.090000
0 0.662813 0.897500 0.063125 0.090000
0 0.851875 0.630417 0.066250 0.102500
0 0.860625 0.937917 0.073750 0.080833
0 0.380000 0.618333 0.058750 0.096667
0 0.296875 0.190417 0.076250 0.097500
0 0.491875 0.710833 0.077500 0.098333
0 0.397500 0.334583 0.061250 0.080833
0 0.277500 0.499583 0.082500 0.090833
0 0.704375 0.897500 0.062500 0.088333
0 0.407813 0.927917 0.070625 0.087500
0 0.080000 0.725000 0.061250 0.101667
0 0.804063 0.767500 0.068125 0.091667
0 0.384688 0.272500 0.066875 0.105000
0 0.896563 0.181667 0.063125 0.103333
0 0.825000 0.217083 0.055000 0.147500
0 0.432500 0.147083 0.077500 0.094167
0 0.960625 0.213750 0.066250 0.112500
0 0.551875 0.722083 0.061250 0.084167
0 0.385000 0.080417 0.082500 0.087500
0 0.234375 0.235417 0.068750 0.084167
0 0.313437 0.137917 0.063125 0.080833
0 0.498750 0.514167 0.082500 0.083333
0 0.885000 0.790000 0.052500 0.108333
0 0.876563 0.317500 0.068125 0.121667
0 0.449375 0.265417 0.075000 0.092500
0 0.232813 0.181250 0.060625 0.114167
0 0.419063 0.595417 0.064375 0.085833
0 0.619375 0.515417 0.062500 0.084167
0 0.056563 0.329167 0.075625 0.083333
0 0.488438 0.111250 0.070625 0.100833
0 0.571250 0.563750 0.070000 0.109167
0 0.480000 0.667500 0.080000 0.085000
0 0.461875 0.449583 0.075000 0.092500
0 0.548438 0.631667 0.080625 0.090000
0 0.437812 0.387500 0.085625 0.078333
0 0.140937 0.686250 0.076875 0.099167
0 0.846875 0.804167 0.063750 0.080000
0 0.471875 0.308750 0.081250 0.084167
0 0.037500 0.893333 0.067500 0.100000
0 0.942813 0.077083 0.079375 0.104167
0 0.758437 0.357917 0.074375 0.099167
0 0.502500 0.599167 0.058750 0.093333
0 0.499063 0.430417 0.064375 0.084167
4 0.170313 0.760000 0.078125 0.093333
0 0.095000 0.278333 0.062500 0.121667
0 0.070938 0.290000 0.073125 0.093333
0 0.625000 0.473750 0.072500 0.100833
0 0.467813 0.591667 0.090625 0.081667
0 0.478438 0.350000 0.074375 0.066667
