0 0.195312 0.832500 0.070625 0.095000
0 0.816250 0.254583 0.077500 0.085833
0 0.301875 0.597083 0.065000 0.104167
0 0.520625 0.782917 0.066250 0.077500
0 0.861875 0.725000 0.057500 0.081667
0 0.715000 0.527500 0.073750 0.098333
0 0.479063 0.192083 0.065625 0.090833
0 0.109687 0.159167 0.059375 0.080000
0 0.615000 0.423333 0.075000 0.093333
0 0.251563 0.120833 0.060625 0.088333
0 0.871563 0.102500 0.070625 0.091667
0 0.046250 0.502083 0.076250 0.099167
1 0.542813 0.898750 0.076875 0.097500
0 0.186250 0.421250 0.061250 0.080833
0 0.118125 0.874167 0.068750 0.090000
0 0.470313 0.295417 0.071875 0.099167
0 0.936875 0.300833 0.071250 0.090000
0 0.511875 0.092917 0.068750 0.089167
0 0.650937 0.345000 0.073125 0.096667
0 0.715938 0.781250 0.059375 0.075833
0 0.641250 0.592500 0.063750 0.080000
0 0.198750 0.601667 0.070000 0.086667
0 0.650000 0.179583 0.073750 0.090833
0 0.746563 0.885000 0.070625 0.103333
0 0.431250 0.725000 0.057500 0.078333
0 0.404062 0.300833 0.069375 0.096667
0 0.888125 0.186250 0.077500 0.090833
0 0.797188 0.922083 0.073125 0.097500
0 0.870625 0.625417 0.061250 0.077500
0 0.661250 0.692917 0.068750 0.095833
0 0.369688 0.442500 0.064375 0.081667
0 0.369375 0.536667 0.073750 0.090000
0 0.546250 0.185000 0.066250 0.093333
0 0.082812 0.236250 0.061875 0.079167
0 0.951875 0.943750 0.073750 0.100833
0 0.958750 0.400417 0.051250 0.079167
0 0.833438 0.385417 0.061875 0.082500
0 0.672188 0.954167 0.065625 0.090000
1 0.763125 0.610000 0.081250 0.110000
0 0.140937 0.270417 0.058125 0.079167
0 0.423438 0.795833 0.068125 0.085000
0 0.320625 0.150417 0.075000 0.082500
0 0.777500 0.391667 0.053750 0.081667
0 0.120313 0.447083 0.068125 0.089167
0 0.318750 0.708750 0.058750 0.079167
0 0.525000 0.556667 0.061250 0.078333
0 0.562500 0.495833 0.061250 0.073333
0 0.043125 0.867083 0.055000 0.075833
0 0.276562 0.535417 0.069375 0.099167
0 0.826562 0.462500 0.079375 0.070000
0 0.075625 0.925000 0.048750 0.066667
0 0.614375 0.740417 0.052500 0.070833
0 0.052187 0.677917 0.065625 0.090833
0 0.770625 0.203333 0.073750 0.060000
0 0.206563 0.953333 0.060625 0.073333
0 0.447500 0.127083 0.068750 0.087500
0 0.238125 0.531667 0.073750 0.100000
0 0.316563 0.482917 0.055625 0.075833
0 0.098437 0.816250 0.070625 0.089167
0 0.598437 0.295833 0.063125 0.066667
0 0.797500 0.760833 0.056250 0.071667
0 0.960000 0.887083 0.061250 0.077500
0 0.626563 0.528333 0.063125 0.070000
0 0.087813 0.353333 0.061875 0.071667
0 0.234687 0.267500 0.054375 0.071667
0 0.830625 0.577500 0.068750 0.086667
0 0.137187 0.775000 0.068125 0.088333
0 0.066250 0.302917 0.057500 0.065833
0 0.363125 0.855833 0.067500 0.091667
0 0.650312 0.082917 0.075625 0.080833
0 0.814688 0.677500 0.063125 0.075000
0 0.338125 0.926250 0.052500 0.069167
0 0.633125 0.665000 0.062500 0.068333
0 0.320000 0.793750 0.055000 0.075833
0 0.587812 0.222917 0.050625 0.075833
0 0.334375 0.039583 0.058750 0.072500
0 0.335313 0.098750 0.049375 0.072500
0 0.796250 0.834167 0.066250 0.085000
0 0.185938 0.229583 0.059375 0.072500
0 0.416250 0.482500 0.042500 0.076667
0 0.072813 0.595000 0.054375 0.056667
0 0.197500 0.297083 0.052500 0.072500
0 0.376250 0.735000 0.055000 0.070000
0 0.232187 0.197917 0.060625 0.075833
0 0.274062 0.208750 0.053125 0.065833
1 0.047500 0.727083 0.083750 0.102500
0 0.825313 0.644583 0.058125 0.092500
0 0.388125 0.847083 0.060000 0.077500
0 0.474062 0.845000 0.058125 0.058333
0 0.653125 0.134167 0.051250 0.071667
0 0.608125 0.108750 0.052500 0.074167
0 0.066562 0.810833 0.061875 0.070000
0 0.618125 0.042500 0.066250 0.066667
0 0.426563 0.045417 0.059375 0.079167
0 0.799375 0.521250 0.075000 0.052500
0 0.104063 0.745833 0.058125 0.060000
0 0.132188 0.663750 0.069375 0.089167
0 0.115312 0.695000 0.060625 0.060000
