0 0.752500 0.557917 0.066250 0.084167
0 0.136563 0.339167 0.059375 0.073333
0 0.087813 0.422500 0.070625 0.078333
0 0.610938 0.578750 0.069375 0.102500
0 0.892500 0.830417 0.065000 0.100833
0 0.205625 0.110833 0.058750 0.083333
0 0.575937 0.872917 0.061875 0.089167
0 0.538438 0.453333 0.065625 0.095000
0 0.957500 0.173750 0.065000 0.090833
0 0.295000 0.562500 0.067500 0.090000
0 0.788750 0.123750 0.065000 0.087500
0 0.765000 0.751667 0.075000 0.096667
0 0.901250 0.727917 0.063750 0.082500
0 0.354687 0.602083 0.070625 0.100833
0 0.625000 0.820000 0.068750 0.105000
0 0.261250 0.196667 0.068750 0.093333
0 0.754062 0.217917 0.075625 0.099167
0 0.960000 0.889583 0.075000 0.090833
0 0.050313 0.768750 0.069375 0.107500
0 0.661250 0.432083 0.068750 0.095833
0 0.590625 0.376667 0.058750 0.103333
0 0.428750 0.820417 0.081250 0.109167
3 0.175000 0.216250 0.087500 0.130833
6 0.740938 0.466667 0.073125 0.130000
