0 0.620313 0.094167 0.074375 0.106667
0 0.720625 0.327083 0.070000 0.090833
0 0.515312 0.565833 0.080625 0.093333
0 0.926875 0.365000 0.078750 0.096667
0 0.827500 0.280000 0.075000 0.093333
0 0.050313 0.596250 0.073125 0.090833
0 0.899687 0.191250 0.076875 0.095833
0 0.962187 0.155000 0.068125 0.096667
0 0.161562 0.877917 0.081875 0.107500
0 0.454375 0.513750 0.078750 0.100833
0 0.785000 0.092500 0.066250 0.095000
0 0.754375 0.229167 0.065000 0.105000
0 0.347813 0.942917 0.070625 0.100833
0 0.361875 0.358333 0.067500 0.098333
0 0.154688 0.147500 0.075625 0.105000
0 0.405938 0.883750 0.080625 0.104167
0 0.567500 0.837083 0.073750 0.085833
0 0.275938 0.502917 0.076875 0.099167
0 0.263125 0.162500 0.067500 0.090000
0 0.167500 0.352917 0.071250 0.102500
0 0.084687 0.179167 0.073125 0.103333
0 0.752188 0.780000 0.075625 0.091667
2 0.319063 0.120000 0.099375 0.123333
0 0.830937 0.717500 0.070625 0.100000
0 0.941250 0.737500 0.085000 0.105000
0 0.849688 0.606250 0.070625 0.107500
0 0.848750 0.942083 0.071250 0.105833
0 0.964375 0.576667 0.070000 0.103333
0 0.387500 0.810000 0.068750 0.095000
0 0.448750 0.739583 0.068750 0.107500
0 0.276875 0.327083 0.065000 0.107500
0 0.115312 0.237917 0.078125 0.100833
0 0.467500 0.932500 0.061250 0.093333
0 0.064687 0.835417 0.073125 0.104167
0 0.180312 0.520417 0.070625 0.092500
0 0.223750 0.381250 0.068750 0.099167
0 0.547188 0.429583 0.089375 0.100833
0 0.175000 0.636667 0.082500 0.098333
0 0.906875 0.459583 0.077500 0.110833
0 0.103750 0.698750 0.075000 0.107500
0 0.382188 0.734167 0.078125 0.110000
0 0.482187 0.325000 0.074375 0.111667
0 0.490000 0.925417 0.057500 0.090833
0 0.303750 0.417083 0.077500 0.080833
0 0.316250 0.225000 0.081250 0.090000
0 0.225312 0.434167 0.071875 0.103333
0 0.129688 0.729583 0.078125 0.087500
0 0.425000 0.380417 0.066250 0.109167
2 0.710000 0.529583 0.103750 0.132500
0 0.049375 0.533333 0.062500 0.086667
0 0.748750 0.494583 0.050000 0.107500
0 0.429063 0.413750 0.063125 0.105833
0 0.933750 0.459583 0.071250 0.097500
0 0.305000 0.330833 0.066250 0.100000
0 0.462500 0.347500 0.063750 0.091667
