0 0.732500 0.698750 0.068750 0.090833
0 0.167500 0.375417 0.065000 0.084167
0 0.383125 0.102917 0.071250 0.097500
0 0.718437 0.614583 0.070625 0.089167
0 0.848750 0.312083 0.071250 0.095833
0 0.594688 0.176667 0.070625 0.090000
0 0.105938 0.565833 0.066875 0.083333
0 0.155000 0.464167 0.066250 0.086667
0 0.955313 0.892083 0.076875 0.095833
0 0.679063 0.108750 0.061875 0.080833
0 0.874687 0.513750 0.064375 0.090833
0 0.326562 0.809167 0.073125 0.101667
0 0.959375 0.244583 0.071250 0.104167
0 0.512813 0.630417 0.075625 0.097500
0 0.500000 0.381667 0.068750 0.093333
0 0.540625 0.438750 0.071250 0.095833
0 0.388125 0.703333 0.077500 0.090000
0 0.380937 0.941667 0.065625 0.100000
0 0.558125 0.054167 0.065000 0.095000
0 0.692500 0.815833 0.076250 0.105000
0 0.435937 0.912083 0.063125 0.092500
0 0.289062 0.654583 0.073125 0.104167
0 0.470625 0.821667 0.073750 0.105000
0 0.194062 0.663750 0.083125 0.105833
0 0.368750 0.353333 0.078750 0.108333
0 0.315625 0.169583 0.090000 0.095833
0 0.209063 0.276667 0.086875 0.081667
0 0.940625 0.407500 0.070000 0.116667
2 0.143750 0.784167 0.093750 0.130000
