0 0.660937 0.723333 0.064375 0.083333
0 0.782500 0.738333 0.063750 0.081667
0 0.644687 0.472083 0.070625 0.084167
0 0.919687 0.724167 0.069375 0.093333
0 0.169687 0.327500 0.066875 0.088333
0 0.370625 0.146250 0.051250 0.080833
0 0.332813 0.628750 0.066875 0.090833
0 0.601562 0.671667 0.064375 0.081667
0 0.813125 0.195833 0.066250 0.083333
0 0.247812 0.370833 0.073125 0.083333
0 0.167500 0.080417 0.066250 0.082500
0 0.745000 0.823750 0.071250 0.085833
0 0.460625 0.167917 0.070000 0.084167
0 0.426250 0.655833 0.071250 0.085000
0 0.612187 0.278333 0.065625 0.086667
0 0.715000 0.050417 0.073750 0.082500
0 0.588750 0.120000 0.057500 0.078333
0 0.580000 0.780833 0.060000 0.085000
0 0.220625 0.274167 0.061250 0.086667
0 0.486563 0.416667 0.055625 0.085000
0 0.276562 0.295417 0.060625 0.077500
0 0.070625 0.059167 0.065000 0.086667
0 0.465625 0.769583 0.065000 0.089167
0 0.190312 0.780000 0.070625 0.088333
0 0.320000 0.232083 0.072500 0.085833
0 0.856875 0.497083 0.061250 0.070833
0 0.546562 0.420417 0.066875 0.087500
0 0.859688 0.299583 0.058125 0.077500
0 0.110625 0.135833 0.071250 0.101667
0 0.689688 0.951667 0.055625 0.083333
0 0.308125 0.150833 0.063750 0.080000
0 0.168750 0.175833 0.068750 0.093333
0 0.799375 0.890833 0.066250 0.095000
0 0.069687 0.492083 0.065625 0.084167
0 0.181875 0.607500 0.070000 0.085000
0 0.154062 0.655000 0.074375 0.080000
0 0.796250 0.668333 0.066250 0.083333
0 0.388750 0.868333 0.050000 0.081667
0 0.895625 0.905833 0.065000 0.086667
0 0.038750 0.159167 0.073750 0.093333
0 0.441563 0.500417 0.081875 0.097500
0 0.457500 0.355000 0.066250 0.085000
0 0.615938 0.179583 0.063125 0.082500
0 0.489063 0.109167 0.071875 0.086667
0 0.319375 0.807917 0.060000 0.080833
0 0.881875 0.120417 0.072500 0.087500
0 0.513750 0.781667 0.057500 0.083333
0 0.319063 0.520833 0.055625 0.068333
0 0.851875 0.065417 0.066250 0.080833
0 0.852500 0.388333 0.070000 0.081667
0 0.308750 0.950833 0.071250 0.085000
0 0.794063 0.545000 0.063125 0.081667
0 0.763750 0.297083 0.061250 0.075833
0 0.282813 0.910417 0.065625 0.084167
0 0.390313 0.492083 0.069375 0.095833
0 0.743437 0.527917 0.061875 0.087500
0 0.372812 0.530833 0.056875 0.090000
3 0.805312 0.466667 0.083125 0.098333
0 0.025313 0.478750 0.048125 0.074167
0 0.502812 0.046250 0.069375 0.090833
0 0.821562 0.115000 0.059375 0.068333
0 0.786875 0.419167 0.063750 0.083333
0 0.767813 0.381250 0.050625 0.064167
0 0.812187 0.369583 0.046875 0.077500
