0 0.176563 0.818333 0.065625 0.106667
0 0.490938 0.244167 0.078125 0.103333
0 0.873125 0.074583 0.076250 0.100833
0 0.619687 0.173750 0.071875 0.104167
3 0.736250 0.250000 0.097500 0.110000
0 0.034375 0.315000 0.067500 0.086667
0 0.725313 0.559167 0.076875 0.108333
0 0.110625 0.585833 0.073750 0.106667
0 0.358438 0.892083 0.080625 0.105833
0 0.145000 0.311667 0.087500 0.085000
0 0.202500 0.080000 0.078750 0.103333
0 0.962812 0.648750 0.071875 0.102500
0 0.242812 0.511250 0.074375 0.102500
0 0.092188 0.469583 0.061875 0.089167
0 0.187500 0.662500 0.067500 0.080000
0 0.810312 0.706250 0.068125 0.112500
0 0.738437 0.156250 0.071875 0.102500
0 0.353750 0.795417 0.077500 0.095833
0 0.922188 0.283750 0.064375 0.095833
0 0.377812 0.509167 0.074375 0.088333
0 0.867812 0.413333 0.078125 0.101667
0 0.089375 0.233750 0.081250 0.112500
0 0.168750 0.905000 0.070000 0.098333
0 0.924375 0.764583 0.067500 0.109167
0 0.373437 0.302500 0.074375 0.103333
0 0.239375 0.300417 0.073750 0.110833
0 0.449688 0.432917 0.079375 0.105833
0 0.265625 0.132083 0.072500 0.099167
0 0.457500 0.120833 0.081250 0.091667
0 0.900625 0.529583 0.065000 0.107500
0 0.073125 0.120833 0.078750 0.095000
0 0.231875 0.399167 0.070000 0.106667
0 0.513750 0.345417 0.078750 0.094167
0 0.832812 0.538333 0.063125 0.101667
0 0.410625 0.204167 0.058750 0.093333
0 0.487500 0.930833 0.087500 0.078333
0 0.295625 0.341250 0.063750 0.104167
0 0.690000 0.111667 0.066250 0.120000
0 0.381250 0.408750 0.068750 0.102500
0 0.143125 0.150000 0.067500 0.093333
0 0.862812 0.252500 0.066875 0.100000
0 0.880000 0.338333 0.078750 0.115000
