0 0.593750 0.607083 0.073750 0.095833
0 0.709063 0.907917 0.069375 0.087500
0 0.870938 0.452500 0.055625 0.076667
0 0.637813 0.133750 0.075625 0.075833
1 0.073125 0.498333 0.078750 0.113333
0 0.312500 0.530000 0.068750 0.080000
0 0.352500 0.131250 0.065000 0.077500
0 0.316875 0.312500 0.075000 0.088333
0 0.130938 0.855000 0.061875 0.081667
0 0.814063 0.242500 0.075625 0.096667
0 0.286875 0.073750 0.068750 0.095833
0 0.335000 0.913333 0.077500 0.108333
0 0.781563 0.925833 0.060625 0.085000
0 0.471875 0.438750 0.055000 0.089167
0 0.607812 0.331667 0.061875 0.090000
0 0.500625 0.280417 0.066250 0.069167
0 0.094062 0.646667 0.064375 0.093333
0 0.680625 0.079167 0.068750 0.093333
0 0.470938 0.577083 0.066875 0.079167
0 0.926250 0.292917 0.067500 0.089167
0 0.669375 0.811250 0.071250 0.090833
0 0.560312 0.738750 0.060625 0.080833
0 0.151250 0.925000 0.057500 0.080000
0 0.704063 0.481250 0.063125 0.077500
0 0.501250 0.232083 0.068750 0.087500
3 0.905000 0.815000 0.075000 0.106667
0 0.566875 0.232083 0.053750 0.079167
0 0.694063 0.613750 0.081875 0.094167
0 0.044062 0.731250 0.059375 0.074167
0 0.925000 0.938333 0.051250 0.070000
0 0.235313 0.444583 0.066875 0.072500
0 0.720313 0.163750 0.061875 0.065833
0 0.178750 0.179583 0.070000 0.077500
0 0.399062 0.219583 0.068125 0.074167
0 0.963125 0.561250 0.072500 0.085833
0 0.105000 0.302500 0.062500 0.070000
0 0.214062 0.307500 0.055625 0.071667
0 0.754687 0.279583 0.056875 0.075833
0 0.676562 0.432083 0.081875 0.075833
0 0.411250 0.913750 0.075000 0.089167
0 0.191250 0.104583 0.057500 0.067500
0 0.510625 0.644583 0.056250 0.074167
0 0.951875 0.148333 0.055000 0.080000
0 0.742500 0.365000 0.062500 0.078333
0 0.901875 0.092917 0.065000 0.085833
0 0.820312 0.075833 0.058125 0.075000
0 0.457188 0.859167 0.054375 0.076667
0 0.850625 0.181667 0.071250 0.071667
0 0.812187 0.850000 0.051875 0.061667
0 0.572500 0.164167 0.071250 0.085000
0 0.087500 0.788750 0.065000 0.060833
0 0.694375 0.229167 0.063750 0.076667
0 0.498437 0.511250 0.049375 0.075833
0 0.438437 0.778750 0.055625 0.069167
0 0.098125 0.897500 0.056250 0.078333
0 0.756250 0.448333 0.052500 0.075000
0 0.131875 0.378750 0.051250 0.069167
0 0.511250 0.742083 0.050000 0.064167
0 0.409375 0.852500 0.060000 0.085000
0 0.449375 0.954583 0.066250 0.074167
0 0.534062 0.907917 0.076875 0.080833
0 0.866250 0.132500 0.066250 0.085000
1 0.176563 0.423333 0.084375 0.098333
0 0.948125 0.866250 0.058750 0.080833
0 0.578438 0.851250 0.068125 0.072500
0 0.086250 0.235833 0.053750 0.073333
0 0.036250 0.655833 0.065000 0.065000
0 0.907188 0.238333 0.050625 0.065000
0 0.655937 0.362500 0.050625 0.070000
0 0.577500 0.915833 0.052500 0.061667
0 0.844063 0.110417 0.050625 0.077500
0 0.914687 0.172083 0.051875 0.072500
