0 0.847812 0.285833 0.065625 0.085000
4 0.360312 0.106250 0.080625 0.104167
4 0.797813 0.685833 0.081875 0.098333
0 0.395937 0.296667 0.063125 0.081667
0 0.753437 0.285833 0.069375 0.098333
0 0.550625 0.169167 0.070000 0.093333
0 0.346250 0.376667 0.070000 0.093333
0 0.685937 0.125000 0.068125 0.085000
0 0.057188 0.269167 0.063125 0.085000
0 0.040938 0.495833 0.064375 0.081667
0 0.237187 0.174583 0.071875 0.097500
0 0.643750 0.192917 0.062500 0.084167
0 0.204687 0.516250 0.069375 0.085833
0 0.632500 0.446667 0.063750 0.080000
0 0.343125 0.842500 0.071250 0.101667
0 0.096562 0.618750 0.063125 0.080833
0 0.166250 0.129167 0.065000 0.086667
0 0.485000 0.585000 0.071250 0.088333
0 0.718750 0.940417 0.062500 0.089167
0 0.535937 0.450833 0.068125 0.083333
0 0.041875 0.375000 0.068750 0.078333
0 0.477500 0.737500 0.067500 0.088333
0 0.249375 0.876667 0.071250 0.091667
0 0.284375 0.680417 0.062500 0.082500
0 0.344062 0.698750 0.063125 0.097500
0 0.436875 0.892917 0.065000 0.104167
0 0.505000 0.838750 0.070000 0.089167
0 0.924687 0.646250 0.071875 0.090833
0 0.245000 0.433333 0.065000 0.088333
0 0.957500 0.591250 0.066250 0.089167
0 0.606250 0.114167 0.076250 0.093333
0 0.475625 0.375833 0.068750 0.086667
0 0.809375 0.592500 0.068750 0.088333
0 0.805625 0.868750 0.071250 0.090833
0 0.850000 0.054583 0.070000 0.095833
0 0.194375 0.374167 0.068750 0.090000
0 0.084687 0.770833 0.058125 0.086667
0 0.763437 0.759583 0.084375 0.074167
0 0.785000 0.466667 0.075000 0.095000
0 0.039688 0.665417 0.070625 0.097500
0 0.675937 0.548750 0.063125 0.100833
0 0.660937 0.756250 0.089375 0.077500
0 0.774375 0.567500 0.062500 0.098333
0 0.923438 0.707917 0.081875 0.095833
0 0.630000 0.587500 0.071250 0.091667
0 0.721562 0.594583 0.069375 0.099167
