0 0.250000 0.245417 0.067500 0.094167
0 0.098125 0.742083 0.076250 0.097500
0 0.629687 0.554167 0.059375 0.083333
0 0.530625 0.668333 0.060000 0.076667
0 0.415312 0.409167 0.071875 0.081667
0 0.592187 0.611667 0.058125 0.076667
0 0.682187 0.166250 0.059375 0.095833
0 0.593750 0.891250 0.062500 0.075833
0 0.698125 0.367917 0.065000 0.085833
0 0.817500 0.515417 0.067500 0.084167
0 0.106875 0.473750 0.071250 0.089167
0 0.712187 0.577917 0.066875 0.095833
0 0.959375 0.650417 0.072500 0.100833
0 0.071875 0.857083 0.067500 0.089167
0 0.720313 0.861250 0.069375 0.084167
0 0.629062 0.804583 0.069375 0.090833
0 0.220000 0.401250 0.066250 0.087500
0 0.950625 0.249167 0.062500 0.091667
0 0.202813 0.879583 0.074375 0.087500
0 0.137500 0.354167 0.066250 0.068333
0 0.953125 0.462500 0.061250 0.095000
0 0.367188 0.617917 0.064375 0.092500
0 0.175000 0.292500 0.077500 0.100000
0 0.949375 0.372917 0.080000 0.094167
0 0.128750 0.600833 0.055000 0.071667
0 0.874062 0.378750 0.063125 0.089167
0 0.248750 0.457917 0.068750 0.090833
0 0.175625 0.093333 0.062500 0.083333
0 0.805000 0.191250 0.087500 0.087500
0 0.405938 0.327083 0.069375 0.077500
0 0.445312 0.765833 0.080625 0.093333
0 0.704375 0.941250 0.072500 0.089167
0 0.277187 0.821250 0.070625 0.087500
0 0.580000 0.416667 0.070000 0.091667
0 0.779062 0.601250 0.061875 0.094167
4 0.887188 0.465833 0.070625 0.105000
0 0.857500 0.627083 0.071250 0.094167
0 0.960000 0.755833 0.078750 0.103333
0 0.105625 0.660833 0.066250 0.076667
0 0.344375 0.191250 0.066250 0.075833
0 0.372188 0.797917 0.069375 0.095833
4 0.759687 0.775417 0.070625 0.099167
0 0.793438 0.846250 0.060625 0.084167
0 0.511563 0.373333 0.059375 0.078333
0 0.719063 0.522083 0.065625 0.079167
0 0.785937 0.385417 0.078125 0.090833
0 0.114062 0.192917 0.066875 0.079167
0 0.640938 0.178750 0.059375 0.089167
0 0.392188 0.498750 0.073125 0.087500
0 0.652188 0.720417 0.064375 0.084167
4 0.124688 0.125833 0.073125 0.105000
0 0.563750 0.075417 0.062500 0.090833
0 0.833438 0.427500 0.068125 0.086667
0 0.619375 0.110833 0.075000 0.098333
0 0.567187 0.206250 0.069375 0.084167
0 0.652500 0.659167 0.052500 0.078333
0 0.570937 0.163333 0.068125 0.076667
0 0.968750 0.917500 0.056250 0.071667
