0 0.300000 0.522500 0.078750 0.100000
0 0.891875 0.113333 0.065000 0.106667
0 0.938750 0.772083 0.077500 0.107500
0 0.081875 0.077083 0.061250 0.100833
0 0.175000 0.647917 0.071250 0.090833
0 0.586875 0.142917 0.072500 0.100833
0 0.750313 0.396667 0.059375 0.111667
0 0.703750 0.132917 0.071250 0.094167
0 0.774062 0.749167 0.086875 0.098333
0 0.210938 0.309583 0.068125 0.089167
0 0.084062 0.630833 0.063125 0.085000
0 0.814063 0.333750 0.064375 0.085833
0 0.373750 0.145417 0.072500 0.092500
3 0.193125 0.395417 0.081250 0.107500
0 0.383750 0.248750 0.073750 0.085833
0 0.656875 0.517917 0.068750 0.099167
0 0.445937 0.835000 0.078125 0.101667
0 0.219062 0.723333 0.065625 0.085000
0 0.927188 0.549583 0.070625 0.079167
0 0.494063 0.773750 0.078125 0.092500
0 0.066875 0.790417 0.058750 0.132500
0 0.296563 0.416667 0.068125 0.088333
0 0.936875 0.156667 0.056250 0.091667
0 0.700937 0.876250 0.070625 0.074167
0 0.932813 0.264583 0.078125 0.105833
0 0.336250 0.357500 0.072500 0.091667
0 0.256563 0.782500 0.075625 0.086667
0 0.694063 0.801250 0.075625 0.087500
0 0.851875 0.212500 0.068750 0.095000
0 0.404375 0.350417 0.061250 0.095833
0 0.229687 0.868333 0.070625 0.100000
0 0.714688 0.518333 0.061875 0.115000
0 0.875938 0.479167 0.064375 0.105000
0 0.125938 0.596667 0.061875 0.098333
1 0.535937 0.435417 0.081875 0.112500
0 0.906875 0.306667 0.065000 0.078333
0 0.687500 0.425417 0.071250 0.105833
0 0.554688 0.499167 0.060625 0.080000
0 0.574375 0.906667 0.058750 0.125000
0 0.233125 0.191250 0.055000 0.120833
0 0.660625 0.389167 0.066250 0.103333
0 0.095312 0.355833 0.059375 0.126667
0 0.606875 0.361250 0.055000 0.124167
0 0.575937 0.530417 0.063125 0.110833
0 0.036875 0.469583 0.072500 0.092500
