0 0.251563 0.168750 0.064375 0.094167
0 0.387500 0.825833 0.077500 0.081667
0 0.128750 0.537083 0.068750 0.102500
0 0.284062 0.915417 0.065625 0.077500
0 0.055625 0.456667 0.071250 0.086667
0 0.760938 0.760833 0.068125 0.093333
0 0.749375 0.278750 0.058750 0.082500
0 0.052500 0.275833 0.063750 0.090000
0 0.293750 0.478750 0.070000 0.090833
0 0.891250 0.165417 0.062500 0.079167
0 0.803750 0.098750 0.063750 0.087500
0 0.452500 0.537500 0.068750 0.086667
0 0.287813 0.385000 0.070625 0.093333
0 0.843437 0.238750 0.078125 0.090833
0 0.620000 0.386667 0.068750 0.088333
0 0.238750 0.441667 0.062500 0.098333
0 0.438750 0.694167 0.072500 0.090000
0 0.621875 0.701250 0.077500 0.094167
0 0.229063 0.532083 0.061875 0.080833
0 0.955000 0.054167 0.075000 0.098333
0 0.463125 0.796667 0.067500 0.081667
0 0.524062 0.494583 0.058125 0.077500
0 0.936875 0.762083 0.065000 0.082500
0 0.124063 0.915000 0.070625 0.083333
0 0.731563 0.362500 0.058125 0.076667
0 0.778125 0.200417 0.067500 0.095833
0 0.175313 0.247083 0.063125 0.087500
0 0.938125 0.285417 0.065000 0.092500
0 0.930000 0.939167 0.066250 0.095000
0 0.723437 0.172083 0.071875 0.089167
0 0.818438 0.640417 0.068125 0.084167
0 0.798438 0.926250 0.075625 0.075833
0 0.620000 0.475833 0.072500 0.091667
0 0.715625 0.636250 0.063750 0.090833
0 0.314688 0.730000 0.048125 0.073333
0 0.449688 0.210417 0.064375 0.085833
0 0.728125 0.518750 0.068750 0.079167
0 0.128750 0.849167 0.068750 0.096667
0 0.581875 0.913750 0.062500 0.089167
0 0.361563 0.924583 0.071875 0.079167
0 0.208437 0.737500 0.063125 0.071667
0 0.237813 0.680833 0.068125 0.093333
0 0.034688 0.588333 0.058125 0.083333
0 0.480625 0.882083 0.062500 0.100833
0 0.410000 0.343333 0.070000 0.090000
0 0.186250 0.885833 0.066250 0.081667
0 0.188750 0.144167 0.071250 0.095000
0 0.625000 0.616667 0.072500 0.078333
0 0.828125 0.535833 0.066250 0.080000
0 0.765312 0.317083 0.064375 0.089167
0 0.049688 0.119167 0.053125 0.095000
0 0.760625 0.440833 0.056250 0.073333
0 0.706875 0.423750 0.062500 0.087500
0 0.405313 0.448750 0.079375 0.065833
0 0.130938 0.170417 0.080625 0.095833
0 0.106250 0.708750 0.073750 0.090833
0 0.173437 0.662083 0.053125 0.070833
0 0.881563 0.430417 0.085625 0.080833
0 0.923750 0.680417 0.065000 0.087500
0 0.476875 0.465000 0.053750 0.068333
0 0.306250 0.175000 0.052500 0.076667
0 0.355312 0.171250 0.058125 0.074167
0 0.244375 0.621250 0.066250 0.082500
0 0.126562 0.282500 0.048125 0.085000
0 0.858750 0.608750 0.072500 0.082500
0 0.857812 0.699167 0.059375 0.083333
0 0.916250 0.897500 0.066250 0.078333
0 0.872812 0.479167 0.055625 0.071667
1 0.486875 0.068333 0.067500 0.103333
0 0.620313 0.548750 0.054375 0.069167
0 0.585625 0.835000 0.053750 0.068333
0 0.528438 0.880417 0.076875 0.090833
0 0.530312 0.033333 0.054375 0.065000
0 0.403438 0.513750 0.054375 0.067500
0 0.316875 0.091250 0.060000 0.079167
0 0.344687 0.631667 0.050625 0.066667
1 0.449375 0.146667 0.093750 0.110000
0 0.880313 0.583750 0.053125 0.070833
0 0.417500 0.951667 0.058750 0.068333
0 0.762500 0.592500 0.058750 0.070000
0 0.569375 0.774167 0.071250 0.085000
3 0.606875 0.225417 0.092500 0.122500
0 0.545312 0.955417 0.050625 0.064167
0 0.582187 0.595000 0.050625 0.068333
0 0.281250 0.586250 0.052500 0.062500
0 0.149375 0.756250 0.046250 0.065833
0 0.762813 0.116250 0.055625 0.065833
0 0.662813 0.650833 0.045625 0.070000
0 0.963750 0.657500 0.066250 0.083333
0 0.584375 0.765833 0.063750 0.088333
0 0.099062 0.355417 0.048125 0.064167
0 0.203125 0.211667 0.061250 0.071667
0 0.050313 0.381250 0.049375 0.064167
0 0.110625 0.440000 0.045000 0.060000
0 0.085000 0.638333 0.053750 0.075000
0 0.675000 0.392083 0.061250 0.089167
0 0.083437 0.574167 0.048125 0.068333
0 0.790937 0.458333 0.046875 0.085000
0 0.022812 0.186667 0.044375 0.070000
0 0.432500 0.886667 0.052500 0.070000
0 0.379688 0.848750 0.050625 0.077500
0 0.166875 0.956667 0.053750 0.070000
