0 0.152812 0.202083 0.071875 0.094167
4 0.508125 0.497083 0.060000 0.079167
0 0.330000 0.320000 0.056250 0.078333
0 0.153125 0.072500 0.072500 0.098333
0 0.805000 0.718750 0.072500 0.089167
0 0.549375 0.178333 0.067500 0.091667
0 0.264688 0.922083 0.073125 0.085833
0 0.631875 0.918333 0.078750 0.090000
0 0.359687 0.653750 0.075625 0.087500
0 0.920937 0.223750 0.068125 0.079167
0 0.776563 0.340833 0.059375 0.076667
0 0.266562 0.230833 0.073125 0.081667
0 0.770625 0.120000 0.067500 0.085000
0 0.273125 0.082500 0.073750 0.086667
0 0.080625 0.331667 0.067500 0.085000
0 0.762188 0.529583 0.066875 0.087500
0 0.672188 0.362083 0.061875 0.082500
0 0.903750 0.589583 0.066250 0.084167
0 0.180000 0.877083 0.072500 0.100833
0 0.516250 0.612917 0.066250 0.092500
0 0.423125 0.572500 0.070000 0.083333
0 0.076250 0.052917 0.063750 0.082500
0 0.412500 0.123750 0.073750 0.085833
0 0.439063 0.707917 0.056875 0.074167
0 0.297187 0.859167 0.070625 0.081667
0 0.510312 0.793333 0.071875 0.090000
0 0.196250 0.505000 0.075000 0.086667
0 0.465313 0.639167 0.065625 0.085000
0 0.713125 0.467917 0.073750 0.097500
0 0.385313 0.741250 0.061875 0.085833
0 0.954063 0.307083 0.061875 0.085833
0 0.903125 0.350833 0.055000 0.068333
0 0.133437 0.419167 0.060625 0.076667
0 0.242188 0.660833 0.061875 0.083333
0 0.474687 0.851667 0.069375 0.088333
0 0.610625 0.847083 0.060000 0.080833
0 0.577187 0.604583 0.051875 0.079167
0 0.336875 0.120833 0.076250 0.090000
0 0.047813 0.103750 0.065625 0.077500
0 0.665000 0.144583 0.075000 0.089167
0 0.815312 0.219167 0.048125 0.068333
0 0.229687 0.422917 0.068125 0.099167
0 0.343438 0.552500 0.063125 0.081667
0 0.886875 0.046250 0.057500 0.080833
0 0.271562 0.334167 0.061875 0.075000
0 0.787813 0.877083 0.068125 0.092500
0 0.662188 0.240833 0.058125 0.070000
0 0.872188 0.685417 0.066875 0.082500
0 0.709688 0.080833 0.054375 0.078333
0 0.627812 0.147500 0.065625 0.071667
0 0.758125 0.195417 0.068750 0.074167
0 0.443750 0.067083 0.063750 0.082500
0 0.188438 0.604167 0.056875 0.071667
0 0.608750 0.200000 0.065000 0.086667
0 0.714063 0.244583 0.054375 0.075833
0 0.655000 0.057500 0.051250 0.070000
0 0.122500 0.491250 0.071250 0.077500
0 0.735625 0.391250 0.047500 0.067500
0 0.286875 0.195833 0.063750 0.078333
0 0.950313 0.444167 0.063125 0.083333
0 0.747188 0.952500 0.056875 0.071667
0 0.888125 0.275417 0.057500 0.072500
0 0.068437 0.541667 0.061875 0.071667
0 0.334062 0.467083 0.056875 0.072500
0 0.559375 0.283750 0.071250 0.072500
3 0.194688 0.391667 0.066875 0.065000
0 0.823438 0.576667 0.058125 0.088333
0 0.564688 0.394583 0.056875 0.077500
3 0.168750 0.785417 0.091250 0.105833
0 0.445312 0.913750 0.048125 0.070833
0 0.618437 0.500417 0.064375 0.075833
0 0.123125 0.550417 0.062500 0.065833
0 0.645312 0.279583 0.064375 0.087500
0 0.776563 0.043750 0.055625 0.070833
0 0.885625 0.139583 0.066250 0.084167
0 0.298750 0.648333 0.051250 0.071667
0 0.546875 0.303333 0.060000 0.085000
0 0.853437 0.463750 0.055625 0.074167
0 0.824688 0.852083 0.055625 0.075833
0 0.093438 0.719583 0.053125 0.067500
0 0.848750 0.525833 0.060000 0.073333
0 0.648125 0.435417 0.052500 0.080833
0 0.047500 0.649583 0.046250 0.067500
0 0.654375 0.587083 0.057500 0.062500
0 0.412813 0.470000 0.058125 0.086667
0 0.433437 0.793333 0.059375 0.071667
0 0.888125 0.947917 0.060000 0.067500
0 0.852500 0.903750 0.053750 0.065833
0 0.606875 0.595833 0.052500 0.066667
0 0.189688 0.469167 0.059375 0.070000
0 0.630938 0.404167 0.058125 0.080000
0 0.600625 0.442917 0.065000 0.074167
1 0.372500 0.441667 0.060000 0.098333
0 0.306563 0.513750 0.066875 0.075833
0 0.316563 0.545833 0.055625 0.075000
0 0.441250 0.497917 0.050000 0.062500
0 0.042500 0.238750 0.048750 0.074167
0 0.500000 0.951667 0.053750 0.056667
0 0.792500 0.615000 0.070000 0.085000
0 0.589375 0.344583 0.053750 0.059167
0 0.247188 0.289167 0.051875 0.068333
0 0.847187 0.613750 0.045625 0.072500
