0 0.575937 0.178333 0.066875 0.091667
0 0.773125 0.659583 0.081250 0.095833
0 0.097187 0.847500 0.071875 0.085000
0 0.420312 0.498333 0.088125 0.098333
0 0.202187 0.872083 0.085625 0.100833
0 0.117188 0.557500 0.076875 0.091667
0 0.953750 0.431667 0.077500 0.103333
0 0.418750 0.376667 0.068750 0.090000
0 0.550000 0.292083 0.076250 0.095833
0 0.489063 0.844167 0.079375 0.108333
0 0.349687 0.917500 0.080625 0.098333
0 0.179063 0.689583 0.073125 0.102500
0 0.289062 0.811667 0.088125 0.106667
0 0.412813 0.675000 0.078125 0.098333
0 0.063125 0.052083 0.071250 0.090833
0 0.952812 0.545000 0.070625 0.093333
0 0.757812 0.830000 0.078125 0.090000
0 0.327188 0.323333 0.078125 0.108333
0 0.448437 0.940417 0.073125 0.094167
0 0.216875 0.171250 0.068750 0.090833
0 0.900625 0.145000 0.083750 0.105000
0 0.630313 0.902083 0.080625 0.110833
0 0.687813 0.134583 0.081875 0.104167
0 0.782813 0.322500 0.071875 0.088333
0 0.108438 0.752083 0.081875 0.107500
0 0.449062 0.287917 0.080625 0.104167
0 0.946250 0.648750 0.078750 0.102500
0 0.154688 0.950833 0.071875 0.096667
0 0.393125 0.587917 0.076250 0.085833
0 0.396562 0.243750 0.080625 0.092500
0 0.320000 0.608750 0.072500 0.095833
0 0.143750 0.282917 0.073750 0.090833
0 0.135000 0.443750 0.073750 0.102500
0 0.163750 0.542083 0.075000 0.100833
0 0.780000 0.231667 0.083750 0.101667
0 0.688750 0.470417 0.083750 0.099167
0 0.515625 0.455000 0.060000 0.106667
3 0.655000 0.294167 0.098750 0.125000
0 0.872812 0.234167 0.071875 0.095000
