0 0.340313 0.580000 0.068125 0.083333
0 0.757188 0.281250 0.073125 0.102500
0 0.599063 0.162917 0.061875 0.085833
0 0.249688 0.117083 0.063125 0.080833
0 0.147187 0.433750 0.071875 0.092500
0 0.158750 0.135833 0.072500 0.091667
0 0.272188 0.545000 0.065625 0.086667
0 0.207813 0.868750 0.059375 0.084167
0 0.947187 0.555000 0.064375 0.085000
0 0.603437 0.912083 0.064375 0.084167
0 0.700937 0.503750 0.065625 0.087500
3 0.396875 0.931667 0.072500 0.105000
0 0.657813 0.546250 0.058125 0.074167
0 0.342187 0.208750 0.060625 0.077500
0 0.231563 0.740000 0.060625 0.085000
0 0.061250 0.140417 0.068750 0.075833
0 0.135000 0.935833 0.065000 0.086667
0 0.068750 0.269583 0.053750 0.080833
0 0.055000 0.916667 0.070000 0.085000
0 0.943750 0.807917 0.060000 0.080833
0 0.438750 0.699167 0.061250 0.078333
0 0.272188 0.861250 0.061875 0.080833
3 0.544063 0.196250 0.076875 0.099167
0 0.777813 0.662083 0.068125 0.084167
0 0.889375 0.495000 0.070000 0.086667
0 0.158438 0.319167 0.061875 0.091667
0 0.555312 0.619167 0.048125 0.071667
0 0.596875 0.680417 0.061250 0.082500
0 0.966875 0.202500 0.058750 0.078333
0 0.573750 0.545417 0.062500 0.074167
0 0.878750 0.726250 0.058750 0.079167
0 0.704063 0.051250 0.064375 0.070833
0 0.343438 0.836667 0.060625 0.116667
0 0.589375 0.395833 0.066250 0.090000
0 0.205625 0.285000 0.058750 0.078333
0 0.933438 0.730000 0.064375 0.090000
0 0.328437 0.661667 0.064375 0.075000
0 0.668750 0.657917 0.061250 0.085833
0 0.422500 0.252917 0.068750 0.089167
0 0.251875 0.365833 0.061250 0.068333
0 0.132812 0.697083 0.061875 0.094167
0 0.268125 0.457917 0.060000 0.072500
0 0.803438 0.067500 0.055625 0.091667
0 0.470313 0.420000 0.056875 0.070000
0 0.445312 0.760833 0.055625 0.070000
0 0.080937 0.221667 0.065625 0.090000
0 0.542188 0.390000 0.065625 0.090000
0 0.843750 0.558333 0.060000 0.076667
0 0.622188 0.594583 0.066875 0.085833
0 0.749062 0.953750 0.066875 0.072500
0 0.520000 0.343750 0.065000 0.089167
0 0.196563 0.360833 0.060625 0.068333
0 0.889062 0.838750 0.068125 0.084167
1 0.879375 0.261667 0.067500 0.095000
0 0.916875 0.118750 0.058750 0.080833
0 0.518437 0.073333 0.048125 0.088333
0 0.620938 0.424167 0.054375 0.070000
0 0.062500 0.458750 0.057500 0.097500
0 0.310625 0.431667 0.053750 0.076667
0 0.657813 0.305417 0.061875 0.069167
0 0.236563 0.664583 0.053125 0.070833
0 0.190625 0.705833 0.057500 0.083333
0 0.888125 0.322083 0.055000 0.080833
0 0.496875 0.792917 0.052500 0.069167
0 0.861563 0.933333 0.078125 0.060000
0 0.519687 0.733333 0.056875 0.071667
0 0.088750 0.070417 0.053750 0.065833
0 0.367188 0.140000 0.050625 0.068333
0 0.535937 0.847917 0.071875 0.074167
0 0.553438 0.703333 0.068125 0.073333
0 0.374375 0.074583 0.060000 0.077500
0 0.145937 0.051250 0.058125 0.080833
0 0.214375 0.040417 0.062500 0.077500
0 0.100000 0.497500 0.052500 0.073333
0 0.150000 0.839583 0.050000 0.074167
0 0.702500 0.685833 0.050000 0.073333
0 0.386562 0.428333 0.060625 0.061667
0 0.194062 0.631667 0.060625 0.070000
0 0.510625 0.955000 0.072500 0.090000
0 0.847812 0.789583 0.061875 0.065833
0 0.878437 0.808333 0.063125 0.096667
0 0.824375 0.622917 0.052500 0.062500
0 0.682187 0.427083 0.058125 0.084167
0 0.660625 0.389583 0.043750 0.077500
0 0.495937 0.165833 0.056875 0.073333
0 0.391562 0.227917 0.046875 0.085833
0 0.479687 0.238333 0.061875 0.068333
0 0.520312 0.306250 0.059375 0.089167
0 0.470625 0.302083 0.072500 0.059167
0 0.901250 0.288333 0.055000 0.075000
0 0.840000 0.302917 0.046250 0.079167
0 0.818438 0.254167 0.048125 0.075000
0 0.912500 0.406250 0.048750 0.080833
0 0.936250 0.476667 0.060000 0.068333
0 0.881250 0.437083 0.052500 0.082500
0 0.963125 0.667500 0.050000 0.070000
0 0.874375 0.647500 0.047500 0.073333
0 0.890000 0.614167 0.051250 0.070000
0 0.606250 0.762500 0.046250 0.070000
0 0.642188 0.717500 0.061875 0.076667
0 0.027813 0.542083 0.046875 0.055833
0 0.045625 0.657500 0.046250 0.093333
0 0.091875 0.706667 0.033750 0.098333
0 0.350000 0.025833 0.052500 0.048333
