0 0.905937 0.630000 0.071875 0.095000
0 0.641250 0.685417 0.078750 0.102500
0 0.351875 0.340417 0.075000 0.095833
0 0.331562 0.237500 0.073125 0.095000
0 0.788125 0.267500 0.077500 0.101667
0 0.629375 0.806667 0.077500 0.093333
0 0.719688 0.832500 0.068125 0.086667
0 0.230000 0.747500 0.073750 0.096667
0 0.107813 0.075833 0.081875 0.090000
0 0.044375 0.222083 0.088750 0.104167
0 0.233437 0.849167 0.078125 0.091667
0 0.740938 0.063333 0.069375 0.096667
0 0.921562 0.167083 0.074375 0.082500
0 0.627188 0.380417 0.075625 0.080833
0 0.092188 0.405417 0.073125 0.104167
0 0.208750 0.482500 0.076250 0.123333
0 0.195000 0.294167 0.078750 0.088333
0 0.109375 0.467500 0.070000 0.101667
0 0.595000 0.781667 0.076250 0.090000
0 0.182812 0.092917 0.068125 0.097500
0 0.500000 0.881250 0.066250 0.097500
0 0.329688 0.839167 0.075625 0.103333
0 0.079062 0.144583 0.075625 0.099167
0 0.816875 0.799583 0.076250 0.089167
0 0.500938 0.777500 0.070625 0.091667
0 0.444688 0.121250 0.078125 0.107500
0 0.532500 0.664167 0.076250 0.103333
0 0.854062 0.214167 0.079375 0.100000
0 0.621875 0.159167 0.082500 0.096667
0 0.434688 0.866667 0.068125 0.100000
0 0.075000 0.672083 0.081250 0.097500
0 0.436250 0.217083 0.072500 0.087500
0 0.922188 0.752500 0.073125 0.096667
0 0.511250 0.537083 0.071250 0.084167
0 0.875625 0.117083 0.073750 0.092500
0 0.195312 0.880833 0.076875 0.093333
0 0.251563 0.054167 0.086875 0.081667
0 0.091250 0.915417 0.067500 0.095833
0 0.270000 0.688333 0.076250 0.093333
0 0.495937 0.065000 0.065625 0.088333
0 0.371250 0.102917 0.065000 0.102500
0 0.801250 0.709167 0.078750 0.091667
0 0.129688 0.845833 0.074375 0.100000
0 0.832500 0.629583 0.075000 0.094167
0 0.154688 0.224167 0.060625 0.093333
0 0.669375 0.370000 0.068750 0.100000
0 0.373125 0.751250 0.072500 0.075833
0 0.802500 0.643750 0.072500 0.109167
0 0.038125 0.344583 0.076250 0.097500
0 0.735938 0.611250 0.068125 0.092500
0 0.312812 0.799167 0.078125 0.103333
2 0.324688 0.688333 0.085625 0.121667
0 0.737187 0.746250 0.064375 0.090833
0 0.408438 0.952917 0.073125 0.094167
0 0.203125 0.136667 0.085000 0.103333
0 0.848437 0.914583 0.075625 0.100833
0 0.738125 0.570417 0.065000 0.089167
0 0.868125 0.926667 0.073750 0.091667
