0 0.048438 0.446250 0.074375 0.104167
0 0.260937 0.792500 0.075625 0.086667
0 0.141875 0.593750 0.076250 0.104167
0 0.245625 0.631250 0.077500 0.092500
0 0.716875 0.802917 0.076250 0.114167
0 0.264375 0.705417 0.080000 0.090833
0 0.960313 0.871667 0.071875 0.103333
0 0.915312 0.699167 0.079375 0.098333
0 0.163750 0.896250 0.067500 0.115833
0 0.623750 0.057917 0.072500 0.090833
0 0.100625 0.779167 0.086250 0.093333
0 0.232187 0.442083 0.085625 0.094167
0 0.201250 0.351250 0.078750 0.115833
0 0.194062 0.685000 0.075625 0.106667
0 0.050313 0.915417 0.066875 0.099167
0 0.751563 0.644167 0.070625 0.095000
0 0.337813 0.497500 0.075625 0.106667
0 0.677813 0.359167 0.068125 0.091667
0 0.957812 0.491250 0.069375 0.104167
0 0.754687 0.942917 0.074375 0.099167
0 0.795312 0.426250 0.083125 0.120833
0 0.911250 0.393750 0.082500 0.115833
6 0.677188 0.214167 0.066875 0.085000
0 0.892188 0.928333 0.086875 0.106667
0 0.751250 0.223333 0.082500 0.078333
0 0.258750 0.331667 0.067500 0.108333
0 0.298750 0.388333 0.072500 0.100000
0 0.249062 0.524167 0.084375 0.091667
0 0.847812 0.637083 0.088125 0.084167
0 0.758750 0.725000 0.088750 0.086667
0 0.102500 0.901667 0.053750 0.103333
0 0.855625 0.750000 0.076250 0.086667
0 0.220000 0.873750 0.065000 0.115833
0 0.627500 0.280417 0.073750 0.124167
0 0.875313 0.464167 0.081875 0.120000
0 0.947812 0.783333 0.093125 0.085000
0 0.961250 0.605000 0.077500 0.103333
0 0.394688 0.942083 0.073125 0.110833
