0 0.292187 0.732083 0.071875 0.094167
0 0.117500 0.444167 0.062500 0.085000
0 0.277813 0.853333 0.068125 0.076667
0 0.902813 0.095833 0.064375 0.083333
0 0.414687 0.488750 0.078125 0.099167
0 0.387188 0.652083 0.065625 0.082500
0 0.796250 0.744167 0.063750 0.081667
0 0.329688 0.279167 0.059375 0.080000
0 0.338750 0.504167 0.058750 0.083333
0 0.476562 0.172917 0.063125 0.077500
0 0.073125 0.924167 0.076250 0.096667
0 0.558438 0.205417 0.078125 0.095833
0 0.454688 0.707500 0.068125 0.090000
0 0.258750 0.577917 0.083750 0.099167
0 0.330000 0.595833 0.063750 0.088333
0 0.467813 0.362500 0.080625 0.110000
0 0.077813 0.787500 0.064375 0.088333
0 0.128125 0.601250 0.076250 0.090833
0 0.910625 0.609583 0.063750 0.087500
0 0.959063 0.297083 0.061875 0.084167
0 0.598750 0.130833 0.073750 0.088333
0 0.797188 0.458333 0.081875 0.096667
0 0.594688 0.943750 0.079375 0.099167
0 0.280313 0.307083 0.059375 0.085833
0 0.899687 0.299167 0.075625 0.100000
0 0.423750 0.787500 0.073750 0.101667
0 0.655312 0.328333 0.064375 0.090000
0 0.355312 0.187917 0.065625 0.097500
0 0.777813 0.232917 0.055625 0.077500
0 0.712187 0.381667 0.076875 0.103333
0 0.419687 0.219583 0.076875 0.094167
0 0.194688 0.162917 0.069375 0.080833
0 0.587500 0.853750 0.076250 0.089167
0 0.743750 0.170417 0.068750 0.085833
0 0.826562 0.120833 0.073125 0.088333
0 0.654062 0.097500 0.064375 0.080000
0 0.483438 0.881667 0.071875 0.088333
0 0.659687 0.456250 0.076875 0.124167
0 0.780000 0.106250 0.073750 0.104167
0 0.675312 0.228333 0.066875 0.096667
0 0.277813 0.512083 0.066875 0.094167
0 0.695000 0.240000 0.072500 0.076667
0 0.945937 0.391667 0.078125 0.101667
0 0.882188 0.382917 0.064375 0.082500
0 0.390937 0.920417 0.070625 0.094167
0 0.194688 0.649583 0.085625 0.102500
0 0.836250 0.294583 0.073750 0.095833
0 0.396562 0.063750 0.070625 0.089167
0 0.367812 0.821667 0.076875 0.093333
0 0.169375 0.506667 0.062500 0.076667
0 0.231875 0.903750 0.068750 0.077500
0 0.916250 0.690000 0.065000 0.081667
0 0.710000 0.689167 0.063750 0.095000
0 0.690000 0.123750 0.066250 0.105833
0 0.063125 0.486667 0.071250 0.083333
0 0.180000 0.424583 0.070000 0.087500
0 0.037187 0.710833 0.068125 0.100000
0 0.309688 0.433750 0.053125 0.075833
1 0.658125 0.808750 0.073750 0.092500
0 0.769687 0.058333 0.071875 0.098333
0 0.758437 0.547917 0.066875 0.092500
1 0.859062 0.925000 0.074375 0.118333
0 0.498437 0.791667 0.065625 0.105000
0 0.958438 0.834583 0.064375 0.082500
0 0.654687 0.725417 0.063125 0.077500
0 0.327500 0.090000 0.072500 0.105000
0 0.115312 0.300000 0.079375 0.080000
0 0.036562 0.446667 0.073125 0.095000
0 0.211562 0.284167 0.071875 0.103333
0 0.190938 0.572083 0.063125 0.092500
0 0.423750 0.084167 0.072500 0.098333
0 0.913438 0.461250 0.068125 0.090833
0 0.238125 0.099583 0.063750 0.072500
0 0.257812 0.182083 0.066875 0.095833
0 0.419375 0.939167 0.072500 0.096667
0 0.915000 0.512500 0.063750 0.080000
0 0.905000 0.763333 0.075000 0.103333
0 0.960625 0.722083 0.065000 0.070833
5 0.594063 0.687917 0.070625 0.089167
0 0.865313 0.427500 0.069375 0.073333
0 0.315312 0.103333 0.071875 0.100000
1 0.065625 0.605417 0.082500 0.137500
1 0.093750 0.095417 0.091250 0.090833
1 0.532813 0.684583 0.081875 0.110833
0 0.789375 0.512083 0.081250 0.090833
1 0.192500 0.359167 0.082500 0.098333
0 0.720625 0.608750 0.056250 0.090833
0 0.535312 0.822917 0.065625 0.084167
0 0.211250 0.409583 0.066250 0.089167
0 0.262813 0.357917 0.063125 0.092500
0 0.262188 0.392083 0.066875 0.085833
0 0.251250 0.212083 0.061250 0.092500
0 0.661875 0.674167 0.058750 0.078333
0 0.625313 0.806250 0.068125 0.090833
0 0.155000 0.297083 0.058750 0.069167
