0 0.779687 0.685417 0.080625 0.094167
0 0.360938 0.606667 0.068125 0.095000
0 0.574375 0.820833 0.068750 0.098333
0 0.892813 0.067083 0.066875 0.084167
0 0.060625 0.871250 0.080000 0.109167
0 0.747812 0.834583 0.079375 0.092500
0 0.483438 0.895000 0.075625 0.095000
0 0.470625 0.246667 0.072500 0.090000
0 0.567813 0.492917 0.075625 0.097500
0 0.764062 0.917500 0.060625 0.085000
0 0.245312 0.675417 0.066875 0.104167
0 0.654687 0.662083 0.066875 0.085833
0 0.366563 0.336667 0.079375 0.095000
0 0.543750 0.067500 0.075000 0.091667
0 0.551875 0.152500 0.075000 0.086667
0 0.191562 0.374583 0.074375 0.099167
0 0.580937 0.700417 0.070625 0.092500
0 0.295000 0.912917 0.073750 0.109167
0 0.468750 0.670000 0.072500 0.101667
0 0.353125 0.089167 0.076250 0.085000
0 0.926562 0.299167 0.066875 0.090000
0 0.076563 0.600417 0.059375 0.075833
0 0.340938 0.432083 0.064375 0.084167
0 0.659687 0.221667 0.070625 0.105000
0 0.165313 0.697500 0.071875 0.083333
0 0.809375 0.355000 0.070000 0.105000
0 0.134063 0.629167 0.070625 0.085000
0 0.662500 0.105833 0.073750 0.090000
0 0.729062 0.264583 0.069375 0.110833
0 0.503750 0.315833 0.070000 0.075000
0 0.231563 0.093333 0.066875 0.098333
0 0.813438 0.900833 0.073125 0.106667
0 0.044687 0.376667 0.078125 0.066667
0 0.723750 0.962083 0.060000 0.075833
0 0.764375 0.234583 0.078750 0.092500
2 0.881875 0.878333 0.088750 0.103333
0 0.396562 0.432917 0.066875 0.080833
0 0.151875 0.179167 0.085000 0.083333
0 0.788750 0.170417 0.071250 0.102500
0 0.139687 0.085833 0.069375 0.096667
0 0.864688 0.807500 0.086875 0.073333
0 0.715313 0.047500 0.064375 0.093333
0 0.126250 0.300000 0.095000 0.075000
0 0.171250 0.092500 0.062500 0.098333
0 0.071875 0.959167 0.071250 0.068333
0 0.521875 0.360417 0.075000 0.077500
