0 0.114062 0.474167 0.071875 0.088333
0 0.810312 0.744583 0.059375 0.079167
0 0.180000 0.787500 0.061250 0.083333
0 0.409687 0.240417 0.059375 0.077500
4 0.708750 0.876667 0.072500 0.105000
0 0.948750 0.688333 0.065000 0.088333
0 0.704688 0.726250 0.065625 0.082500
0 0.112812 0.889583 0.075625 0.099167
0 0.090313 0.661250 0.056875 0.084167
0 0.772500 0.564583 0.065000 0.087500
0 0.050313 0.503333 0.061875 0.086667
0 0.920937 0.560833 0.051875 0.083333
0 0.631563 0.845000 0.070625 0.093333
0 0.837500 0.672500 0.061250 0.083333
4 0.237813 0.554583 0.074375 0.109167
0 0.448125 0.610000 0.070000 0.093333
0 0.827812 0.263750 0.071875 0.084167
0 0.128750 0.359167 0.062500 0.086667
0 0.235000 0.950000 0.062500 0.075000
0 0.823438 0.931667 0.060625 0.083333
0 0.034688 0.823750 0.055625 0.080833
0 0.587500 0.352917 0.062500 0.099167
0 0.713437 0.201667 0.064375 0.093333
0 0.188750 0.478333 0.060000 0.088333
0 0.831875 0.368333 0.067500 0.088333
0 0.773438 0.841250 0.060625 0.084167
0 0.858750 0.552083 0.066250 0.074167
0 0.649062 0.382083 0.068125 0.094167
0 0.947500 0.232917 0.072500 0.085833
0 0.882812 0.156250 0.069375 0.085833
0 0.586875 0.152917 0.070000 0.082500
4 0.522500 0.363750 0.071250 0.112500
0 0.348125 0.845417 0.065000 0.090833
0 0.264375 0.255000 0.073750 0.090000
0 0.775312 0.299583 0.058125 0.085833
0 0.236250 0.097083 0.065000 0.077500
0 0.920000 0.902083 0.071250 0.094167
0 0.700625 0.564167 0.056250 0.078333
0 0.663125 0.605000 0.065000 0.085000
0 0.380000 0.062917 0.061250 0.092500
0 0.092813 0.283750 0.065625 0.084167
0 0.869687 0.057917 0.060625 0.092500
0 0.274062 0.465833 0.065625 0.083333
0 0.551562 0.078333 0.061875 0.095000
0 0.409062 0.860833 0.054375 0.090000
0 0.041250 0.052083 0.068750 0.092500
0 0.311563 0.769583 0.069375 0.090833
0 0.207187 0.338333 0.068125 0.083333
0 0.291250 0.805000 0.061250 0.075000
0 0.227187 0.275000 0.064375 0.085000
0 0.336875 0.064167 0.065000 0.091667
4 0.330000 0.183333 0.078750 0.110000
0 0.362500 0.317500 0.076250 0.123333
0 0.294063 0.168333 0.074375 0.140000
0 0.839688 0.073750 0.060625 0.090833
0 0.027813 0.651667 0.054375 0.085000
0 0.364063 0.955000 0.061875 0.086667
0 0.956562 0.041250 0.065625 0.082500
0 0.411562 0.311250 0.080625 0.105833
