0 0.933750 0.457500 0.062500 0.093333
0 0.361250 0.290417 0.075000 0.089167
0 0.922813 0.857917 0.064375 0.087500
0 0.898750 0.361250 0.062500 0.087500
0 0.543438 0.077500 0.064375 0.086667
0 0.075313 0.893333 0.076875 0.096667
0 0.379688 0.805417 0.063125 0.089167
0 0.631563 0.438750 0.063125 0.084167
0 0.456250 0.741667 0.067500 0.083333
0 0.310312 0.347917 0.070625 0.092500
0 0.259688 0.417083 0.061875 0.094167
0 0.739688 0.832500 0.061875 0.086667
0 0.077813 0.540833 0.065625 0.080000
0 0.717812 0.717083 0.070625 0.085833
0 0.666875 0.511250 0.062500 0.087500
0 0.490312 0.897500 0.070625 0.091667
0 0.758125 0.935000 0.070000 0.076667
0 0.835938 0.352917 0.068125 0.095833
0 0.133125 0.251250 0.063750 0.094167
0 0.672188 0.319583 0.061875 0.080833
0 0.678750 0.798750 0.067500 0.087500
0 0.951875 0.602500 0.060000 0.081667
0 0.400000 0.578750 0.062500 0.090833
0 0.228750 0.215833 0.067500 0.098333
0 0.066250 0.407500 0.065000 0.083333
0 0.615625 0.932083 0.063750 0.094167
0 0.530312 0.320000 0.070625 0.088333
0 0.732812 0.468750 0.068125 0.087500
0 0.107813 0.052083 0.065625 0.092500
0 0.703750 0.602500 0.060000 0.101667
0 0.373437 0.410417 0.061875 0.102500
0 0.341250 0.714583 0.076250 0.084167
0 0.582187 0.233750 0.064375 0.082500
0 0.592500 0.696667 0.066250 0.093333
0 0.226250 0.735000 0.062500 0.086667
0 0.146563 0.416250 0.066875 0.094167
0 0.795000 0.440417 0.061250 0.087500
0 0.280625 0.592500 0.073750 0.083333
0 0.637188 0.091667 0.071875 0.090000
0 0.111875 0.645833 0.062500 0.083333
0 0.583125 0.580833 0.068750 0.096667
0 0.860313 0.436250 0.061875 0.087500
0 0.330313 0.434583 0.061875 0.067500
0 0.266250 0.777500 0.061250 0.085000
0 0.354375 0.887083 0.070000 0.082500
0 0.048125 0.640417 0.057500 0.085833
0 0.424687 0.838333 0.060625 0.093333
0 0.746563 0.576250 0.061875 0.095833
0 0.160000 0.118333 0.062500 0.090000
0 0.438437 0.670000 0.056875 0.075000
0 0.800000 0.068333 0.051250 0.075000
0 0.764062 0.382917 0.064375 0.089167
0 0.502500 0.415417 0.063750 0.094167
0 0.961562 0.276667 0.068125 0.095000
0 0.359375 0.104167 0.062500 0.085000
0 0.800937 0.531667 0.055625 0.068333
0 0.195937 0.404583 0.054375 0.104167
0 0.152188 0.880833 0.061875 0.073333
0 0.847812 0.104167 0.065625 0.101667
0 0.702187 0.935833 0.063125 0.108333
0 0.560937 0.527083 0.061875 0.077500
0 0.180000 0.618750 0.063750 0.097500
4 0.511875 0.665000 0.061250 0.093333
4 0.546562 0.430833 0.071875 0.091667
0 0.611875 0.037083 0.061250 0.067500
