0 0.513125 0.870000 0.070000 0.086667
0 0.932813 0.659167 0.066875 0.086667
0 0.420625 0.098333 0.073750 0.095000
0 0.397188 0.607500 0.060625 0.086667
0 0.141875 0.632500 0.060000 0.095000
0 0.163750 0.178750 0.072500 0.089167
0 0.255000 0.197083 0.063750 0.075833
0 0.768437 0.287917 0.058125 0.077500
0 0.213438 0.673750 0.064375 0.082500
0 0.222188 0.873333 0.068125 0.093333
0 0.839063 0.514583 0.060625 0.099167
4 0.279687 0.808333 0.071875 0.115000
0 0.076563 0.568333 0.068125 0.085000
0 0.910937 0.314167 0.083125 0.105000
0 0.725313 0.216667 0.061875 0.075000
0 0.505313 0.485833 0.059375 0.080000
0 0.066562 0.324583 0.071875 0.084167
0 0.823750 0.909583 0.066250 0.097500
0 0.076563 0.155417 0.068125 0.085833
0 0.534375 0.117500 0.062500 0.088333
0 0.315937 0.524583 0.070625 0.107500
0 0.528125 0.686250 0.058750 0.094167
0 0.755625 0.060417 0.063750 0.092500
0 0.320937 0.367917 0.059375 0.084167
0 0.696250 0.743333 0.057500 0.086667
0 0.349062 0.282500 0.055625 0.101667
0 0.743437 0.391250 0.059375 0.112500
0 0.917813 0.138333 0.068125 0.080000
0 0.482500 0.283333 0.066250 0.095000
0 0.897188 0.426250 0.058125 0.079167
0 0.248125 0.277917 0.065000 0.090833
0 0.591562 0.074583 0.068125 0.100833
0 0.249375 0.052917 0.055000 0.092500
0 0.184688 0.279167 0.056875 0.096667
0 0.255312 0.627500 0.068125 0.093333
0 0.745313 0.634583 0.059375 0.107500
0 0.420938 0.179583 0.060625 0.087500
0 0.370000 0.827917 0.070000 0.097500
0 0.085312 0.238750 0.070625 0.100833
0 0.525312 0.394167 0.056875 0.108333
0 0.814375 0.415833 0.075000 0.088333
0 0.274062 0.324167 0.063125 0.093333
0 0.907813 0.947500 0.064375 0.103333
0 0.132500 0.860417 0.060000 0.114167
0 0.964063 0.439583 0.061875 0.092500
0 0.819688 0.369583 0.063125 0.082500
0 0.931562 0.470000 0.064375 0.086667
4 0.420625 0.864583 0.071250 0.117500
0 0.798125 0.587083 0.067500 0.090833
0 0.094687 0.049167 0.071875 0.098333
