0 0.320937 0.137917 0.064375 0.087500
0 0.524375 0.224583 0.065000 0.080833
0 0.660937 0.232083 0.065625 0.104167
0 0.240000 0.900833 0.057500 0.098333
0 0.935937 0.551667 0.068125 0.085000
0 0.663438 0.867917 0.078125 0.102500
0 0.154062 0.332917 0.069375 0.095833
0 0.514062 0.871667 0.069375 0.081667
0 0.362812 0.268333 0.075625 0.091667
0 0.583438 0.316250 0.069375 0.099167
0 0.194062 0.173750 0.066875 0.095833
0 0.374375 0.188333 0.070000 0.081667
0 0.724375 0.800833 0.070000 0.095000
0 0.079375 0.521250 0.068750 0.100833
0 0.291250 0.685833 0.073750 0.080000
0 0.577500 0.528333 0.068750 0.096667
0 0.785312 0.437917 0.070625 0.089167
0 0.339062 0.428750 0.061875 0.097500
0 0.798125 0.764583 0.066250 0.089167
0 0.869062 0.510417 0.066875 0.087500
0 0.715625 0.304583 0.066250 0.077500
0 0.447500 0.852917 0.068750 0.097500
0 0.766563 0.088750 0.066875 0.092500
0 0.329375 0.622917 0.065000 0.089167
0 0.478125 0.340000 0.067500 0.110000
0 0.945312 0.750833 0.076875 0.098333
0 0.174063 0.751667 0.073125 0.083333
0 0.581875 0.139583 0.075000 0.102500
0 0.791875 0.597917 0.067500 0.090833
0 0.554375 0.675417 0.060000 0.114167
0 0.129375 0.157500 0.068750 0.111667
0 0.171563 0.830833 0.083125 0.101667
0 0.203125 0.450000 0.075000 0.105000
0 0.671562 0.402500 0.080625 0.095000
0 0.884062 0.862083 0.060625 0.114167
0 0.083750 0.828750 0.077500 0.079167
0 0.320000 0.901667 0.080000 0.090000
0 0.705000 0.147917 0.065000 0.095833
0 0.695312 0.524167 0.069375 0.111667
0 0.937500 0.426250 0.075000 0.079167
0 0.703750 0.944583 0.067500 0.095833
0 0.835625 0.828333 0.061250 0.110000
0 0.727187 0.636250 0.079375 0.069167
0 0.503437 0.092500 0.053125 0.105000
0 0.712187 0.375417 0.073125 0.072500
0 0.596250 0.649167 0.063750 0.118333
0 0.379375 0.544583 0.067500 0.100833
0 0.279687 0.448333 0.053125 0.081667
0 0.442812 0.096250 0.060625 0.112500
0 0.243750 0.495417 0.075000 0.104167
0 0.754375 0.693750 0.072500 0.104167
0 0.415000 0.770000 0.067500 0.101667
0 0.473125 0.798750 0.068750 0.089167
0 0.448437 0.550833 0.083125 0.100000
0 0.321250 0.523333 0.072500 0.105000
0 0.648125 0.134167 0.060000 0.083333
0 0.449688 0.272917 0.070625 0.104167
0 0.075313 0.338333 0.066875 0.108333
0 0.662188 0.056250 0.079375 0.080833
0 0.569375 0.421250 0.080000 0.107500
0 0.145000 0.099167 0.066250 0.110000
0 0.831250 0.111667 0.061250 0.118333
0 0.324688 0.044583 0.068125 0.089167
0 0.868750 0.317500 0.068750 0.093333
0 0.405000 0.059583 0.048750 0.095833
0 0.949375 0.884583 0.058750 0.105833
0 0.801875 0.525000 0.070000 0.090000
0 0.924375 0.910417 0.062500 0.112500
0 0.185938 0.269583 0.079375 0.100833
0 0.731563 0.480417 0.065625 0.102500
0 0.752188 0.266250 0.071875 0.090833
0 0.636875 0.556250 0.061250 0.117500
0 0.892500 0.126250 0.075000 0.100833
0 0.352187 0.793333 0.070625 0.108333
0 0.831562 0.322917 0.046875 0.144167
0 0.076875 0.091667 0.056250 0.138333
0 0.260313 0.386667 0.074375 0.095000
