0 0.420938 0.535000 0.076875 0.095000
0 0.331250 0.415417 0.053750 0.079167
0 0.381250 0.245000 0.063750 0.101667
0 0.220625 0.900417 0.071250 0.097500
0 0.250312 0.704583 0.054375 0.079167
0 0.671875 0.736667 0.058750 0.076667
0 0.631563 0.196667 0.064375 0.081667
0 0.904687 0.143333 0.063125 0.081667
0 0.637813 0.503750 0.065625 0.085833
0 0.580313 0.722500 0.060625 0.085000
0 0.561562 0.241250 0.069375 0.092500
0 0.695312 0.599583 0.065625 0.074167
0 0.202187 0.405417 0.066875 0.087500
0 0.530000 0.562917 0.057500 0.079167
0 0.360312 0.711250 0.063125 0.084167
0 0.940625 0.838333 0.072500 0.080000
0 0.792813 0.494583 0.061875 0.079167
0 0.205625 0.787500 0.065000 0.100000
1 0.661250 0.280417 0.086250 0.095833
0 0.592812 0.647917 0.064375 0.080833
0 0.418750 0.699167 0.068750 0.078333
0 0.866250 0.742083 0.068750 0.089167
0 0.286250 0.193750 0.061250 0.075833
0 0.144063 0.147500 0.070625 0.091667
0 0.177500 0.185833 0.070000 0.086667
0 0.435937 0.317917 0.054375 0.082500
0 0.466250 0.139583 0.056250 0.080833
0 0.901875 0.547500 0.058750 0.080000
0 0.415000 0.112083 0.051250 0.074167
0 0.428750 0.617500 0.063750 0.080000
0 0.494063 0.428750 0.058125 0.077500
0 0.830313 0.872917 0.053125 0.092500
0 0.147813 0.632917 0.059375 0.079167
3 0.915312 0.623750 0.094375 0.089167
0 0.776250 0.321250 0.061250 0.072500
0 0.213750 0.055833 0.053750 0.083333
0 0.086875 0.271667 0.053750 0.078333
0 0.720000 0.431250 0.066250 0.079167
0 0.094375 0.757917 0.062500 0.080833
0 0.514687 0.137500 0.054375 0.085000
0 0.716250 0.247500 0.062500 0.071667
0 0.867188 0.662500 0.064375 0.071667
0 0.827187 0.376250 0.066875 0.094167
0 0.578125 0.814583 0.067500 0.069167
0 0.298125 0.847917 0.058750 0.080833
0 0.781875 0.715833 0.055000 0.073333
0 0.294687 0.474167 0.065625 0.076667
0 0.590313 0.112500 0.053125 0.080000
0 0.576250 0.391250 0.063750 0.069167
0 0.514687 0.067917 0.065625 0.074167
0 0.042813 0.150833 0.055625 0.105000
0 0.950313 0.533333 0.068125 0.076667
0 0.462813 0.758750 0.084375 0.072500
0 0.695000 0.524167 0.056250 0.071667
0 0.547500 0.490417 0.068750 0.065833
0 0.830000 0.792917 0.071250 0.072500
0 0.195625 0.248333 0.057500 0.073333
0 0.145625 0.775000 0.061250 0.088333
1 0.502812 0.256667 0.075625 0.121667
0 0.083125 0.401667 0.065000 0.095000
0 0.468438 0.899583 0.051875 0.072500
0 0.350625 0.844583 0.061250 0.084167
0 0.203125 0.482500 0.060000 0.068333
0 0.911250 0.435833 0.065000 0.080000
0 0.331875 0.525417 0.065000 0.077500
1 0.067812 0.936250 0.074375 0.097500
0 0.156250 0.500833 0.055000 0.070000
0 0.790625 0.886250 0.053750 0.080833
0 0.175000 0.565833 0.053750 0.066667
0 0.695000 0.828333 0.056250 0.068333
0 0.369063 0.627917 0.061875 0.072500
0 0.715625 0.763333 0.056250 0.076667
0 0.650000 0.358333 0.046250 0.068333
0 0.263437 0.270000 0.075625 0.070000
0 0.035312 0.097917 0.063125 0.077500
0 0.140313 0.436250 0.060625 0.077500
1 0.557187 0.072500 0.076875 0.110000
0 0.758750 0.298333 0.071250 0.080000
0 0.743125 0.505417 0.076250 0.060833
0 0.873125 0.422917 0.057500 0.067500
0 0.598125 0.940000 0.072500 0.070000
0 0.416250 0.896667 0.055000 0.070000
0 0.036875 0.632500 0.052500 0.090000
0 0.030625 0.352083 0.060000 0.084167
0 0.736563 0.824167 0.066875 0.071667
0 0.943750 0.964583 0.065000 0.070833
0 0.295625 0.969583 0.053750 0.060833
0 0.862187 0.028750 0.058125 0.057500
