0 0.862500 0.086667 0.077500 0.108333
0 0.391875 0.191667 0.065000 0.093333
0 0.966562 0.483333 0.063125 0.086667
0 0.874687 0.753333 0.079375 0.093333
0 0.589063 0.217917 0.089375 0.097500
0 0.036250 0.652500 0.063750 0.096667
0 0.557500 0.387500 0.080000 0.100000
0 0.590000 0.519167 0.072500 0.118333
0 0.881250 0.414167 0.078750 0.103333
0 0.513125 0.301250 0.070000 0.095833
0 0.435937 0.741250 0.074375 0.115833
0 0.797188 0.782500 0.083125 0.103333
0 0.864688 0.882917 0.080625 0.090833
0 0.312500 0.920000 0.082500 0.095000
0 0.530937 0.886250 0.074375 0.120833
0 0.656563 0.502500 0.065625 0.096667
0 0.589063 0.826667 0.073125 0.095000
0 0.325625 0.839167 0.076250 0.093333
0 0.833438 0.461250 0.083125 0.114167
0 0.196563 0.538333 0.081875 0.078333
0 0.486875 0.875833 0.068750 0.111667
0 0.443125 0.640000 0.077500 0.085000
0 0.502188 0.395000 0.075625 0.101667
0 0.343438 0.309583 0.076875 0.089167
0 0.239687 0.201667 0.083125 0.090000
0 0.538125 0.108333 0.070000 0.120000
2 0.333125 0.760417 0.057500 0.077500
0 0.311563 0.310000 0.083125 0.081667
