0 0.730625 0.505417 0.078750 0.095833
0 0.169375 0.456250 0.076250 0.082500
0 0.437188 0.492083 0.083125 0.099167
0 0.860313 0.487500 0.075625 0.096667
0 0.043437 0.620000 0.073125 0.090000
0 0.290938 0.420417 0.079375 0.097500
0 0.957812 0.457917 0.075625 0.109167
0 0.565312 0.273750 0.078125 0.107500
0 0.949063 0.621250 0.085625 0.107500
0 0.195625 0.564583 0.077500 0.089167
0 0.153438 0.127500 0.066875 0.105000
0 0.324062 0.715000 0.074375 0.096667
0 0.480312 0.562083 0.073125 0.090833
0 0.199063 0.772500 0.076875 0.091667
0 0.814063 0.804167 0.071875 0.096667
0 0.760000 0.870000 0.078750 0.100000
0 0.285000 0.240417 0.072500 0.100833
0 0.482812 0.389583 0.076875 0.094167
0 0.573750 0.127083 0.068750 0.099167
0 0.087813 0.465417 0.068125 0.094167
0 0.688750 0.658333 0.087500 0.103333
0 0.392813 0.575833 0.076875 0.093333
0 0.456562 0.163333 0.083125 0.108333
0 0.203437 0.866667 0.075625 0.091667
0 0.732500 0.285833 0.083750 0.103333
0 0.062812 0.235833 0.071875 0.105000
0 0.367188 0.440000 0.069375 0.088333
0 0.679375 0.426250 0.090000 0.094167
0 0.588437 0.829583 0.073125 0.110833
0 0.940312 0.755833 0.074375 0.103333
0 0.319063 0.870833 0.090625 0.093333
0 0.380625 0.242083 0.086250 0.087500
0 0.354687 0.279167 0.074375 0.091667
0 0.276562 0.127083 0.073125 0.109167
0 0.288750 0.622083 0.073750 0.085833
0 0.875625 0.175833 0.085000 0.110000
0 0.689688 0.845833 0.081875 0.115000
0 0.525625 0.801667 0.078750 0.080000
0 0.116250 0.684167 0.076250 0.095000
1 0.816250 0.237500 0.103750 0.101667
1 0.213125 0.386667 0.103750 0.123333
0 0.599063 0.580000 0.074375 0.105000
0 0.404687 0.367917 0.066875 0.097500
0 0.540937 0.717500 0.100625 0.091667
0 0.114687 0.807917 0.073125 0.109167
0 0.503125 0.094583 0.073750 0.100833
0 0.069062 0.142917 0.071875 0.099167
0 0.494688 0.224583 0.080625 0.095833
0 0.462813 0.901250 0.079375 0.097500
0 0.505625 0.650000 0.073750 0.105000
0 0.146250 0.732500 0.082500 0.076667
0 0.432188 0.670833 0.068125 0.093333
0 0.452188 0.822917 0.096875 0.092500
0 0.188125 0.108750 0.072500 0.122500
0 0.080000 0.772500 0.072500 0.100000
0 0.071875 0.090833 0.080000 0.100000
0 0.653750 0.744583 0.073750 0.094167
0 0.805000 0.373750 0.118750 0.097500
