0 0.923438 0.513333 0.079375 0.088333
0 0.359687 0.741667 0.069375 0.095000
0 0.649062 0.255833 0.079375 0.093333
0 0.850625 0.064167 0.075000 0.115000
0 0.933125 0.606667 0.071250 0.096667
0 0.520625 0.536667 0.080000 0.098333
0 0.079375 0.853750 0.086250 0.112500
0 0.583750 0.390417 0.091250 0.089167
0 0.900000 0.420417 0.078750 0.099167
0 0.067187 0.117917 0.089375 0.110833
0 0.203750 0.822500 0.067500 0.103333
0 0.432188 0.176250 0.068125 0.094167
0 0.156562 0.125417 0.073125 0.094167
0 0.834375 0.792500 0.076250 0.096667
0 0.309375 0.317917 0.103750 0.092500
0 0.061875 0.385000 0.085000 0.095000
0 0.699375 0.413333 0.072500 0.098333
0 0.331562 0.864167 0.080625 0.091667
0 0.079062 0.660000 0.073125 0.090000
0 0.835625 0.520833 0.067500 0.090000
0 0.552500 0.873333 0.077500 0.086667
0 0.421875 0.697917 0.078750 0.104167
0 0.200625 0.210417 0.078750 0.105833
0 0.668125 0.487500 0.081250 0.095000
0 0.816250 0.318333 0.082500 0.090000
0 0.828438 0.405417 0.079375 0.097500
0 0.441250 0.445833 0.066250 0.098333
0 0.818750 0.224583 0.080000 0.100833
0 0.926562 0.717500 0.084375 0.096667
0 0.461875 0.877500 0.088750 0.108333
0 0.366875 0.579167 0.076250 0.111667
0 0.171875 0.322500 0.062500 0.101667
0 0.329688 0.199583 0.075625 0.104167
0 0.599375 0.128750 0.088750 0.072500
0 0.710938 0.186667 0.065625 0.093333
0 0.770000 0.049583 0.098750 0.080833
0 0.466562 0.107083 0.075625 0.094167
0 0.767813 0.159167 0.079375 0.101667
0 0.389688 0.434583 0.074375 0.099167
0 0.878437 0.125833 0.065625 0.106667
0 0.284062 0.753750 0.083125 0.112500
0 0.113437 0.740417 0.068125 0.089167
0 0.620000 0.295833 0.083750 0.106667
0 0.135313 0.465000 0.075625 0.101667
0 0.702187 0.753750 0.083125 0.105833
0 0.890625 0.724583 0.082500 0.114167
0 0.110000 0.081667 0.073750 0.088333
0 0.257500 0.256667 0.077500 0.096667
0 0.300625 0.557917 0.072500 0.094167
0 0.580937 0.224583 0.074375 0.105833
0 0.349687 0.886667 0.071875 0.105000
0 0.505625 0.433333 0.057500 0.121667
0 0.207187 0.595417 0.075625 0.084167
0 0.186250 0.520000 0.071250 0.076667
0 0.371875 0.135417 0.078750 0.100833
0 0.152188 0.495000 0.070625 0.088333
1 0.548125 0.272917 0.068750 0.132500
0 0.478438 0.449167 0.074375 0.096667
0 0.217188 0.547083 0.081875 0.090833
