0 0.661250 0.343750 0.076250 0.097500
0 0.276875 0.722917 0.071250 0.100833
0 0.709063 0.700833 0.075625 0.093333
0 0.221562 0.135417 0.075625 0.097500
0 0.851562 0.847083 0.075625 0.094167
0 0.848437 0.712500 0.083125 0.113333
0 0.690000 0.159583 0.085000 0.095833
0 0.604375 0.291250 0.082500 0.104167
0 0.360312 0.215000 0.084375 0.093333
0 0.327813 0.510833 0.073125 0.088333
0 0.418125 0.435833 0.077500 0.091667
0 0.402500 0.583333 0.080000 0.106667
0 0.470938 0.797083 0.081875 0.102500
0 0.755625 0.626667 0.090000 0.105000
0 0.108125 0.688333 0.082500 0.111667
0 0.153125 0.880417 0.071250 0.110833
0 0.760000 0.759583 0.078750 0.097500
0 0.830000 0.185000 0.081250 0.096667
0 0.530312 0.641667 0.078125 0.100000
0 0.071875 0.417500 0.073750 0.100000
0 0.624375 0.673750 0.091250 0.104167
0 0.436875 0.937083 0.076250 0.095833
0 0.035000 0.147083 0.070000 0.099167
0 0.404687 0.695000 0.076875 0.110000
0 0.837812 0.437083 0.075625 0.090833
0 0.509375 0.329583 0.086250 0.082500
0 0.183750 0.642917 0.075000 0.100833
0 0.610313 0.116250 0.078125 0.102500
0 0.289687 0.180417 0.073125 0.089167
0 0.640000 0.793333 0.078750 0.098333
0 0.711250 0.892917 0.076250 0.100833
0 0.496875 0.495417 0.066250 0.110833
0 0.378125 0.789167 0.075000 0.090000
0 0.442188 0.520417 0.068125 0.097500
0 0.556875 0.557500 0.083750 0.095000
0 0.233437 0.254167 0.073125 0.095000
0 0.176250 0.770417 0.078750 0.100833
0 0.654062 0.227917 0.078125 0.100833
0 0.635000 0.570417 0.072500 0.114167
0 0.605625 0.935417 0.072500 0.109167
0 0.101875 0.559583 0.085000 0.092500
0 0.095937 0.171250 0.078125 0.095833
0 0.846875 0.556250 0.076250 0.114167
0 0.969688 0.511250 0.060625 0.100833
0 0.787813 0.796250 0.081875 0.104167
0 0.387813 0.322917 0.070625 0.099167
0 0.508125 0.255000 0.080000 0.068333
3 0.523438 0.199583 0.106875 0.119167
0 0.460313 0.387917 0.085625 0.090833
0 0.936875 0.620000 0.062500 0.106667
0 0.196875 0.071667 0.077500 0.108333
0 0.343750 0.683750 0.056250 0.114167
0 0.812500 0.553333 0.088750 0.095000
0 0.149375 0.105417 0.072500 0.114167
0 0.254063 0.449167 0.079375 0.093333
0 0.276250 0.425000 0.067500 0.093333
0 0.785312 0.043750 0.078125 0.085833
0 0.943750 0.525833 0.100000 0.093333
