0 0.555000 0.550417 0.077500 0.114167
0 0.416875 0.417500 0.060000 0.088333
0 0.262500 0.221250 0.068750 0.089167
0 0.409687 0.283333 0.070625 0.086667
0 0.104688 0.578333 0.076875 0.105000
0 0.935312 0.732083 0.076875 0.099167
0 0.408125 0.527917 0.065000 0.089167
0 0.343125 0.398750 0.068750 0.087500
0 0.818125 0.866250 0.071250 0.097500
5 0.115000 0.096667 0.067500 0.090000
0 0.889062 0.877500 0.079375 0.103333
0 0.803438 0.725833 0.076875 0.093333
0 0.363750 0.169583 0.053750 0.085833
0 0.479375 0.503750 0.070000 0.090833
0 0.609375 0.327917 0.076250 0.099167
0 0.255937 0.316667 0.080625 0.113333
0 0.341875 0.553750 0.075000 0.105833
0 0.412187 0.142500 0.063125 0.096667
0 0.819688 0.433750 0.064375 0.094167
0 0.882188 0.794583 0.054375 0.072500
0 0.525000 0.087500 0.041250 0.081667
0 0.882812 0.550417 0.058125 0.079167
0 0.950937 0.296250 0.068125 0.087500
0 0.505000 0.162500 0.063750 0.081667
0 0.785625 0.141250 0.075000 0.100833
0 0.485625 0.415417 0.058750 0.085833
0 0.280625 0.557917 0.067500 0.094167
0 0.195937 0.194167 0.076875 0.095000
0 0.519375 0.248333 0.076250 0.093333
0 0.676562 0.173750 0.059375 0.085833
0 0.207813 0.542917 0.063125 0.077500
0 0.342187 0.314167 0.061875 0.090000
0 0.186562 0.306667 0.070625 0.081667
0 0.159062 0.740000 0.079375 0.100000
0 0.830937 0.568333 0.063125 0.086667
0 0.447188 0.178333 0.058125 0.081667
0 0.637813 0.173750 0.074375 0.092500
3 0.688438 0.422500 0.090625 0.116667
0 0.731563 0.679583 0.071875 0.085833
0 0.686875 0.066250 0.072500 0.085833
0 0.935312 0.248333 0.076875 0.111667
0 0.481250 0.257500 0.068750 0.090000
0 0.865938 0.374583 0.055625 0.084167
0 0.682187 0.512083 0.055625 0.087500
0 0.272500 0.782500 0.063750 0.088333
3 0.728437 0.909167 0.079375 0.120000
0 0.733750 0.097500 0.066250 0.095000
1 0.492188 0.736250 0.109375 0.124167
0 0.618750 0.423333 0.070000 0.100000
1 0.601562 0.800000 0.064375 0.128333
1 0.560625 0.402917 0.092500 0.104167
0 0.233125 0.882500 0.062500 0.075000
0 0.243750 0.952500 0.055000 0.080000
0 0.039375 0.565833 0.062500 0.086667
0 0.153125 0.671250 0.052500 0.069167
0 0.204687 0.712083 0.066875 0.084167
0 0.212500 0.799583 0.075000 0.080833
0 0.232500 0.614167 0.072500 0.080000
0 0.356250 0.471667 0.065000 0.073333
0 0.436563 0.335833 0.046875 0.083333
0 0.315000 0.217917 0.073750 0.089167
0 0.575625 0.126250 0.062500 0.085833
0 0.595000 0.099583 0.070000 0.089167
0 0.614688 0.087917 0.066875 0.094167
0 0.957812 0.377917 0.070625 0.092500
0 0.930625 0.542083 0.061250 0.082500
0 0.905000 0.435417 0.070000 0.090833
0 0.955000 0.450000 0.076250 0.105000
0 0.739375 0.503333 0.063750 0.083333
0 0.482500 0.379583 0.058750 0.079167
0 0.782188 0.638333 0.064375 0.081667
0 0.770938 0.575833 0.065625 0.088333
0 0.540000 0.311667 0.063750 0.100000
0 0.332813 0.281667 0.069375 0.090000
0 0.524062 0.659583 0.074375 0.089167
0 0.054688 0.941250 0.064375 0.095833
0 0.092500 0.952917 0.078750 0.094167
0 0.195937 0.252083 0.060625 0.090833
0 0.666875 0.855417 0.058750 0.085833
