0 0.100625 0.238750 0.058750 0.080833
0 0.134063 0.620000 0.065625 0.083333
0 0.704063 0.925417 0.064375 0.087500
0 0.043750 0.632917 0.071250 0.099167
0 0.058438 0.081250 0.070625 0.094167
0 0.181562 0.777500 0.071875 0.088333
0 0.662813 0.672500 0.075625 0.090000
0 0.217188 0.910417 0.080625 0.104167
0 0.151250 0.709583 0.080000 0.092500
0 0.222500 0.593750 0.070000 0.100833
0 0.345938 0.943333 0.071875 0.098333
0 0.430937 0.691250 0.083125 0.102500
0 0.261562 0.513333 0.069375 0.100000
0 0.543438 0.191667 0.084375 0.115000
2 0.543125 0.450833 0.106250 0.120000
0 0.057188 0.504583 0.083125 0.107500
