0 0.890000 0.774167 0.063750 0.083333
0 0.409062 0.783333 0.063125 0.086667
0 0.478438 0.450417 0.061875 0.079167
0 0.486563 0.135417 0.066875 0.087500
0 0.221875 0.588333 0.071250 0.100000
0 0.433125 0.374167 0.066250 0.081667
0 0.825625 0.725000 0.072500 0.091667
0 0.108125 0.830000 0.073750 0.101667
0 0.910312 0.581250 0.069375 0.095833
0 0.073750 0.245417 0.068750 0.090833
0 0.940937 0.378750 0.060625 0.075833
0 0.169687 0.513750 0.061875 0.082500
0 0.713125 0.488333 0.063750 0.103333
0 0.331250 0.837083 0.072500 0.089167
0 0.677500 0.852917 0.058750 0.080833
0 0.460000 0.862083 0.070000 0.099167
0 0.846875 0.857500 0.076250 0.093333
0 0.909687 0.469167 0.059375 0.088333
0 0.285313 0.748333 0.064375 0.076667
0 0.748125 0.940417 0.061250 0.089167
0 0.937500 0.842500 0.077500 0.073333
0 0.800625 0.285833 0.066250 0.073333
0 0.100312 0.459167 0.065625 0.085000
0 0.934375 0.265417 0.061250 0.079167
0 0.842500 0.195833 0.072500 0.093333
0 0.750313 0.161667 0.075625 0.098333
0 0.512188 0.581250 0.066875 0.087500
0 0.126875 0.351250 0.085000 0.112500
0 0.422187 0.478750 0.073125 0.100833
0 0.809688 0.388333 0.069375 0.101667
0 0.041250 0.762500 0.072500 0.075000
0 0.767188 0.819167 0.064375 0.083333
0 0.793125 0.595000 0.071250 0.105000
0 0.877188 0.315833 0.054375 0.068333
0 0.836250 0.498333 0.076250 0.093333
0 0.736875 0.219583 0.072500 0.097500
0 0.954688 0.070417 0.055625 0.077500
0 0.066875 0.639583 0.065000 0.080833
0 0.964375 0.179583 0.063750 0.082500
0 0.275313 0.840417 0.066875 0.084167
0 0.590313 0.442083 0.076875 0.095833
0 0.429375 0.211250 0.068750 0.087500
0 0.400000 0.176667 0.067500 0.100000
0 0.751563 0.719167 0.045625 0.081667
0 0.731563 0.055833 0.063125 0.083333
0 0.567187 0.860417 0.063125 0.085833
0 0.774375 0.415000 0.077500 0.096667
0 0.794687 0.525000 0.081875 0.105000
0 0.039062 0.075000 0.078125 0.100000
0 0.315937 0.560833 0.066875 0.070000
0 0.622812 0.680417 0.070625 0.090833
0 0.679688 0.587500 0.070625 0.068333
0 0.640312 0.492917 0.076875 0.084167
0 0.923438 0.095833 0.079375 0.088333
0 0.648438 0.415417 0.074375 0.060833
0 0.692813 0.730417 0.045625 0.077500
0 0.635312 0.574167 0.079375 0.078333
0 0.525625 0.950000 0.078750 0.095000
0 0.200000 0.171667 0.076250 0.075000
0 0.765000 0.065417 0.070000 0.074167
0 0.425938 0.615000 0.065625 0.080000
0 0.384062 0.597083 0.063125 0.100833
0 0.645000 0.346250 0.066250 0.069167
0 0.575000 0.746250 0.082500 0.094167
0 0.632500 0.748333 0.060000 0.091667
0 0.164062 0.194167 0.076875 0.091667
3 0.392813 0.293333 0.079375 0.118333
3 0.459062 0.693750 0.101875 0.089167
0 0.224062 0.943333 0.070625 0.096667
0 0.503437 0.610417 0.058125 0.074167
0 0.684375 0.684583 0.060000 0.085833
0 0.537813 0.843333 0.066875 0.080000
0 0.950625 0.358333 0.050000 0.068333
