0 0.730938 0.067083 0.061875 0.084167
0 0.360000 0.670417 0.063750 0.092500
0 0.240000 0.567917 0.062500 0.085833
0 0.118750 0.885000 0.080000 0.100000
0 0.321875 0.435000 0.053750 0.081667
0 0.293438 0.840417 0.071875 0.102500
0 0.853750 0.322500 0.068750 0.096667
0 0.755938 0.715000 0.064375 0.091667
0 0.547188 0.201250 0.071875 0.097500
0 0.175625 0.653333 0.066250 0.088333
0 0.816875 0.055833 0.080000 0.096667
0 0.930000 0.549167 0.066250 0.100000
0 0.360312 0.948333 0.068125 0.093333
0 0.692187 0.792083 0.065625 0.084167
0 0.535625 0.815417 0.070000 0.099167
0 0.789062 0.132917 0.069375 0.092500
0 0.252812 0.118333 0.065625 0.091667
0 0.722812 0.907083 0.073125 0.095833
0 0.115000 0.797500 0.077500 0.086667
0 0.095937 0.168750 0.063125 0.080833
0 0.064687 0.064583 0.073125 0.092500
3 0.264375 0.240417 0.081250 0.109167
0 0.492500 0.270833 0.065000 0.091667
0 0.955000 0.766250 0.080000 0.109167
0 0.964063 0.480833 0.054375 0.088333
0 0.355625 0.117500 0.063750 0.106667
0 0.615000 0.140000 0.058750 0.090000
0 0.557187 0.743750 0.086875 0.082500
0 0.420312 0.160000 0.071875 0.101667
0 0.142813 0.370833 0.069375 0.091667
0 0.153750 0.312917 0.075000 0.082500
0 0.491563 0.622917 0.055625 0.099167
0 0.812813 0.497500 0.056875 0.075000
0 0.533125 0.610417 0.058750 0.082500
0 0.811875 0.421667 0.067500 0.095000
0 0.475313 0.199167 0.065625 0.078333
0 0.205000 0.494583 0.050000 0.070833
0 0.973125 0.305833 0.053750 0.100000
