0 0.142813 0.241667 0.060625 0.078333
0 0.311563 0.349583 0.063125 0.087500
0 0.765000 0.442917 0.073750 0.095833
0 0.398438 0.371667 0.075625 0.086667
0 0.503750 0.687500 0.066250 0.095000
0 0.561875 0.849583 0.083750 0.097500
0 0.793438 0.869583 0.058125 0.070833
0 0.061562 0.325833 0.059375 0.086667
0 0.296250 0.602083 0.068750 0.090833
0 0.211875 0.580000 0.060000 0.078333
0 0.386250 0.730833 0.070000 0.085000
0 0.897188 0.792500 0.055625 0.091667
0 0.178750 0.486667 0.062500 0.081667
0 0.818438 0.963333 0.061875 0.073333
0 0.793438 0.061667 0.073125 0.105000
4 0.115000 0.531250 0.081250 0.112500
0 0.477812 0.940000 0.056875 0.076667
0 0.239687 0.941250 0.061875 0.070833
0 0.911563 0.710000 0.071875 0.086667
3 0.889062 0.522500 0.079375 0.103333
0 0.364375 0.060000 0.078750 0.091667
0 0.919063 0.410000 0.064375 0.083333
0 0.115312 0.057083 0.061875 0.077500
0 0.082500 0.433333 0.061250 0.080000
0 0.395937 0.645833 0.066875 0.086667
0 0.813750 0.755417 0.071250 0.087500
0 0.736875 0.929167 0.061250 0.095000
0 0.888437 0.112500 0.069375 0.085000
0 0.855313 0.463750 0.066875 0.085833
0 0.491563 0.215833 0.056875 0.073333
0 0.877188 0.183750 0.063125 0.079167
1 0.373437 0.557500 0.081875 0.101667
0 0.393750 0.139167 0.062500 0.065000
0 0.505313 0.068333 0.083125 0.098333
0 0.035937 0.205833 0.063125 0.080000
0 0.787500 0.696667 0.056250 0.068333
0 0.308437 0.885000 0.063125 0.073333
0 0.256563 0.785417 0.058125 0.087500
0 0.638750 0.218750 0.067500 0.079167
1 0.113750 0.822083 0.068750 0.115833
0 0.473125 0.344167 0.071250 0.085000
0 0.066875 0.603333 0.060000 0.083333
0 0.044062 0.817083 0.071875 0.104167
0 0.344375 0.675000 0.060000 0.083333
0 0.439375 0.552500 0.061250 0.081667
0 0.444375 0.739583 0.060000 0.072500
0 0.610938 0.130000 0.056875 0.078333
0 0.749062 0.671667 0.060625 0.068333
0 0.231563 0.858750 0.051875 0.077500
0 0.178750 0.940000 0.073750 0.081667
0 0.185312 0.674583 0.050625 0.072500
0 0.846562 0.377500 0.070625 0.085000
0 0.674063 0.353333 0.064375 0.075000
0 0.915625 0.968333 0.056250 0.063333
0 0.546562 0.246667 0.049375 0.066667
0 0.655937 0.574583 0.066875 0.070833
0 0.075313 0.152083 0.068125 0.079167
0 0.074063 0.926250 0.051875 0.077500
0 0.751563 0.597917 0.061875 0.074167
0 0.493437 0.403750 0.064375 0.074167
0 0.710313 0.613333 0.055625 0.071667
0 0.545312 0.495000 0.065625 0.075000
0 0.418750 0.296667 0.057500 0.073333
0 0.839688 0.827083 0.065625 0.077500
0 0.171563 0.040000 0.059375 0.080000
0 0.205000 0.758333 0.063750 0.093333
0 0.455313 0.461250 0.053125 0.074167
0 0.907813 0.870000 0.058125 0.070000
0 0.783125 0.163750 0.066250 0.084167
0 0.233750 0.664583 0.053750 0.082500
0 0.146250 0.741667 0.071250 0.091667
0 0.453750 0.272083 0.050000 0.069167
0 0.783438 0.796667 0.064375 0.070000
1 0.786250 0.258333 0.096250 0.171667
0 0.140625 0.897500 0.052500 0.068333
0 0.043125 0.583750 0.071250 0.079167
0 0.113125 0.383750 0.053750 0.057500
