0 0.610938 0.136250 0.056875 0.080833
0 0.161562 0.389583 0.061875 0.095833
0 0.141250 0.849583 0.068750 0.094167
0 0.065312 0.250000 0.060625 0.088333
0 0.702187 0.242917 0.061875 0.080833
0 0.434063 0.817083 0.075625 0.102500
0 0.066250 0.135833 0.075000 0.088333
0 0.865000 0.357083 0.070000 0.087500
0 0.421250 0.901250 0.067500 0.087500
0 0.830937 0.500833 0.060625 0.116667
0 0.606875 0.586250 0.075000 0.075833
0 0.893125 0.241667 0.062500 0.080000
0 0.748437 0.831667 0.061875 0.100000
0 0.170937 0.212500 0.068125 0.090000
0 0.673125 0.150000 0.063750 0.110000
0 0.501250 0.478750 0.071250 0.092500
0 0.246562 0.483750 0.055625 0.090833
0 0.798125 0.385417 0.068750 0.090833
0 0.719063 0.327500 0.064375 0.093333
0 0.867500 0.150000 0.067500 0.086667
0 0.381250 0.524583 0.071250 0.079167
0 0.554375 0.381667 0.067500 0.115000
0 0.660937 0.395833 0.058125 0.090000
0 0.436875 0.579167 0.055000 0.080000
0 0.239375 0.748750 0.065000 0.084167
0 0.290312 0.928333 0.070625 0.105000
0 0.593437 0.452917 0.063125 0.099167
0 0.650000 0.295417 0.068750 0.090833
0 0.630938 0.200417 0.053125 0.077500
0 0.773750 0.459167 0.058750 0.105000
0 0.475000 0.133333 0.058750 0.106667
0 0.707500 0.451667 0.072500 0.088333
0 0.320937 0.375833 0.069375 0.118333
0 0.106250 0.767917 0.046250 0.090833
0 0.369375 0.278333 0.050000 0.121667
0 0.294687 0.156667 0.059375 0.070000
0 0.804375 0.865833 0.062500 0.088333
0 0.230937 0.322083 0.059375 0.067500
0 0.272188 0.785833 0.059375 0.068333
0 0.923750 0.924167 0.060000 0.078333
0 0.081250 0.474167 0.065000 0.111667
0 0.412500 0.313750 0.057500 0.104167
0 0.635312 0.477500 0.060625 0.073333
0 0.821875 0.064583 0.087500 0.082500
0 0.453437 0.525833 0.060625 0.073333
0 0.658438 0.516667 0.066875 0.068333
1 0.333125 0.267083 0.056250 0.129167
1 0.244688 0.249167 0.085625 0.093333
0 0.510000 0.152500 0.052500 0.100000
0 0.660625 0.043750 0.060000 0.084167
0 0.234687 0.036667 0.068125 0.071667
