0 0.601875 0.295833 0.078750 0.093333
0 0.879687 0.490000 0.061875 0.085000
0 0.480625 0.612917 0.075000 0.109167
0 0.444063 0.497917 0.071875 0.099167
0 0.456875 0.837083 0.070000 0.092500
0 0.360312 0.486250 0.066875 0.109167
0 0.925000 0.888750 0.082500 0.090833
0 0.245312 0.330417 0.069375 0.087500
0 0.219062 0.868333 0.074375 0.093333
0 0.610625 0.465000 0.065000 0.095000
0 0.556250 0.373333 0.077500 0.085000
0 0.219062 0.773333 0.074375 0.081667
0 0.065625 0.490417 0.072500 0.100833
0 0.683125 0.823750 0.071250 0.090833
0 0.890312 0.585833 0.066875 0.095000
0 0.364375 0.870417 0.077500 0.090833
0 0.372812 0.320833 0.074375 0.098333
0 0.195000 0.432083 0.071250 0.090833
0 0.861563 0.106667 0.074375 0.091667
0 0.143750 0.888750 0.072500 0.087500
0 0.956875 0.643750 0.073750 0.092500
0 0.948125 0.810417 0.071250 0.080833
0 0.374688 0.200000 0.071875 0.095000
0 0.744375 0.342500 0.068750 0.096667
0 0.716250 0.415000 0.063750 0.098333
0 0.568125 0.566250 0.076250 0.082500
0 0.668125 0.141250 0.077500 0.089167
0 0.147187 0.469167 0.076875 0.088333
0 0.122813 0.163750 0.081875 0.077500
0 0.294687 0.186667 0.064375 0.098333
6 0.904062 0.366667 0.081875 0.111667
0 0.253750 0.234167 0.075000 0.116667
0 0.225000 0.046250 0.076250 0.082500
0 0.245938 0.136250 0.083125 0.097500
0 0.196875 0.082500 0.101250 0.071667
0 0.210938 0.182500 0.069375 0.071667
