0 0.450937 0.790417 0.060625 0.082500
0 0.218750 0.143750 0.083750 0.100833
0 0.129062 0.102083 0.073125 0.100833
0 0.348750 0.100833 0.077500 0.103333
0 0.217500 0.923750 0.077500 0.102500
0 0.148750 0.306250 0.076250 0.119167
0 0.835625 0.322917 0.076250 0.095833
0 0.911875 0.680000 0.082500 0.106667
0 0.724063 0.747500 0.066875 0.086667
0 0.615313 0.116250 0.080625 0.109167
0 0.860000 0.193333 0.078750 0.096667
0 0.222500 0.581250 0.075000 0.097500
0 0.948438 0.398750 0.073125 0.109167
0 0.626563 0.370000 0.071875 0.096667
0 0.365312 0.230833 0.066875 0.081667
0 0.059687 0.850833 0.080625 0.100000
0 0.486563 0.887917 0.080625 0.102500
0 0.393125 0.390833 0.076250 0.111667
0 0.718125 0.243750 0.076250 0.089167
0 0.542188 0.830417 0.071875 0.095833
0 0.894687 0.277083 0.071875 0.099167
0 0.165000 0.752083 0.073750 0.099167
0 0.630000 0.842917 0.075000 0.094167
0 0.235937 0.720417 0.075625 0.095833
0 0.746250 0.081667 0.063750 0.093333
0 0.366563 0.932917 0.069375 0.097500
0 0.446562 0.644167 0.079375 0.093333
0 0.449062 0.567500 0.069375 0.098333
0 0.718750 0.890833 0.068750 0.093333
0 0.841562 0.752083 0.058125 0.104167
0 0.243750 0.838333 0.075000 0.098333
0 0.570000 0.070417 0.068750 0.095833
0 0.600625 0.465417 0.068750 0.089167
0 0.873750 0.580417 0.076250 0.102500
0 0.671562 0.176667 0.065625 0.090000
0 0.493750 0.078333 0.080000 0.108333
0 0.640312 0.279583 0.080625 0.092500
0 0.770000 0.176667 0.071250 0.101667
0 0.111562 0.434583 0.076875 0.105833
0 0.306250 0.197083 0.078750 0.104167
0 0.660312 0.930000 0.074375 0.093333
0 0.146563 0.455833 0.079375 0.100000
0 0.712500 0.316250 0.077500 0.067500
0 0.484687 0.380833 0.075625 0.086667
0 0.037187 0.428750 0.073125 0.119167
0 0.515000 0.669583 0.068750 0.105833
0 0.796250 0.222917 0.060000 0.107500
0 0.716250 0.657500 0.058750 0.100000
2 0.525625 0.439167 0.075000 0.128333
0 0.791250 0.657917 0.077500 0.100833
0 0.523750 0.809583 0.067500 0.094167
0 0.697812 0.217083 0.078125 0.099167
