0 0.224062 0.571250 0.074375 0.095833
0 0.212812 0.828333 0.068125 0.090000
0 0.305937 0.780000 0.071875 0.088333
0 0.174375 0.760833 0.066250 0.080000
0 0.334375 0.415417 0.065000 0.089167
0 0.249375 0.656250 0.062500 0.080833
0 0.155625 0.901667 0.076250 0.090000
0 0.834688 0.186667 0.071875 0.088333
0 0.086875 0.898750 0.063750 0.080833
0 0.125625 0.689167 0.067500 0.090000
0 0.381250 0.884583 0.071250 0.090833
0 0.436250 0.738750 0.075000 0.105833
0 0.602500 0.825000 0.055000 0.080000
0 0.245938 0.752083 0.061875 0.084167
0 0.614688 0.370000 0.074375 0.101667
0 0.859375 0.103750 0.060000 0.079167
0 0.574375 0.950000 0.068750 0.085000
0 0.277187 0.317083 0.058125 0.079167
0 0.660937 0.872083 0.071875 0.099167
0 0.270000 0.469167 0.081250 0.103333
0 0.486250 0.149167 0.051250 0.078333
0 0.430000 0.127500 0.063750 0.085000
0 0.242812 0.415417 0.071875 0.094167
0 0.421563 0.957083 0.064375 0.079167
0 0.543750 0.246250 0.053750 0.077500
0 0.083750 0.487083 0.080000 0.097500
0 0.558438 0.322917 0.055625 0.074167
0 0.741875 0.890417 0.072500 0.089167
0 0.734062 0.170000 0.061875 0.073333
0 0.920312 0.812083 0.075625 0.102500
0 0.723125 0.105417 0.066250 0.105833
0 0.672813 0.127917 0.079375 0.094167
0 0.704688 0.805000 0.074375 0.093333
0 0.507500 0.799583 0.076250 0.104167
0 0.817813 0.818333 0.056875 0.081667
0 0.464062 0.834167 0.065625 0.086667
0 0.866875 0.593333 0.072500 0.101667
0 0.217812 0.293333 0.078125 0.095000
0 0.604062 0.255417 0.074375 0.102500
0 0.406250 0.638333 0.070000 0.083333
0 0.400938 0.287917 0.068125 0.089167
5 0.865313 0.756250 0.085625 0.097500
0 0.331250 0.274583 0.063750 0.085833
0 0.438437 0.205417 0.070625 0.090833
0 0.505000 0.917083 0.078750 0.090833
0 0.668750 0.642917 0.072500 0.089167
0 0.349375 0.814583 0.072500 0.095833
0 0.683125 0.363750 0.063750 0.080833
0 0.455000 0.053750 0.081250 0.074167
0 0.661875 0.440000 0.063750 0.086667
1 0.143437 0.512083 0.083125 0.114167
0 0.644062 0.727083 0.060625 0.097500
1 0.550312 0.700000 0.129375 0.111667
1 0.775625 0.464583 0.066250 0.075833
0 0.759687 0.500417 0.058125 0.075833
1 0.390937 0.742917 0.084375 0.104167
0 0.664375 0.761250 0.073750 0.090833
0 0.376875 0.220000 0.053750 0.088333
0 0.506875 0.736667 0.065000 0.083333
1 0.482500 0.901667 0.083750 0.111667
0 0.126875 0.603333 0.055000 0.088333
0 0.098437 0.581667 0.060625 0.090000
0 0.940625 0.040833 0.053750 0.070000
0 0.922188 0.090417 0.068125 0.079167
0 0.964063 0.108333 0.069375 0.100000
0 0.238750 0.386250 0.063750 0.095833
0 0.883125 0.671250 0.052500 0.080833
