0 0.546250 0.638750 0.068750 0.087500
0 0.226875 0.432083 0.068750 0.092500
0 0.175937 0.312500 0.059375 0.091667
0 0.107188 0.667917 0.071875 0.090833
0 0.326250 0.751250 0.067500 0.104167
0 0.184062 0.844167 0.073125 0.098333
0 0.699063 0.182917 0.063125 0.109167
0 0.585313 0.870833 0.066875 0.095000
0 0.764375 0.785417 0.075000 0.087500
0 0.418438 0.115000 0.068125 0.088333
0 0.514375 0.718333 0.067500 0.090000
0 0.105938 0.463333 0.068125 0.106667
0 0.778125 0.615417 0.057500 0.085833
0 0.923125 0.936667 0.080000 0.105000
0 0.411875 0.307083 0.070000 0.080833
0 0.789375 0.355833 0.061250 0.086667
0 0.933750 0.549583 0.062500 0.095833
0 0.190312 0.638750 0.065625 0.097500
0 0.691250 0.747500 0.075000 0.088333
0 0.287187 0.517083 0.065625 0.089167
0 0.868437 0.222917 0.066875 0.087500
0 0.615313 0.457917 0.065625 0.087500
0 0.215312 0.053750 0.071875 0.082500
0 0.708438 0.649583 0.068125 0.095833
0 0.362187 0.512083 0.064375 0.084167
0 0.915312 0.807083 0.060625 0.084167
0 0.391875 0.712500 0.063750 0.086667
0 0.737187 0.871667 0.064375 0.086667
0 0.172813 0.725417 0.064375 0.080833
0 0.780937 0.934583 0.068125 0.075833
0 0.042188 0.152500 0.065625 0.081667
0 0.425000 0.890000 0.060000 0.085000
0 0.706875 0.588750 0.065000 0.080833
0 0.236563 0.910000 0.051875 0.080000
0 0.472187 0.844583 0.065625 0.090833
0 0.520000 0.105000 0.062500 0.091667
0 0.478125 0.245833 0.065000 0.093333
0 0.236563 0.130000 0.078125 0.083333
0 0.211875 0.211667 0.053750 0.086667
0 0.954375 0.125417 0.065000 0.082500
0 0.077813 0.079583 0.066875 0.089167
0 0.281562 0.617917 0.065625 0.087500
0 0.141563 0.815000 0.056875 0.118333
0 0.059687 0.220833 0.060625 0.083333
0 0.803750 0.682083 0.071250 0.082500
0 0.146563 0.075000 0.063125 0.095000
0 0.259062 0.775833 0.063125 0.088333
0 0.541562 0.455833 0.064375 0.085000
0 0.903438 0.356250 0.075625 0.089167
0 0.127812 0.925833 0.059375 0.078333
0 0.822500 0.140833 0.065000 0.105000
0 0.350938 0.245417 0.065625 0.097500
0 0.331562 0.880833 0.065625 0.090000
0 0.464687 0.618750 0.068125 0.087500
0 0.920000 0.720833 0.068750 0.090000
0 0.613125 0.345000 0.063750 0.088333
0 0.610000 0.087500 0.065000 0.091667
0 0.451250 0.793750 0.063750 0.102500
0 0.879062 0.897083 0.066875 0.097500
0 0.083750 0.290417 0.070000 0.097500
0 0.297187 0.304583 0.060625 0.080833
0 0.592187 0.815000 0.060625 0.085000
0 0.688438 0.475000 0.058125 0.090000
0 0.669063 0.893333 0.059375 0.095000
0 0.842187 0.770000 0.061875 0.083333
0 0.649375 0.707500 0.072500 0.086667
0 0.549375 0.268333 0.061250 0.091667
0 0.520312 0.824583 0.056875 0.090833
0 0.350313 0.607917 0.054375 0.082500
0 0.901875 0.121250 0.051250 0.085833
0 0.038125 0.727500 0.073750 0.088333
0 0.380312 0.834167 0.054375 0.088333
0 0.615000 0.577500 0.063750 0.090000
0 0.161875 0.533750 0.061250 0.084167
0 0.598125 0.190833 0.058750 0.093333
0 0.456562 0.208333 0.073125 0.091667
0 0.807813 0.193333 0.061875 0.095000
0 0.070312 0.789583 0.070625 0.085833
0 0.845625 0.595417 0.066250 0.099167
0 0.244375 0.297083 0.056250 0.084167
0 0.253437 0.718750 0.071875 0.095833
0 0.475938 0.357500 0.058125 0.083333
0 0.296250 0.183750 0.061250 0.074167
0 0.309688 0.427083 0.074375 0.090833
0 0.889687 0.080000 0.054375 0.096667
0 0.506250 0.549583 0.083750 0.099167
0 0.676875 0.333333 0.058750 0.073333
0 0.948438 0.650833 0.075625 0.093333
0 0.429063 0.448333 0.058125 0.081667
0 0.359687 0.298750 0.066875 0.080833
0 0.873750 0.629583 0.062500 0.092500
0 0.048750 0.309167 0.066250 0.075000
0 0.452813 0.511667 0.065625 0.080000
0 0.114375 0.337500 0.050000 0.106667
0 0.448125 0.663333 0.046250 0.093333
0 0.061250 0.941667 0.063750 0.095000
0 0.769375 0.149167 0.043750 0.091667
0 0.768125 0.455833 0.060000 0.085000
0 0.889062 0.691250 0.068125 0.067500
0 0.786563 0.510833 0.066875 0.086667
0 0.343438 0.411250 0.064375 0.080833
0 0.229375 0.547917 0.043750 0.117500
0 0.362187 0.947500 0.066875 0.081667
1 0.743437 0.275417 0.080625 0.109167
1 0.872812 0.444583 0.080625 0.104167
0 0.141875 0.216667 0.066250 0.101667
0 0.334375 0.101250 0.071250 0.072500
0 0.070312 0.838333 0.054375 0.068333
0 0.253437 0.877083 0.046875 0.082500
0 0.352187 0.858750 0.066875 0.072500
0 0.400938 0.967500 0.066875 0.061667
0 0.850000 0.814167 0.046250 0.078333
0 0.669375 0.841250 0.056250 0.089167
0 0.595000 0.548750 0.056250 0.075833
0 0.537813 0.240000 0.049375 0.080000
0 0.577812 0.162083 0.050625 0.099167
0 0.588125 0.052500 0.058750 0.075000
0 0.289062 0.220000 0.064375 0.081667
0 0.508750 0.134167 0.060000 0.096667
0 0.442812 0.038750 0.065625 0.062500
0 0.526563 0.420000 0.055625 0.073333
0 0.455000 0.376250 0.061250 0.077500
0 0.415625 0.414167 0.068750 0.066667
0 0.191875 0.519167 0.061250 0.081667
0 0.889375 0.324583 0.061250 0.085833
0 0.802813 0.038750 0.056875 0.070833
0 0.652188 0.352500 0.070625 0.083333
0 0.313437 0.330833 0.061875 0.078333
0 0.769375 0.715417 0.070000 0.070833
0 0.377188 0.613333 0.060625 0.076667
0 0.711250 0.498333 0.051250 0.078333
