0 0.835938 0.121250 0.071875 0.087500
0 0.107500 0.765417 0.081250 0.104167
0 0.506250 0.325417 0.072500 0.094167
0 0.404687 0.562917 0.075625 0.097500
0 0.437188 0.843333 0.073125 0.106667
0 0.206875 0.661250 0.066250 0.092500
0 0.697187 0.190417 0.069375 0.092500
0 0.089688 0.215000 0.080625 0.110000
0 0.090625 0.406250 0.068750 0.094167
0 0.255937 0.353333 0.069375 0.093333
0 0.573438 0.162500 0.071875 0.091667
0 0.424687 0.470000 0.075625 0.088333
0 0.159062 0.330000 0.065625 0.088333
0 0.836562 0.700000 0.064375 0.090000
0 0.185625 0.456250 0.070000 0.089167
0 0.617500 0.071667 0.085000 0.103333
0 0.802188 0.880833 0.060625 0.078333
0 0.921875 0.281667 0.065000 0.081667
0 0.202187 0.112500 0.065625 0.090000
0 0.228437 0.550000 0.060625 0.093333
0 0.312812 0.625000 0.075625 0.105000
0 0.280000 0.223750 0.075000 0.100833
0 0.659375 0.881667 0.063750 0.083333
0 0.131875 0.116250 0.072500 0.100833
0 0.648750 0.783750 0.070000 0.092500
0 0.904687 0.389167 0.068125 0.085000
0 0.724375 0.367500 0.080000 0.103333
0 0.849688 0.802500 0.074375 0.098333
0 0.509375 0.194583 0.070000 0.092500
0 0.040625 0.895000 0.066250 0.091667
0 0.076875 0.571667 0.063750 0.091667
0 0.339687 0.138333 0.078125 0.108333
0 0.529062 0.049583 0.075625 0.092500
0 0.929688 0.709167 0.074375 0.090000
0 0.899687 0.901250 0.068125 0.097500
0 0.936250 0.181250 0.063750 0.079167
0 0.563750 0.820833 0.082500 0.115000
0 0.275000 0.904583 0.080000 0.092500
0 0.653438 0.454167 0.069375 0.096667
0 0.725313 0.832500 0.073125 0.098333
0 0.534375 0.948333 0.078750 0.101667
0 0.164375 0.557500 0.058750 0.105000
0 0.177500 0.212500 0.071250 0.098333
0 0.323125 0.754583 0.082500 0.100833
0 0.905937 0.594167 0.070625 0.061667
0 0.912813 0.493333 0.064375 0.086667
0 0.128438 0.645000 0.078125 0.111667
0 0.696875 0.477500 0.071250 0.106667
0 0.205313 0.248750 0.053125 0.070833
0 0.772813 0.516250 0.075625 0.110833
0 0.746563 0.800833 0.053125 0.081667
0 0.820312 0.526667 0.071875 0.111667
2 0.485938 0.621667 0.105625 0.150000
