0 0.311563 0.722500 0.060625 0.081667
0 0.689063 0.673333 0.071875 0.091667
0 0.572812 0.484167 0.058125 0.085000
0 0.480938 0.541667 0.058125 0.076667
0 0.477187 0.429583 0.064375 0.075833
0 0.171563 0.862917 0.059375 0.085833
0 0.418750 0.462083 0.063750 0.082500
0 0.950937 0.532917 0.059375 0.082500
0 0.092500 0.495833 0.060000 0.081667
0 0.337187 0.059583 0.061875 0.085833
0 0.039688 0.807917 0.068125 0.089167
0 0.313125 0.448750 0.075000 0.092500
0 0.687187 0.545000 0.055625 0.078333
0 0.130625 0.598333 0.062500 0.088333
0 0.527188 0.101667 0.075625 0.098333
0 0.046875 0.570833 0.067500 0.100000
0 0.954688 0.347917 0.071875 0.085833
0 0.848125 0.290000 0.068750 0.098333
0 0.543125 0.637917 0.062500 0.084167
0 0.539062 0.896250 0.066875 0.089167
0 0.169687 0.440417 0.070625 0.085833
0 0.914687 0.118750 0.080625 0.089167
0 0.825313 0.095000 0.074375 0.090000
0 0.645312 0.090000 0.068125 0.088333
0 0.168750 0.290833 0.071250 0.095000
0 0.372812 0.946250 0.061875 0.075833
0 0.760938 0.183750 0.068125 0.089167
0 0.280938 0.076667 0.059375 0.090000
0 0.813750 0.607917 0.061250 0.087500
0 0.076875 0.209583 0.063750 0.090833
0 0.948750 0.082500 0.068750 0.093333
0 0.339062 0.583333 0.051875 0.080000
0 0.625625 0.202917 0.062500 0.097500
0 0.768750 0.697500 0.060000 0.086667
0 0.748437 0.398750 0.066875 0.082500
0 0.271562 0.665833 0.064375 0.088333
0 0.493437 0.200833 0.070625 0.093333
0 0.270625 0.614167 0.058750 0.073333
0 0.400625 0.313333 0.062500 0.083333
0 0.532813 0.238333 0.070625 0.098333
0 0.891250 0.460000 0.060000 0.081667
0 0.631250 0.745000 0.061250 0.095000
0 0.587187 0.943333 0.066875 0.073333
4 0.813125 0.522083 0.071250 0.092500
0 0.516875 0.706667 0.072500 0.083333
0 0.799687 0.882500 0.063125 0.096667
0 0.244375 0.227917 0.066250 0.089167
0 0.048438 0.068333 0.074375 0.081667
0 0.753750 0.949167 0.071250 0.091667
0 0.385313 0.162500 0.056875 0.071667
0 0.193125 0.155000 0.068750 0.088333
0 0.780000 0.436667 0.070000 0.086667
0 0.945625 0.693333 0.057500 0.090000
0 0.222812 0.925417 0.059375 0.077500
0 0.281562 0.947917 0.060625 0.094167
0 0.878437 0.545000 0.071875 0.088333
0 0.700625 0.877917 0.063750 0.085833
0 0.545625 0.774583 0.060000 0.094167
0 0.125000 0.755833 0.071250 0.086667
0 0.624062 0.864583 0.070625 0.085833
0 0.925312 0.757500 0.063125 0.088333
0 0.400313 0.892917 0.054375 0.072500
0 0.890000 0.796250 0.053750 0.070833
0 0.859062 0.855417 0.060625 0.072500
0 0.095312 0.359583 0.058125 0.092500
0 0.417500 0.130000 0.058750 0.098333
0 0.180000 0.643750 0.053750 0.085833
0 0.339062 0.925417 0.055625 0.090833
0 0.725000 0.853333 0.061250 0.081667
0 0.772188 0.778750 0.065625 0.092500
0 0.105938 0.950000 0.070625 0.100000
0 0.693125 0.172917 0.052500 0.107500
0 0.598125 0.818333 0.055000 0.076667
0 0.454688 0.841667 0.056875 0.126667
0 0.895312 0.951250 0.070625 0.097500
