0 0.896875 0.659583 0.073750 0.099167
0 0.483438 0.758333 0.068125 0.093333
0 0.263125 0.699167 0.072500 0.096667
0 0.385313 0.837083 0.070625 0.092500
0 0.525937 0.427083 0.070625 0.099167
0 0.314375 0.780000 0.072500 0.096667
0 0.600938 0.520417 0.070625 0.095833
0 0.385313 0.729583 0.071875 0.090833
0 0.584063 0.917500 0.071875 0.093333
0 0.727500 0.506250 0.066250 0.084167
0 0.179375 0.681667 0.072500 0.098333
0 0.610313 0.657083 0.075625 0.102500
0 0.165937 0.839583 0.066875 0.085833
0 0.315312 0.888333 0.070625 0.095000
0 0.826250 0.271667 0.078750 0.116667
0 0.273438 0.557500 0.075625 0.093333
0 0.522500 0.640000 0.080000 0.108333
0 0.129375 0.352500 0.075000 0.108333
0 0.390625 0.221250 0.068750 0.087500
0 0.930937 0.843333 0.075625 0.106667
0 0.855938 0.802500 0.071875 0.105000
0 0.852500 0.396667 0.081250 0.111667
0 0.431875 0.667917 0.066250 0.080833
0 0.172813 0.538750 0.076875 0.107500
0 0.776875 0.572083 0.072500 0.095833
0 0.725938 0.673333 0.075625 0.083333
0 0.695312 0.766250 0.069375 0.105833
0 0.612812 0.791250 0.076875 0.105833
0 0.225938 0.195000 0.059375 0.083333
0 0.800312 0.154583 0.063125 0.089167
0 0.752188 0.407917 0.079375 0.104167
0 0.090938 0.888333 0.081875 0.101667
0 0.326562 0.400833 0.078125 0.105000
0 0.602187 0.404167 0.080625 0.103333
0 0.041875 0.522500 0.067500 0.088333
0 0.188125 0.427500 0.073750 0.096667
0 0.783750 0.912917 0.081250 0.085833
0 0.441875 0.379583 0.083750 0.095833
0 0.140000 0.083750 0.073750 0.104167
0 0.659375 0.183333 0.063750 0.083333
0 0.771875 0.753750 0.075000 0.087500
0 0.497188 0.310417 0.071875 0.085833
0 0.874687 0.178750 0.068125 0.090833
0 0.120938 0.764167 0.073125 0.108333
0 0.866250 0.091250 0.071250 0.095833
0 0.153125 0.219167 0.086250 0.115000
0 0.217500 0.900000 0.081250 0.096667
0 0.880625 0.922500 0.068750 0.088333
0 0.728437 0.165833 0.068125 0.111667
0 0.785625 0.834583 0.100000 0.084167
0 0.752500 0.220833 0.050000 0.080000
0 0.037187 0.685000 0.074375 0.070000
0 0.946875 0.749167 0.081250 0.085000
3 0.451875 0.535417 0.078750 0.122500
