0 0.390625 0.768333 0.063750 0.080000
0 0.786563 0.841250 0.071875 0.090833
0 0.318125 0.315000 0.062500 0.086667
0 0.387813 0.235833 0.071875 0.093333
0 0.530625 0.580833 0.058750 0.078333
0 0.753437 0.425000 0.073125 0.095000
0 0.670625 0.126667 0.058750 0.086667
0 0.965000 0.675833 0.060000 0.081667
0 0.613750 0.202500 0.076250 0.091667
0 0.320312 0.814583 0.061875 0.082500
0 0.879687 0.537500 0.066875 0.085000
0 0.350625 0.685000 0.071250 0.096667
0 0.312188 0.504583 0.074375 0.082500
0 0.741250 0.199167 0.073750 0.088333
0 0.797500 0.662083 0.066250 0.084167
0 0.413750 0.527083 0.063750 0.084167
0 0.233750 0.189167 0.077500 0.085000
1 0.566250 0.417500 0.071250 0.118333
0 0.926875 0.781667 0.076250 0.093333
0 0.141875 0.900417 0.063750 0.090833
0 0.700937 0.802083 0.070625 0.097500
0 0.092188 0.047500 0.060625 0.080000
0 0.099687 0.736667 0.056875 0.080000
0 0.180312 0.129583 0.059375 0.099167
0 0.945312 0.113750 0.058125 0.084167
0 0.050000 0.392083 0.061250 0.090833
0 0.434375 0.455417 0.051250 0.072500
0 0.695625 0.342083 0.071250 0.085833
0 0.760938 0.328333 0.073125 0.091667
0 0.602187 0.734167 0.038125 0.073333
0 0.803125 0.200833 0.055000 0.078333
0 0.343125 0.055000 0.072500 0.088333
0 0.221875 0.074583 0.063750 0.080833
0 0.482187 0.937083 0.065625 0.089167
0 0.558750 0.737917 0.046250 0.082500
0 0.391875 0.390833 0.067500 0.086667
0 0.965625 0.225833 0.067500 0.096667
0 0.576875 0.725000 0.053750 0.085000
0 0.564063 0.520417 0.056875 0.072500
0 0.559063 0.112083 0.054375 0.112500
0 0.242188 0.777917 0.058125 0.077500
0 0.104688 0.941667 0.061875 0.091667
0 0.690937 0.911667 0.058125 0.076667
0 0.964063 0.433750 0.049375 0.085833
0 0.239687 0.356250 0.071875 0.107500
0 0.135625 0.787083 0.066250 0.097500
0 0.054062 0.936250 0.061875 0.080833
0 0.113750 0.202083 0.065000 0.080833
0 0.197813 0.842500 0.061875 0.076667
0 0.304375 0.569583 0.060000 0.074167
0 0.874375 0.324583 0.052500 0.070833
0 0.710938 0.530417 0.059375 0.067500
0 0.319063 0.122083 0.050625 0.077500
0 0.891563 0.725417 0.060625 0.070833
0 0.856875 0.952500 0.057500 0.070000
0 0.185625 0.275833 0.071250 0.083333
0 0.233437 0.525833 0.068125 0.076667
0 0.085312 0.617083 0.098125 0.079167
0 0.336875 0.182083 0.072500 0.067500
0 0.595625 0.912083 0.062500 0.082500
0 0.068750 0.880833 0.053750 0.073333
0 0.517813 0.814583 0.060625 0.080833
0 0.604688 0.662083 0.051875 0.069167
0 0.270000 0.628750 0.058750 0.069167
0 0.462187 0.549167 0.056875 0.083333
0 0.444063 0.368333 0.053125 0.073333
0 0.103750 0.286250 0.052500 0.084167
0 0.251250 0.581250 0.053750 0.080833
0 0.466250 0.682083 0.068750 0.082500
0 0.886250 0.192500 0.066250 0.088333
0 0.033750 0.808333 0.057500 0.081667
0 0.515938 0.274583 0.055625 0.067500
0 0.801875 0.767500 0.058750 0.058333
0 0.618750 0.827083 0.057500 0.099167
0 0.447500 0.881667 0.060000 0.066667
0 0.370625 0.462500 0.065000 0.081667
0 0.307500 0.673750 0.053750 0.075833
0 0.887500 0.468333 0.057500 0.068333
0 0.645625 0.868333 0.052500 0.070000
0 0.443125 0.295833 0.052500 0.070000
0 0.872812 0.634167 0.053125 0.071667
0 0.422812 0.919583 0.049375 0.070833
0 0.888125 0.240833 0.072500 0.081667
0 0.127188 0.141250 0.054375 0.067500
0 0.135000 0.141667 0.053750 0.075000
0 0.375312 0.879167 0.059375 0.090000
0 0.081250 0.373750 0.063750 0.059167
0 0.141250 0.456250 0.058750 0.059167
0 0.185312 0.502083 0.059375 0.079167
0 0.166563 0.545417 0.056875 0.084167
0 0.191562 0.584167 0.058125 0.093333
0 0.645938 0.725000 0.063125 0.080000
0 0.473125 0.362917 0.058750 0.074167
0 0.481250 0.434167 0.053750 0.070000
0 0.818438 0.440833 0.050625 0.071667
0 0.852812 0.175000 0.058125 0.095000
0 0.918750 0.160417 0.092500 0.077500
0 0.911875 0.287500 0.052500 0.070000
0 0.934688 0.431667 0.058125 0.075000
0 0.734688 0.540417 0.063125 0.087500
0 0.755313 0.605417 0.056875 0.079167
0 0.487812 0.216250 0.059375 0.087500
0 0.670625 0.481250 0.046250 0.074167
0 0.594063 0.373750 0.043125 0.084167
0 0.788438 0.571250 0.044375 0.107500
0 0.640000 0.774167 0.053750 0.075000
0 0.465313 0.817917 0.061875 0.080833
0 0.551250 0.879583 0.056250 0.085833
0 0.399062 0.605417 0.059375 0.079167
0 0.450625 0.616250 0.131250 0.054167
0 0.150312 0.705833 0.059375 0.093333
0 0.033438 0.299583 0.064375 0.079167
0 0.070000 0.038333 0.065000 0.070000
0 0.030937 0.041250 0.059375 0.075833
0 0.268750 0.267917 0.058750 0.062500
0 0.191562 0.228333 0.084375 0.073333
0 0.235937 0.109167 0.055625 0.075000
0 0.287813 0.047083 0.071875 0.092500
0 0.290312 0.328333 0.083125 0.093333
0 0.598125 0.111667 0.080000 0.073333
0 0.686875 0.132500 0.061250 0.071667
0 0.910625 0.054583 0.057500 0.074167
0 0.969063 0.835000 0.050625 0.071667
0 0.189375 0.778333 0.053750 0.073333
3 0.162812 0.623333 0.066875 0.096667
0 0.091250 0.828750 0.067500 0.074167
