0 0.541562 0.356667 0.071875 0.096667
0 0.582812 0.832083 0.061875 0.102500
0 0.741875 0.412083 0.065000 0.100833
0 0.388125 0.081667 0.077500 0.090000
0 0.836875 0.493333 0.063750 0.083333
0 0.522813 0.112917 0.073125 0.099167
0 0.424063 0.184167 0.068125 0.093333
0 0.233125 0.437500 0.062500 0.085000
0 0.239687 0.110833 0.073125 0.096667
0 0.150312 0.893333 0.069375 0.096667
0 0.650937 0.467083 0.059375 0.089167
0 0.780937 0.305833 0.064375 0.085000
0 0.441563 0.395417 0.069375 0.092500
0 0.809688 0.161667 0.065625 0.091667
0 0.347500 0.197083 0.061250 0.084167
0 0.919063 0.425417 0.069375 0.097500
0 0.325000 0.266667 0.060000 0.081667
0 0.240313 0.593333 0.066875 0.088333
0 0.743750 0.741250 0.065000 0.089167
0 0.445625 0.725833 0.078750 0.101667
0 0.664062 0.774167 0.081875 0.108333
0 0.674687 0.872500 0.061875 0.076667
0 0.771875 0.568333 0.068750 0.086667
0 0.820625 0.763333 0.072500 0.103333
0 0.258750 0.334167 0.073750 0.093333
0 0.059375 0.099583 0.057500 0.080833
0 0.526563 0.726250 0.060625 0.082500
0 0.095312 0.182500 0.073125 0.093333
0 0.467813 0.829167 0.078125 0.093333
0 0.846250 0.059167 0.082500 0.096667
0 0.612187 0.110833 0.050625 0.068333
0 0.045000 0.773333 0.066250 0.090000
0 0.506250 0.213333 0.060000 0.078333
0 0.740938 0.129583 0.058125 0.072500
0 0.743437 0.268750 0.066875 0.100833
0 0.790625 0.655833 0.071250 0.083333
0 0.667813 0.353750 0.074375 0.107500
0 0.036875 0.428750 0.073750 0.082500
0 0.184375 0.258750 0.085000 0.109167
0 0.181875 0.201250 0.068750 0.104167
0 0.537500 0.952083 0.065000 0.094167
0 0.070938 0.508750 0.056875 0.082500
0 0.037187 0.573750 0.074375 0.072500
0 0.354687 0.754583 0.079375 0.105833
1 0.568125 0.505000 0.113750 0.208333
