0 0.807187 0.080833 0.071875 0.086667
0 0.594688 0.340833 0.068125 0.086667
0 0.339687 0.080833 0.075625 0.070000
0 0.242188 0.932500 0.073125 0.113333
0 0.730000 0.531250 0.065000 0.094167
0 0.172187 0.564583 0.058125 0.102500
0 0.668438 0.648750 0.061875 0.085833
0 0.342500 0.539583 0.067500 0.100833
0 0.270937 0.280417 0.061875 0.079167
0 0.192500 0.697500 0.060000 0.093333
0 0.547188 0.538750 0.065625 0.085833
0 0.210313 0.187083 0.063125 0.080833
0 0.258125 0.367500 0.078750 0.091667
0 0.263437 0.697917 0.071875 0.094167
0 0.940000 0.255000 0.066250 0.088333
0 0.394375 0.684167 0.062500 0.085000
0 0.848750 0.173750 0.067500 0.117500
0 0.085312 0.195417 0.063125 0.077500
0 0.781250 0.189167 0.068750 0.111667
0 0.468438 0.705000 0.074375 0.098333
0 0.615938 0.237500 0.064375 0.081667
0 0.417812 0.947500 0.059375 0.098333
0 0.037812 0.124167 0.063125 0.086667
0 0.255625 0.791250 0.072500 0.085833
0 0.315625 0.153333 0.063750 0.080000
0 0.154688 0.767917 0.061875 0.090833
0 0.607187 0.667083 0.058125 0.085833
0 0.606250 0.105833 0.076250 0.095000
0 0.820937 0.607083 0.061875 0.094167
0 0.041563 0.527500 0.065625 0.108333
0 0.097500 0.426667 0.068750 0.081667
0 0.215938 0.048333 0.064375 0.081667
0 0.296250 0.888333 0.060000 0.093333
0 0.139687 0.122917 0.061875 0.097500
0 0.613125 0.810000 0.066250 0.088333
0 0.910312 0.707917 0.056875 0.082500
0 0.883125 0.119167 0.070000 0.100000
0 0.725000 0.630833 0.061250 0.091667
0 0.075625 0.659583 0.057500 0.084167
0 0.619375 0.533750 0.061250 0.097500
0 0.878750 0.437500 0.066250 0.086667
0 0.258750 0.538333 0.058750 0.081667
0 0.409062 0.151667 0.063125 0.086667
0 0.536875 0.245417 0.076250 0.107500
0 0.738750 0.763750 0.062500 0.087500
0 0.535625 0.066250 0.061250 0.084167
0 0.574375 0.429583 0.061250 0.077500
0 0.501563 0.595417 0.070625 0.090833
0 0.107813 0.602500 0.068125 0.076667
0 0.853437 0.314167 0.064375 0.108333
0 0.349375 0.219583 0.061250 0.089167
0 0.787813 0.269167 0.068125 0.083333
0 0.961562 0.486667 0.056875 0.083333
0 0.563438 0.911250 0.065625 0.107500
0 0.487500 0.934167 0.067500 0.091667
0 0.461875 0.062500 0.067500 0.081667
0 0.460938 0.405833 0.073125 0.071667
0 0.086875 0.794583 0.076250 0.072500
0 0.642500 0.475000 0.073750 0.080000
0 0.873750 0.855417 0.063750 0.082500
0 0.454375 0.605000 0.067500 0.093333
0 0.372500 0.774167 0.075000 0.080000
0 0.306875 0.588750 0.076250 0.097500
0 0.950625 0.170000 0.073750 0.081667
0 0.715625 0.172083 0.063750 0.094167
0 0.388125 0.406250 0.070000 0.074167
0 0.878437 0.576250 0.059375 0.079167
0 0.953750 0.783750 0.066250 0.075833
0 0.177500 0.906667 0.062500 0.078333
0 0.736875 0.895833 0.057500 0.083333
0 0.281250 0.187500 0.066250 0.113333
0 0.584063 0.153333 0.058125 0.075000
0 0.048438 0.351250 0.073125 0.080833
0 0.689688 0.204167 0.065625 0.100000
0 0.784062 0.330000 0.060625 0.090000
0 0.326250 0.325417 0.047500 0.095833
0 0.102188 0.500000 0.071875 0.100000
0 0.133437 0.278750 0.064375 0.090833
0 0.046875 0.262500 0.060000 0.086667
0 0.409687 0.330000 0.068125 0.076667
0 0.687187 0.413333 0.059375 0.086667
0 0.691250 0.734167 0.058750 0.078333
0 0.168437 0.243333 0.054375 0.090000
0 0.379375 0.235833 0.062500 0.086667
0 0.108125 0.710833 0.067500 0.083333
0 0.945000 0.365833 0.072500 0.111667
0 0.495000 0.194167 0.068750 0.093333
0 0.761250 0.677917 0.058750 0.084167
0 0.846250 0.478333 0.078750 0.106667
0 0.198125 0.304167 0.057500 0.075000
0 0.565312 0.756667 0.060625 0.095000
0 0.957500 0.895000 0.062500 0.083333
0 0.330625 0.472917 0.060000 0.092500
0 0.839688 0.777917 0.068125 0.082500
0 0.059062 0.863750 0.073125 0.097500
0 0.552813 0.711250 0.068125 0.107500
0 0.910000 0.387500 0.065000 0.090000
0 0.349375 0.804167 0.076250 0.086667
0 0.671562 0.369167 0.065625 0.091667
0 0.247188 0.636250 0.065625 0.080833
0 0.386875 0.872500 0.045000 0.075000
0 0.785625 0.592500 0.056250 0.105000
0 0.693125 0.059167 0.067500 0.110000
0 0.490938 0.527917 0.065625 0.087500
0 0.222188 0.535833 0.053125 0.115000
0 0.414062 0.547083 0.056875 0.099167
0 0.935000 0.115417 0.078750 0.097500
0 0.671250 0.850833 0.058750 0.090000
0 0.954063 0.955000 0.070625 0.088333
0 0.349062 0.951667 0.064375 0.095000
0 0.234375 0.420000 0.066250 0.081667
0 0.889062 0.915417 0.050625 0.090833
0 0.163750 0.420833 0.046250 0.101667
0 0.768125 0.434583 0.065000 0.077500
0 0.419375 0.490417 0.058750 0.082500
