0 0.083437 0.207083 0.061875 0.090833
0 0.522188 0.626250 0.063125 0.082500
0 0.136563 0.569167 0.069375 0.088333
0 0.654062 0.250833 0.070625 0.091667
0 0.677813 0.385833 0.071875 0.106667
0 0.257812 0.067917 0.071875 0.104167
0 0.927813 0.798333 0.069375 0.096667
0 0.097187 0.922083 0.075625 0.090833
0 0.346562 0.530833 0.068125 0.100000
0 0.225312 0.627500 0.071875 0.083333
0 0.537813 0.246667 0.074375 0.106667
0 0.368437 0.690417 0.073125 0.090833
0 0.533750 0.354167 0.065000 0.083333
0 0.930312 0.495417 0.064375 0.117500
0 0.391250 0.948333 0.076250 0.093333
0 0.136250 0.452500 0.063750 0.095000
0 0.285625 0.935000 0.073750 0.086667
4 0.566250 0.431250 0.081250 0.094167
0 0.752188 0.093333 0.068125 0.091667
0 0.234687 0.818750 0.069375 0.085833
0 0.424687 0.814167 0.081875 0.095000
0 0.414687 0.623750 0.080625 0.094167
0 0.729375 0.176667 0.066250 0.120000
0 0.452813 0.392917 0.063125 0.087500
0 0.849063 0.647500 0.075625 0.091667
0 0.499375 0.500833 0.067500 0.116667
0 0.414687 0.527500 0.068125 0.113333
0 0.832500 0.498333 0.071250 0.116667
0 0.244375 0.260833 0.056250 0.113333
0 0.861250 0.950833 0.096250 0.081667
0 0.557813 0.485417 0.075625 0.109167
0 0.262500 0.863750 0.075000 0.092500
0 0.745938 0.950417 0.089375 0.099167
0 0.475938 0.431667 0.076875 0.115000
