0 0.245312 0.089167 0.075625 0.098333
0 0.852500 0.769583 0.081250 0.095833
0 0.144063 0.286667 0.075625 0.106667
0 0.916875 0.846250 0.076250 0.102500
0 0.879375 0.690000 0.053750 0.083333
0 0.472500 0.919167 0.070000 0.083333
0 0.573750 0.802083 0.071250 0.080833
0 0.608437 0.897917 0.075625 0.102500
0 0.766875 0.142083 0.076250 0.095833
0 0.286875 0.161250 0.077500 0.102500
0 0.759062 0.834167 0.071875 0.115000
0 0.582812 0.140833 0.069375 0.088333
0 0.483750 0.522083 0.066250 0.077500
0 0.451875 0.850000 0.073750 0.086667
0 0.815312 0.937500 0.070625 0.096667
0 0.746875 0.322500 0.071250 0.078333
0 0.947187 0.928750 0.065625 0.075833
0 0.826250 0.261250 0.060000 0.089167
0 0.871875 0.945417 0.082500 0.097500
0 0.923125 0.426667 0.076250 0.091667
0 0.420000 0.778750 0.066250 0.080833
0 0.778750 0.200000 0.075000 0.098333
0 0.840313 0.377500 0.070625 0.101667
0 0.367500 0.855833 0.077500 0.101667
0 0.252500 0.323750 0.065000 0.094167
0 0.247500 0.482083 0.075000 0.100833
0 0.199687 0.441250 0.069375 0.102500
0 0.169375 0.781667 0.081250 0.106667
0 0.265625 0.836667 0.052500 0.101667
0 0.498125 0.768750 0.063750 0.094167
0 0.435937 0.733333 0.064375 0.088333
0 0.672813 0.656250 0.070625 0.080833
0 0.550625 0.282083 0.078750 0.105833
0 0.125625 0.838333 0.071250 0.103333
0 0.358125 0.802083 0.067500 0.094167
1 0.204063 0.870417 0.086875 0.104167
0 0.632188 0.737500 0.079375 0.106667
0 0.312188 0.712083 0.060625 0.079167
0 0.628125 0.209167 0.066250 0.073333
0 0.672813 0.255833 0.063125 0.086667
0 0.599063 0.696667 0.065625 0.091667
0 0.695000 0.225417 0.071250 0.090833
0 0.559063 0.525833 0.068125 0.100000
0 0.435937 0.480417 0.075625 0.100833
0 0.308437 0.791250 0.053125 0.082500
0 0.727187 0.716250 0.075625 0.095833
0 0.967187 0.705417 0.064375 0.087500
1 0.539687 0.662917 0.088125 0.097500
1 0.912813 0.242500 0.083125 0.096667
0 0.903125 0.194583 0.055000 0.082500
0 0.940625 0.317083 0.065000 0.075833
0 0.909375 0.334583 0.067500 0.079167
0 0.592812 0.539167 0.071875 0.096667
0 0.484375 0.614583 0.073750 0.107500
0 0.470000 0.713750 0.073750 0.094167
0 0.703125 0.734583 0.061250 0.094167
0 0.184062 0.491667 0.065625 0.100000
0 0.068750 0.486667 0.077500 0.100000
0 0.060312 0.665833 0.094375 0.091667
0 0.115312 0.506250 0.069375 0.094167
0 0.080625 0.557917 0.062500 0.080833
0 0.096875 0.625833 0.063750 0.085000
0 0.049375 0.753333 0.053750 0.086667
0 0.645938 0.117083 0.061875 0.112500
