0 0.554688 0.234167 0.071875 0.100000
0 0.338438 0.418750 0.070625 0.094167
0 0.965625 0.555833 0.067500 0.093333
0 0.882812 0.458750 0.066875 0.105833
0 0.772188 0.731667 0.061875 0.091667
0 0.176875 0.445417 0.068750 0.087500
0 0.163750 0.785417 0.067500 0.092500
0 0.850625 0.850833 0.083750 0.078333
0 0.561562 0.058750 0.074375 0.075833
0 0.486875 0.389167 0.063750 0.103333
0 0.890625 0.566250 0.068750 0.100833
0 0.286875 0.727500 0.072500 0.108333
0 0.223750 0.853333 0.078750 0.088333
0 0.541250 0.868750 0.068750 0.087500
0 0.945000 0.449583 0.066250 0.102500
0 0.517500 0.752917 0.065000 0.090833
0 0.840625 0.613750 0.072500 0.075833
0 0.052500 0.317917 0.071250 0.084167
0 0.840000 0.746667 0.073750 0.096667
0 0.477500 0.212083 0.061250 0.112500
0 0.673750 0.928333 0.081250 0.078333
0 0.279375 0.902500 0.072500 0.083333
0 0.069375 0.761667 0.076250 0.091667
0 0.107813 0.570417 0.066875 0.080833
0 0.587500 0.561250 0.075000 0.115833
0 0.224375 0.338333 0.065000 0.101667
0 0.463125 0.740833 0.067500 0.095000
0 0.222812 0.616667 0.068125 0.091667
0 0.210000 0.704167 0.075000 0.083333
0 0.083750 0.180417 0.077500 0.094167
0 0.083750 0.665417 0.066250 0.074167
0 0.185000 0.363750 0.073750 0.095833
0 0.388125 0.745000 0.081250 0.085000
0 0.306563 0.267500 0.081875 0.078333
0 0.799063 0.468333 0.068125 0.103333
0 0.914687 0.220833 0.066875 0.103333
0 0.647188 0.295833 0.085625 0.078333
0 0.156875 0.738333 0.067500 0.086667
0 0.784062 0.257083 0.074375 0.095833
0 0.579063 0.800833 0.066875 0.090000
0 0.626875 0.807083 0.071250 0.095833
0 0.380312 0.314167 0.066875 0.075000
0 0.488125 0.841667 0.085000 0.066667
0 0.964063 0.889583 0.070625 0.084167
0 0.324062 0.650417 0.074375 0.094167
0 0.516563 0.946667 0.084375 0.088333
0 0.850625 0.522083 0.070000 0.084167
0 0.167813 0.638333 0.084375 0.065000
0 0.252500 0.432083 0.076250 0.090833
0 0.386250 0.678750 0.075000 0.077500
0 0.683125 0.877500 0.091250 0.078333
0 0.437500 0.953750 0.078750 0.090833
0 0.887500 0.956667 0.077500 0.086667
0 0.227813 0.534583 0.110625 0.059167
0 0.329688 0.218750 0.065625 0.075833
0 0.369063 0.244583 0.065625 0.117500
4 0.743125 0.557083 0.076250 0.094167
