0 0.861875 0.770417 0.075000 0.094167
0 0.443437 0.649167 0.071875 0.093333
0 0.932187 0.662500 0.079375 0.100000
0 0.050000 0.529583 0.067500 0.100833
0 0.718750 0.828750 0.073750 0.099167
0 0.183125 0.161667 0.080000 0.098333
0 0.114687 0.237917 0.075625 0.102500
0 0.584375 0.297083 0.066250 0.090833
0 0.253125 0.432917 0.081250 0.110833
0 0.709063 0.571667 0.068125 0.101667
0 0.557813 0.837917 0.076875 0.097500
0 0.921250 0.513750 0.086250 0.107500
0 0.793438 0.727500 0.070625 0.105000
0 0.755938 0.052500 0.078125 0.096667
0 0.597187 0.559167 0.066875 0.091667
0 0.738750 0.187083 0.071250 0.104167
0 0.507188 0.593750 0.075625 0.097500
0 0.481875 0.919167 0.073750 0.096667
0 0.904375 0.404583 0.072500 0.100833
0 0.612500 0.853750 0.073750 0.124167
0 0.315312 0.512917 0.080625 0.112500
0 0.511563 0.207917 0.076875 0.110833
0 0.565625 0.430833 0.073750 0.095000
0 0.082812 0.837500 0.091875 0.091667
0 0.690937 0.458750 0.074375 0.100833
0 0.415625 0.845000 0.078750 0.101667
0 0.958125 0.870417 0.071250 0.099167
0 0.323437 0.832500 0.073125 0.091667
0 0.414062 0.218750 0.078125 0.110833
0 0.736250 0.416667 0.082500 0.105000
0 0.377500 0.085417 0.071250 0.102500
0 0.803125 0.153750 0.081250 0.094167
0 0.786250 0.391667 0.068750 0.100000
0 0.315625 0.157500 0.076250 0.110000
0 0.180312 0.918333 0.086875 0.093333
0 0.909375 0.918750 0.090000 0.095833
0 0.486563 0.760833 0.069375 0.076667
0 0.829375 0.412083 0.068750 0.107500
0 0.517188 0.492917 0.078125 0.092500
0 0.760625 0.507917 0.073750 0.075833
0 0.291563 0.044167 0.070625 0.086667
3 0.128438 0.647500 0.080625 0.141667
0 0.546562 0.757500 0.068125 0.090000
0 0.385313 0.770417 0.073125 0.094167
0 0.676250 0.672500 0.075000 0.110000
0 0.194375 0.290417 0.048750 0.125833
0 0.527188 0.680833 0.081875 0.100000
0 0.560312 0.670833 0.070625 0.093333
0 0.252188 0.520833 0.069375 0.116667
0 0.729062 0.956667 0.070625 0.085000
0 0.312500 0.771667 0.125000 0.163333
