0 0.203437 0.605833 0.063125 0.098333
0 0.867188 0.225833 0.065625 0.071667
0 0.414062 0.858750 0.066875 0.097500
0 0.665625 0.126250 0.086250 0.092500
0 0.043750 0.598333 0.067500 0.106667
0 0.853125 0.114583 0.070000 0.090833
0 0.102188 0.894583 0.061875 0.085833
0 0.327813 0.477917 0.071875 0.105833
0 0.072188 0.680833 0.070625 0.075000
0 0.786875 0.145833 0.082500 0.108333
0 0.237813 0.443333 0.073125 0.105000
0 0.076250 0.209167 0.070000 0.103333
0 0.276250 0.676667 0.078750 0.080000
0 0.509375 0.379583 0.067500 0.097500
0 0.860000 0.333750 0.080000 0.092500
0 0.087813 0.127500 0.065625 0.103333
0 0.683125 0.516250 0.058750 0.107500
0 0.839375 0.416667 0.070000 0.093333
0 0.936562 0.101667 0.073125 0.078333
0 0.781875 0.850417 0.068750 0.085833
0 0.937500 0.911250 0.070000 0.097500
0 0.545312 0.750833 0.081875 0.096667
0 0.705000 0.765833 0.072500 0.110000
0 0.084375 0.409583 0.075000 0.107500
0 0.769375 0.469583 0.062500 0.095833
0 0.300625 0.756250 0.092500 0.089167
0 0.444375 0.245417 0.071250 0.084167
0 0.812813 0.285417 0.059375 0.107500
0 0.055313 0.790833 0.076875 0.091667
0 0.129688 0.767500 0.074375 0.091667
0 0.429063 0.165417 0.093125 0.099167
0 0.613125 0.689583 0.078750 0.090833
0 0.774687 0.242917 0.059375 0.109167
0 0.494063 0.236667 0.083125 0.080000
0 0.702187 0.419583 0.064375 0.104167
0 0.049375 0.931667 0.073750 0.078333
0 0.278750 0.376667 0.080000 0.061667
0 0.477812 0.820417 0.078125 0.099167
0 0.730625 0.475833 0.050000 0.111667
0 0.962187 0.177083 0.074375 0.090833
0 0.880938 0.047083 0.070625 0.082500
0 0.203437 0.353750 0.080625 0.070833
0 0.372188 0.690000 0.115625 0.080000
0 0.640938 0.415000 0.058125 0.126667
0 0.759062 0.794167 0.075625 0.086667
0 0.402813 0.961250 0.068125 0.075833
0 0.677500 0.680000 0.066250 0.125000
0 0.479687 0.875000 0.078125 0.075000
0 0.602812 0.406667 0.056875 0.101667
0 0.278750 0.289167 0.090000 0.118333
0 0.572187 0.440833 0.049375 0.146667
0 0.161562 0.407917 0.071875 0.089167
0 0.494063 0.925417 0.063125 0.075833
