0 0.130625 0.448333 0.071250 0.091667
0 0.766563 0.283750 0.080625 0.110833
0 0.085938 0.155000 0.071875 0.093333
0 0.323750 0.150417 0.072500 0.099167
0 0.591250 0.645417 0.081250 0.097500
0 0.428750 0.133333 0.072500 0.095000
0 0.474062 0.200833 0.065625 0.098333
0 0.640938 0.718333 0.073125 0.080000
0 0.811250 0.922917 0.072500 0.095833
0 0.341875 0.725833 0.063750 0.086667
0 0.835313 0.394167 0.073125 0.100000
0 0.292500 0.620000 0.073750 0.108333
0 0.215938 0.064167 0.071875 0.110000
0 0.937500 0.903333 0.071250 0.093333
0 0.387500 0.926667 0.072500 0.100000
0 0.742188 0.686667 0.061875 0.083333
0 0.056563 0.688750 0.064375 0.085833
0 0.948125 0.302083 0.078750 0.109167
0 0.765625 0.080417 0.070000 0.099167
0 0.127188 0.787500 0.069375 0.088333
3 0.546562 0.177500 0.080625 0.095000
0 0.220312 0.725000 0.079375 0.106667
0 0.163125 0.892500 0.070000 0.093333
0 0.680000 0.413333 0.078750 0.098333
0 0.146250 0.053750 0.068750 0.102500
0 0.507188 0.371250 0.060625 0.089167
0 0.070938 0.055417 0.073125 0.097500
0 0.270000 0.109583 0.065000 0.092500
0 0.505313 0.519583 0.074375 0.095833
0 0.722500 0.590833 0.072500 0.096667
0 0.875625 0.320000 0.070000 0.083333
2 0.470313 0.666667 0.094375 0.128333
0 0.814688 0.590417 0.086875 0.095833
0 0.760625 0.412500 0.068750 0.095000
0 0.199375 0.574167 0.071250 0.100000
0 0.655312 0.505833 0.075625 0.096667
0 0.132812 0.691667 0.074375 0.096667
0 0.818125 0.726667 0.078750 0.095000
0 0.923438 0.947500 0.086875 0.096667
0 0.100937 0.484583 0.078125 0.087500
0 0.170313 0.259167 0.053125 0.105000
0 0.592812 0.866250 0.075625 0.100833
0 0.124063 0.590417 0.080625 0.097500
0 0.864688 0.677500 0.069375 0.088333
2 0.379375 0.263750 0.081250 0.144167
0 0.295938 0.370833 0.051875 0.113333
0 0.287813 0.721667 0.054375 0.091667
0 0.705625 0.561250 0.070000 0.099167
