0 0.091250 0.471250 0.061250 0.087500
0 0.370937 0.292500 0.056875 0.083333
0 0.143125 0.255000 0.065000 0.090000
0 0.207500 0.705417 0.063750 0.089167
0 0.794063 0.137917 0.074375 0.092500
0 0.373750 0.881667 0.072500 0.085000
0 0.414062 0.555833 0.063125 0.101667
0 0.044687 0.915833 0.065625 0.083333
0 0.522813 0.822083 0.069375 0.092500
0 0.065000 0.656667 0.062500 0.085000
0 0.690937 0.554583 0.065625 0.115833
0 0.822500 0.909583 0.062500 0.085833
0 0.891563 0.795417 0.066875 0.085833
0 0.468125 0.905417 0.067500 0.090833
0 0.737187 0.738333 0.074375 0.103333
0 0.769375 0.839583 0.063750 0.095833
0 0.350000 0.471250 0.070000 0.084167
0 0.298125 0.902917 0.073750 0.095833
0 0.200313 0.430833 0.061875 0.120000
0 0.955937 0.852500 0.070625 0.093333
0 0.309375 0.345417 0.066250 0.097500
0 0.632812 0.592500 0.074375 0.088333
0 0.353750 0.072917 0.066250 0.095833
0 0.122188 0.635000 0.056875 0.076667
0 0.040000 0.309583 0.070000 0.100833
0 0.063125 0.139167 0.067500 0.090000
2 0.953438 0.345417 0.073125 0.112500
0 0.488125 0.505417 0.080000 0.089167
0 0.427187 0.067500 0.076875 0.100000
0 0.369688 0.193333 0.056875 0.090000
0 0.958125 0.253750 0.053750 0.075833
0 0.706562 0.185417 0.073125 0.095833
0 0.705625 0.829583 0.058750 0.109167
0 0.621250 0.508750 0.073750 0.094167
0 0.719063 0.345833 0.070625 0.093333
0 0.870000 0.704167 0.066250 0.083333
0 0.836875 0.431250 0.063750 0.104167
0 0.580937 0.955000 0.066875 0.085000
0 0.826250 0.747500 0.076250 0.091667
0 0.322813 0.137917 0.069375 0.080833
0 0.442812 0.768750 0.078125 0.090833
0 0.459062 0.712917 0.059375 0.077500
0 0.506250 0.266250 0.068750 0.077500
