0 0.900937 0.147500 0.081875 0.073333
0 0.737187 0.241667 0.078125 0.090000
0 0.285313 0.324583 0.071875 0.094167
0 0.135937 0.852500 0.051875 0.081667
0 0.868437 0.423333 0.060625 0.105000
0 0.802813 0.438333 0.073125 0.101667
0 0.679688 0.860000 0.073125 0.103333
0 0.758125 0.084167 0.067500 0.110000
0 0.299375 0.703750 0.065000 0.079167
0 0.166875 0.479167 0.071250 0.083333
0 0.328437 0.766250 0.058125 0.075833
0 0.291875 0.227917 0.075000 0.102500
0 0.835313 0.785833 0.060625 0.073333
0 0.211250 0.425833 0.072500 0.073333
0 0.568125 0.057500 0.072500 0.078333
0 0.609688 0.741667 0.069375 0.091667
0 0.175000 0.792917 0.073750 0.084167
0 0.542188 0.501250 0.080625 0.095833
0 0.730313 0.366667 0.065625 0.080000
0 0.049688 0.483333 0.061875 0.083333
0 0.232500 0.060833 0.072500 0.095000
0 0.851562 0.255000 0.079375 0.070000
0 0.934063 0.736250 0.064375 0.082500
0 0.088125 0.335417 0.060000 0.092500
0 0.182812 0.912917 0.065625 0.110833
0 0.059062 0.226250 0.073125 0.094167
0 0.351250 0.572917 0.075000 0.089167
0 0.216562 0.262500 0.059375 0.081667
0 0.778750 0.922917 0.072500 0.102500
0 0.422187 0.610833 0.048125 0.080000
0 0.270313 0.843333 0.074375 0.096667
0 0.178125 0.166667 0.060000 0.075000
0 0.925000 0.287500 0.058750 0.101667
0 0.089375 0.735417 0.060000 0.087500
0 0.568750 0.437500 0.073750 0.095000
0 0.888125 0.958750 0.058750 0.070833
0 0.167500 0.246250 0.050000 0.074167
0 0.146250 0.396250 0.061250 0.084167
0 0.062187 0.163750 0.068125 0.089167
0 0.933125 0.202500 0.073750 0.071667
0 0.054062 0.398750 0.071875 0.082500
0 0.104375 0.438333 0.055000 0.101667
0 0.418125 0.793750 0.057500 0.085833
0 0.679688 0.457500 0.059375 0.078333
0 0.135000 0.640000 0.066250 0.075000
0 0.883750 0.076250 0.071250 0.062500
0 0.080000 0.535417 0.068750 0.084167
1 0.457188 0.518750 0.096875 0.090833
0 0.401562 0.758333 0.056875 0.085000
0 0.141563 0.286250 0.068125 0.084167
0 0.253437 0.630833 0.054375 0.075000
0 0.078750 0.844167 0.066250 0.078333
1 0.601875 0.827083 0.088750 0.105833
0 0.098437 0.582500 0.073125 0.088333
0 0.898438 0.893333 0.071875 0.060000
0 0.969375 0.800833 0.048750 0.071667
0 0.304375 0.437917 0.068750 0.059167
0 0.123438 0.686250 0.059375 0.079167
0 0.213750 0.562917 0.067500 0.089167
0 0.828750 0.856250 0.057500 0.087500
0 0.256563 0.542083 0.083125 0.087500
4 0.251563 0.882083 0.081875 0.100833
0 0.260937 0.507083 0.073125 0.075833
0 0.335938 0.672917 0.066875 0.084167
1 0.909687 0.814583 0.079375 0.099167
0 0.407813 0.655417 0.065625 0.084167
3 0.152500 0.065417 0.090000 0.112500
1 0.579375 0.950000 0.100000 0.093333
1 0.481250 0.720417 0.070000 0.122500
6 0.830000 0.044583 0.103750 0.089167
0 0.242188 0.965833 0.061875 0.065000
0 0.487812 0.647083 0.075625 0.060833
0 0.466875 0.595833 0.068750 0.076667
0 0.559063 0.707917 0.073125 0.075833
0 0.547813 0.746250 0.074375 0.090833
0 0.786250 0.864583 0.070000 0.102500
0 0.557187 0.885833 0.105625 0.073333
0 0.518437 0.843333 0.079375 0.095000
0 0.498750 0.799583 0.083750 0.079167
0 0.058438 0.770417 0.063125 0.082500
0 0.859062 0.213333 0.066875 0.071667
0 0.508750 0.542917 0.057500 0.097500
0 0.328125 0.621250 0.072500 0.084167
