0 0.324062 0.242500 0.079375 0.101667
0 0.405000 0.728333 0.076250 0.093333
0 0.666875 0.314167 0.076250 0.103333
0 0.582187 0.328333 0.078125 0.100000
0 0.263437 0.576667 0.071875 0.098333
0 0.463750 0.586667 0.067500 0.083333
0 0.669687 0.787083 0.078125 0.102500
0 0.448750 0.783333 0.061250 0.081667
0 0.425312 0.892083 0.073125 0.102500
0 0.743125 0.755417 0.072500 0.097500
0 0.059062 0.832083 0.073125 0.107500
0 0.165313 0.330417 0.068125 0.084167
0 0.757188 0.355417 0.075625 0.094167
0 0.693750 0.675417 0.063750 0.090833
0 0.677188 0.894167 0.068125 0.095000
0 0.337500 0.362083 0.080000 0.102500
0 0.776250 0.485000 0.077500 0.103333
0 0.408438 0.594167 0.049375 0.068333
1 0.185312 0.212917 0.074375 0.102500
0 0.249688 0.481667 0.068125 0.086667
1 0.072188 0.537917 0.078125 0.112500
0 0.785312 0.281250 0.070625 0.085833
0 0.436875 0.158750 0.071250 0.084167
0 0.111562 0.687083 0.074375 0.102500
0 0.283750 0.414583 0.067500 0.079167
0 0.550937 0.878750 0.054375 0.074167
0 0.232500 0.158750 0.076250 0.110833
0 0.120000 0.250833 0.070000 0.098333
0 0.788438 0.587083 0.074375 0.104167
0 0.520625 0.780833 0.070000 0.090000
0 0.194375 0.096667 0.076250 0.098333
0 0.614375 0.423750 0.070000 0.095833
0 0.743437 0.872500 0.078125 0.105000
0 0.076250 0.155833 0.073750 0.086667
0 0.182500 0.648333 0.076250 0.111667
0 0.561875 0.756667 0.067500 0.091667
0 0.348125 0.505417 0.053750 0.082500
0 0.625625 0.594167 0.061250 0.083333
0 0.506875 0.832917 0.071250 0.100833
0 0.677500 0.402500 0.068750 0.085000
0 0.765625 0.682917 0.077500 0.077500
0 0.226250 0.365417 0.061250 0.084167
0 0.118125 0.466250 0.080000 0.105833
0 0.412187 0.350000 0.068125 0.076667
0 0.400938 0.513750 0.065625 0.085833
0 0.648750 0.505000 0.073750 0.101667
0 0.514375 0.423750 0.070000 0.060833
0 0.266875 0.250833 0.053750 0.086667
0 0.458750 0.466667 0.070000 0.093333
0 0.497500 0.232917 0.080000 0.094167
0 0.185312 0.442500 0.065625 0.078333
0 0.613125 0.845833 0.063750 0.101667
0 0.536563 0.353333 0.074375 0.101667
0 0.236875 0.309167 0.062500 0.081667
0 0.450625 0.258750 0.066250 0.084167
1 0.922500 0.447500 0.073750 0.125000
0 0.050313 0.940000 0.054375 0.088333
0 0.389062 0.285000 0.064375 0.096667
0 0.058125 0.230417 0.067500 0.084167
0 0.639375 0.664167 0.062500 0.070000
1 0.302812 0.723750 0.094375 0.129167
1 0.872188 0.625833 0.081875 0.125000
1 0.521250 0.502917 0.063750 0.095833
1 0.945937 0.097917 0.084375 0.182500
1 0.314375 0.900833 0.077500 0.155000
0 0.331562 0.585000 0.064375 0.100000
0 0.368437 0.650417 0.051875 0.085833
0 0.152188 0.420417 0.069375 0.092500
0 0.034063 0.324583 0.056875 0.089167
0 0.064062 0.326250 0.066875 0.082500
0 0.090938 0.374167 0.055625 0.086667
0 0.111562 0.192500 0.063125 0.081667
0 0.579688 0.462500 0.063125 0.098333
0 0.443750 0.420000 0.056250 0.076667
0 0.392188 0.231667 0.065625 0.085000
0 0.498750 0.133750 0.063750 0.067500
0 0.354375 0.850417 0.051250 0.092500
0 0.578438 0.683333 0.065625 0.076667
0 0.669687 0.745833 0.064375 0.076667
0 0.558125 0.688750 0.068750 0.090833
0 0.552813 0.566667 0.065625 0.100000
0 0.721250 0.578333 0.062500 0.076667
0 0.690312 0.582917 0.065625 0.092500
0 0.721250 0.493750 0.068750 0.082500
0 0.583438 0.503750 0.070625 0.084167
0 0.470000 0.380417 0.065000 0.080833
0 0.502500 0.308333 0.072500 0.078333
0 0.410313 0.846667 0.066875 0.088333
0 0.913125 0.878333 0.072500 0.081667
0 0.585625 0.584583 0.061250 0.070833
0 0.628437 0.881667 0.083125 0.098333
0 0.249375 0.675833 0.071250 0.100000
