0 0.190938 0.161250 0.083125 0.070833
0 0.659062 0.710000 0.068125 0.083333
0 0.546250 0.147500 0.080000 0.095000
0 0.486250 0.642917 0.073750 0.099167
0 0.402500 0.411667 0.066250 0.095000
0 0.887188 0.067083 0.069375 0.094167
0 0.635000 0.607500 0.063750 0.103333
0 0.089063 0.523333 0.064375 0.090000
0 0.654687 0.491667 0.066875 0.088333
0 0.230625 0.750000 0.073750 0.088333
0 0.295938 0.583750 0.081875 0.082500
0 0.290312 0.919583 0.071875 0.094167
0 0.841250 0.113333 0.070000 0.095000
0 0.959688 0.471667 0.063125 0.090000
0 0.635625 0.836667 0.058750 0.086667
0 0.414375 0.788750 0.076250 0.094167
0 0.650625 0.442917 0.063750 0.104167
0 0.782188 0.813750 0.073125 0.090833
0 0.865313 0.207083 0.071875 0.074167
0 0.724688 0.076667 0.076875 0.095000
0 0.722500 0.702083 0.076250 0.070833
0 0.437812 0.260417 0.074375 0.097500
0 0.120938 0.668333 0.069375 0.086667
0 0.744375 0.787500 0.057500 0.093333
0 0.412187 0.915000 0.070625 0.081667
0 0.437812 0.336667 0.085625 0.073333
0 0.341562 0.395833 0.076875 0.083333
0 0.428750 0.673750 0.068750 0.087500
0 0.494688 0.494583 0.086875 0.100833
0 0.895625 0.744167 0.063750 0.091667
0 0.617812 0.283333 0.070625 0.086667
0 0.949375 0.218750 0.065000 0.104167
0 0.710000 0.496667 0.055000 0.106667
0 0.374375 0.685000 0.082500 0.088333
0 0.287500 0.305417 0.076250 0.090833
0 0.567813 0.365000 0.063125 0.083333
0 0.296563 0.189583 0.073125 0.089167
0 0.668438 0.632083 0.065625 0.104167
0 0.440000 0.840417 0.083750 0.069167
0 0.170625 0.060000 0.097500 0.081667
0 0.586875 0.077500 0.092500 0.078333
0 0.710625 0.791667 0.070000 0.100000
0 0.080000 0.608333 0.086250 0.066667
0 0.794063 0.206667 0.075625 0.075000
0 0.676250 0.901667 0.105000 0.063333
0 0.450000 0.755000 0.075000 0.090000
0 0.175937 0.617917 0.069375 0.097500
0 0.921562 0.856667 0.081875 0.106667
0 0.784375 0.894583 0.083750 0.090833
0 0.079062 0.746250 0.100625 0.082500
0 0.265937 0.482917 0.070625 0.079167
0 0.703125 0.348750 0.068750 0.095833
0 0.208437 0.849167 0.063125 0.110000
0 0.212500 0.260417 0.078750 0.082500
0 0.770625 0.287917 0.073750 0.095833
0 0.478438 0.232083 0.071875 0.094167
0 0.323750 0.329167 0.067500 0.108333
0 0.241250 0.562500 0.080000 0.093333
0 0.742812 0.165000 0.073125 0.108333
0 0.145625 0.586250 0.070000 0.104167
0 0.648750 0.357500 0.072500 0.105000
0 0.675000 0.226250 0.075000 0.097500
0 0.780000 0.155833 0.073750 0.103333
0 0.151875 0.295417 0.077500 0.097500
0 0.746563 0.255000 0.060625 0.078333
0 0.414687 0.082917 0.064375 0.092500
0 0.217188 0.502083 0.061875 0.120833
0 0.241250 0.838750 0.067500 0.099167
0 0.384062 0.201667 0.080625 0.103333
0 0.169375 0.515417 0.067500 0.092500
4 0.791875 0.395417 0.078750 0.082500
0 0.087500 0.847500 0.080000 0.103333
0 0.115000 0.237917 0.076250 0.095833
0 0.432812 0.945417 0.094375 0.085833
0 0.265625 0.440833 0.066250 0.105000
0 0.195937 0.317917 0.103125 0.069167
0 0.569063 0.323750 0.086875 0.087500
