0 0.464375 0.622083 0.075000 0.092500
0 0.910625 0.407500 0.063750 0.090000
0 0.170313 0.474583 0.065625 0.090833
0 0.261875 0.346667 0.057500 0.080000
0 0.645625 0.453333 0.065000 0.083333
0 0.720938 0.932083 0.079375 0.099167
0 0.270625 0.550417 0.062500 0.082500
0 0.287813 0.420000 0.068125 0.083333
0 0.155312 0.163333 0.068125 0.085000
0 0.553750 0.901250 0.081250 0.099167
0 0.251250 0.723333 0.076250 0.110000
0 0.866250 0.297500 0.072500 0.086667
0 0.325625 0.607083 0.063750 0.082500
0 0.744687 0.170417 0.074375 0.089167
0 0.168750 0.890417 0.067500 0.090833
0 0.919687 0.062500 0.055625 0.078333
0 0.194688 0.607083 0.069375 0.090833
0 0.568125 0.132917 0.056250 0.080833
0 0.390625 0.253750 0.060000 0.094167
0 0.396562 0.369583 0.064375 0.084167
0 0.260313 0.628750 0.068125 0.082500
4 0.821250 0.827917 0.072500 0.114167
0 0.045000 0.063750 0.061250 0.085833
0 0.750313 0.367083 0.064375 0.087500
0 0.835000 0.717917 0.070000 0.090833
0 0.595625 0.074167 0.077500 0.100000
0 0.354063 0.526250 0.068125 0.084167
0 0.129375 0.820000 0.063750 0.081667
0 0.466250 0.166667 0.062500 0.080000
4 0.717812 0.579583 0.083125 0.097500
0 0.515312 0.187500 0.059375 0.081667
0 0.774375 0.277083 0.073750 0.090833
0 0.439063 0.043750 0.055625 0.079167
0 0.052812 0.853750 0.066875 0.094167
0 0.375625 0.058750 0.063750 0.092500
0 0.285625 0.234167 0.060000 0.098333
0 0.664687 0.385000 0.060625 0.081667
0 0.737812 0.507083 0.066875 0.087500
0 0.335625 0.221250 0.057500 0.097500
0 0.523750 0.092917 0.055000 0.079167
0 0.113125 0.073750 0.065000 0.095833
0 0.716875 0.404167 0.055000 0.083333
0 0.253125 0.841250 0.058750 0.090833
0 0.050625 0.747083 0.066250 0.089167
0 0.350313 0.300000 0.066875 0.075000
0 0.233750 0.877083 0.067500 0.104167
0 0.771250 0.252083 0.057500 0.119167
