0 0.515000 0.893333 0.063750 0.103333
0 0.728750 0.587917 0.060000 0.090833
0 0.412813 0.457500 0.068125 0.101667
0 0.867500 0.741250 0.065000 0.097500
0 0.317500 0.561250 0.067500 0.089167
0 0.942813 0.720833 0.066875 0.101667
0 0.077813 0.129167 0.064375 0.086667
0 0.147813 0.510833 0.066875 0.083333
0 0.790000 0.902917 0.066250 0.089167
0 0.730625 0.847917 0.061250 0.102500
0 0.502188 0.562083 0.068125 0.082500
0 0.634687 0.255000 0.065625 0.081667
0 0.921250 0.497500 0.061250 0.090000
0 0.099375 0.862500 0.065000 0.090000
0 0.304375 0.334583 0.062500 0.089167
0 0.572500 0.542917 0.058750 0.099167
0 0.153750 0.264167 0.066250 0.086667
0 0.874062 0.886250 0.066875 0.094167
0 0.457188 0.071667 0.064375 0.103333
0 0.052500 0.398333 0.062500 0.083333
0 0.938750 0.595417 0.070000 0.092500
0 0.617500 0.711667 0.058750 0.085000
0 0.676875 0.326250 0.060000 0.085833
0 0.387813 0.325417 0.061875 0.092500
0 0.654687 0.588750 0.069375 0.102500
0 0.115625 0.335833 0.062500 0.083333
0 0.352187 0.473333 0.064375 0.101667
0 0.761563 0.221667 0.066875 0.083333
0 0.148125 0.168333 0.061250 0.086667
0 0.590625 0.930000 0.060000 0.096667
0 0.756250 0.514167 0.050000 0.076667
0 0.387813 0.575417 0.060625 0.092500
0 0.419375 0.675000 0.055000 0.091667
0 0.113750 0.592083 0.067500 0.079167
0 0.354063 0.135833 0.056875 0.078333
0 0.555000 0.439167 0.055000 0.070000
0 0.252188 0.117083 0.073125 0.067500
0 0.484375 0.451250 0.062500 0.107500
0 0.684375 0.718750 0.055000 0.087500
0 0.798438 0.692500 0.089375 0.093333
0 0.915312 0.122500 0.069375 0.096667
0 0.258750 0.761667 0.065000 0.080000
0 0.266562 0.863750 0.058125 0.082500
0 0.670312 0.770417 0.050625 0.072500
0 0.837812 0.549167 0.058125 0.078333
0 0.533125 0.168750 0.075000 0.082500
0 0.083437 0.037917 0.063125 0.070833
0 0.402187 0.195417 0.063125 0.085833
0 0.460313 0.125000 0.083125 0.076667
0 0.349687 0.412083 0.045625 0.094167
0 0.358125 0.649167 0.060000 0.090000
0 0.274062 0.447500 0.074375 0.061667
0 0.952500 0.269167 0.063750 0.081667
0 0.870938 0.408333 0.066875 0.106667
0 0.757812 0.734583 0.053125 0.085833
0 0.090313 0.956667 0.065625 0.080000
0 0.274062 0.614167 0.063125 0.071667
0 0.471562 0.221667 0.065625 0.080000
0 0.611250 0.826250 0.062500 0.072500
0 0.713437 0.442917 0.070625 0.072500
0 0.242188 0.676250 0.050625 0.079167
0 0.837187 0.506667 0.073125 0.078333
0 0.240937 0.533333 0.059375 0.083333
0 0.521563 0.327917 0.056875 0.080833
0 0.901875 0.167500 0.053750 0.095000
0 0.565937 0.740000 0.056875 0.073333
0 0.153125 0.721667 0.051250 0.080000
0 0.819063 0.292083 0.040625 0.074167
0 0.516250 0.788333 0.070000 0.090000
0 0.278438 0.209167 0.053125 0.083333
0 0.737187 0.102083 0.060625 0.082500
0 0.210000 0.530417 0.060000 0.055833
0 0.486563 0.668333 0.063125 0.080000
0 0.102188 0.369167 0.049375 0.065000
0 0.748750 0.125417 0.051250 0.075833
0 0.499375 0.196250 0.058750 0.075833
0 0.543438 0.312500 0.055625 0.068333
0 0.251250 0.077083 0.060000 0.082500
0 0.282813 0.471667 0.056875 0.066667
0 0.279375 0.897917 0.058750 0.089167
0 0.390000 0.622083 0.062500 0.074167
0 0.258750 0.673333 0.060000 0.063333
0 0.583438 0.849583 0.073125 0.057500
0 0.662188 0.635000 0.058125 0.078333
0 0.355000 0.162917 0.061250 0.077500
0 0.579375 0.437083 0.043750 0.092500
0 0.746250 0.771250 0.050000 0.090833
0 0.962187 0.315000 0.061875 0.090000
0 0.536250 0.759583 0.070000 0.072500
