0 0.478438 0.720417 0.078125 0.109167
0 0.839688 0.245417 0.070625 0.092500
0 0.400625 0.160000 0.075000 0.108333
0 0.056563 0.417917 0.069375 0.085833
0 0.371563 0.060833 0.070625 0.106667
0 0.737500 0.094583 0.068750 0.095833
0 0.478438 0.565417 0.078125 0.104167
0 0.082187 0.198333 0.071875 0.110000
0 0.626250 0.100833 0.073750 0.105000
0 0.728750 0.673750 0.068750 0.107500
0 0.836562 0.366667 0.071875 0.095000
0 0.935312 0.409167 0.064375 0.090000
0 0.550312 0.105417 0.076875 0.105833
0 0.038750 0.653750 0.073750 0.104167
0 0.228437 0.350833 0.069375 0.093333
0 0.280313 0.862917 0.071875 0.114167
0 0.547188 0.902083 0.075625 0.107500
0 0.949375 0.553333 0.083750 0.115000
0 0.900625 0.483333 0.080000 0.088333
0 0.263437 0.724167 0.074375 0.096667
0 0.165937 0.394167 0.074375 0.093333
0 0.192812 0.904167 0.061875 0.090000
0 0.135625 0.727500 0.070000 0.090000
0 0.335938 0.594583 0.064375 0.094167
0 0.062812 0.751667 0.076875 0.101667
0 0.585313 0.678750 0.083125 0.097500
0 0.773750 0.434583 0.067500 0.095833
0 0.610313 0.776250 0.088125 0.117500
0 0.616250 0.614583 0.071250 0.097500
0 0.397188 0.899167 0.068125 0.108333
0 0.133750 0.283333 0.063750 0.108333
0 0.282500 0.627083 0.076250 0.095833
0 0.199375 0.267500 0.075000 0.088333
0 0.133437 0.592500 0.074375 0.090000
0 0.341562 0.705000 0.063125 0.085000
0 0.774375 0.187917 0.072500 0.095833
0 0.532188 0.632500 0.073125 0.095000
0 0.643125 0.202083 0.066250 0.090833
0 0.798125 0.603750 0.072500 0.094167
0 0.839688 0.145833 0.078125 0.103333
0 0.731250 0.554583 0.076250 0.094167
0 0.532500 0.786250 0.067500 0.095833
0 0.345313 0.315417 0.080625 0.107500
0 0.949688 0.757917 0.071875 0.099167
0 0.889375 0.310000 0.075000 0.086667
0 0.548438 0.217917 0.080625 0.109167
0 0.222188 0.696250 0.068125 0.097500
0 0.711875 0.887083 0.065000 0.092500
0 0.576250 0.506667 0.078750 0.100000
0 0.855000 0.887083 0.072500 0.087500
0 0.498437 0.273333 0.055625 0.083333
0 0.472813 0.097917 0.074375 0.090833
0 0.173750 0.078333 0.067500 0.090000
0 0.863125 0.585833 0.085000 0.100000
0 0.207500 0.890417 0.067500 0.082500
0 0.071250 0.285833 0.070000 0.100000
0 0.961562 0.303333 0.061875 0.090000
0 0.708125 0.515417 0.071250 0.104167
0 0.864688 0.699167 0.055625 0.091667
0 0.333125 0.922917 0.066250 0.092500
0 0.365938 0.430417 0.070625 0.089167
0 0.822187 0.732083 0.058125 0.087500
0 0.578750 0.937500 0.065000 0.091667
0 0.348125 0.372917 0.068750 0.097500
2 0.277813 0.464583 0.068125 0.144167
0 0.406250 0.397083 0.068750 0.099167
0 0.112812 0.952083 0.064375 0.094167
0 0.695625 0.874583 0.062500 0.090833
0 0.360000 0.692083 0.067500 0.090833
