0 0.387188 0.698333 0.069375 0.098333
0 0.227813 0.657917 0.070625 0.094167
0 0.267188 0.238750 0.061875 0.080833
0 0.901563 0.146667 0.071875 0.100000
0 0.673750 0.627917 0.067500 0.089167
0 0.634687 0.148333 0.071875 0.086667
0 0.377812 0.302917 0.070625 0.094167
0 0.511875 0.142917 0.068750 0.085833
0 0.095000 0.204167 0.072500 0.105000
0 0.085000 0.321250 0.072500 0.085833
0 0.355000 0.895000 0.077500 0.086667
0 0.677500 0.420417 0.077500 0.094167
0 0.760000 0.705417 0.063750 0.094167
0 0.557500 0.482083 0.075000 0.087500
0 0.355938 0.065000 0.061875 0.093333
0 0.296875 0.145417 0.080000 0.097500
0 0.470938 0.930417 0.065625 0.089167
0 0.438750 0.590417 0.066250 0.080833
0 0.900000 0.571250 0.072500 0.104167
0 0.915625 0.876250 0.076250 0.095833
0 0.210625 0.280833 0.070000 0.095000
0 0.207813 0.487083 0.075625 0.104167
0 0.102813 0.833333 0.071875 0.085000
0 0.808750 0.312917 0.061250 0.095833
0 0.742500 0.305417 0.065000 0.104167
0 0.306875 0.620833 0.061250 0.075000
0 0.626250 0.730417 0.072500 0.110833
0 0.144375 0.768333 0.081250 0.085000
0 0.477187 0.415417 0.086875 0.084167
0 0.892500 0.795000 0.081250 0.100000
0 0.466562 0.497500 0.079375 0.095000
0 0.836562 0.676667 0.079375 0.100000
0 0.699063 0.741250 0.069375 0.105833
0 0.082187 0.417917 0.074375 0.092500
0 0.394688 0.509167 0.065625 0.105000
0 0.170625 0.101250 0.073750 0.104167
0 0.922500 0.464583 0.072500 0.090833
0 0.873437 0.315000 0.080625 0.111667
0 0.508750 0.269583 0.071250 0.085833
0 0.149062 0.686250 0.066875 0.072500
0 0.737812 0.187500 0.084375 0.105000
0 0.120938 0.410000 0.076875 0.096667
0 0.455313 0.757083 0.086875 0.107500
0 0.437812 0.140833 0.071875 0.105000
0 0.475938 0.317917 0.069375 0.100833
0 0.959375 0.475833 0.065000 0.091667
0 0.125000 0.942500 0.081250 0.111667
0 0.341250 0.450417 0.077500 0.100833
0 0.494375 0.819167 0.082500 0.108333
0 0.550625 0.373750 0.073750 0.090833
0 0.282500 0.045417 0.066250 0.090833
0 0.678750 0.816667 0.100000 0.093333
5 0.669687 0.240417 0.059375 0.099167
1 0.583750 0.570417 0.096250 0.109167
0 0.574375 0.267917 0.051250 0.089167
0 0.593437 0.404583 0.064375 0.082500
0 0.214375 0.049167 0.082500 0.080000
