0 0.594063 0.437917 0.073125 0.080833
0 0.644687 0.238333 0.076875 0.071667
0 0.945625 0.805417 0.080000 0.112500
0 0.215000 0.558333 0.066250 0.093333
0 0.627812 0.166667 0.078125 0.095000
0 0.140000 0.446667 0.068750 0.090000
0 0.842187 0.352500 0.068125 0.086667
0 0.787500 0.831250 0.077500 0.100833
0 0.429375 0.794583 0.072500 0.094167
0 0.408438 0.522083 0.078125 0.082500
0 0.851562 0.475417 0.085625 0.074167
0 0.289375 0.577083 0.072500 0.087500
0 0.571562 0.350833 0.070625 0.101667
0 0.514062 0.880417 0.056875 0.099167
0 0.307812 0.232083 0.066875 0.092500
0 0.731875 0.778750 0.077500 0.107500
0 0.080312 0.473750 0.084375 0.089167
0 0.458125 0.940000 0.083750 0.086667
0 0.559375 0.843750 0.066250 0.094167
0 0.735625 0.232917 0.062500 0.082500
0 0.827187 0.407917 0.096875 0.070833
0 0.160625 0.365833 0.086250 0.075000
0 0.517813 0.559167 0.070625 0.051667
0 0.082187 0.190000 0.070625 0.073333
0 0.640312 0.332500 0.069375 0.093333
0 0.064687 0.253333 0.078125 0.076667
0 0.573125 0.693333 0.071250 0.076667
0 0.416563 0.683333 0.095625 0.090000
0 0.795312 0.265417 0.091875 0.074167
0 0.910937 0.061667 0.096875 0.076667
0 0.931875 0.417500 0.070000 0.080000
0 0.274375 0.086667 0.078750 0.091667
0 0.805312 0.210833 0.075625 0.090000
0 0.057813 0.121667 0.060625 0.068333
0 0.363750 0.218333 0.052500 0.116667
0 0.260000 0.340417 0.071250 0.102500
0 0.492188 0.467083 0.103125 0.082500
0 0.324375 0.469167 0.066250 0.101667
0 0.732812 0.357917 0.083125 0.065833
0 0.619375 0.888750 0.067500 0.074167
0 0.567187 0.554583 0.070625 0.105833
0 0.337187 0.347083 0.056875 0.114167
0 0.434063 0.597500 0.078125 0.066667
0 0.306563 0.175417 0.083125 0.074167
0 0.147500 0.100000 0.072500 0.085000
0 0.586562 0.909583 0.083125 0.090833
0 0.612500 0.600000 0.070000 0.110000
0 0.707187 0.440000 0.081875 0.091667
0 0.406875 0.148750 0.067500 0.115833
0 0.733437 0.945833 0.074375 0.093333
0 0.495312 0.724583 0.091875 0.107500
0 0.227187 0.501667 0.103125 0.066667
0 0.222500 0.216250 0.067500 0.109167
0 0.251563 0.261250 0.054375 0.110833
0 0.860625 0.149583 0.076250 0.107500
0 0.140000 0.213333 0.071250 0.091667
0 0.418438 0.667917 0.071875 0.110833
0 0.321562 0.057500 0.085625 0.090000
0 0.658438 0.479583 0.088125 0.075833
0 0.872812 0.921250 0.070625 0.094167
0 0.040000 0.053333 0.078750 0.083333
0 0.153125 0.247917 0.088750 0.087500
0 0.725000 0.320000 0.075000 0.071667
0 0.541562 0.669583 0.076875 0.077500
0 0.155000 0.308333 0.072500 0.091667
0 0.190000 0.293333 0.088750 0.098333
0 0.857187 0.627500 0.079375 0.111667
0 0.654375 0.642500 0.080000 0.105000
