0 0.317812 0.196250 0.074375 0.095833
0 0.825937 0.142083 0.069375 0.087500
0 0.407187 0.636250 0.063125 0.080833
0 0.440937 0.075417 0.063125 0.082500
0 0.307188 0.321667 0.051875 0.083333
0 0.486563 0.146667 0.059375 0.090000
0 0.229063 0.169167 0.068125 0.083333
0 0.640938 0.282917 0.069375 0.095833
0 0.919687 0.095833 0.066875 0.070000
0 0.697187 0.692083 0.058125 0.095833
0 0.084687 0.067500 0.063125 0.090000
0 0.061562 0.763333 0.074375 0.088333
0 0.336875 0.786667 0.071250 0.115000
0 0.405625 0.342083 0.063750 0.085833
0 0.203750 0.079583 0.050000 0.072500
0 0.105000 0.425833 0.071250 0.095000
0 0.948750 0.776250 0.063750 0.092500
0 0.040625 0.413333 0.053750 0.073333
0 0.763125 0.200833 0.066250 0.083333
0 0.462813 0.583333 0.066875 0.085000
0 0.956250 0.279167 0.063750 0.095000
0 0.622812 0.180000 0.068125 0.073333
0 0.345313 0.110417 0.059375 0.079167
0 0.365938 0.925833 0.061875 0.083333
0 0.563750 0.274167 0.067500 0.075000
0 0.663438 0.085000 0.066875 0.081667
0 0.882500 0.504583 0.063750 0.085833
0 0.527188 0.558750 0.068125 0.092500
0 0.542500 0.229167 0.071250 0.105000
0 0.061562 0.588750 0.061875 0.072500
0 0.262813 0.593333 0.063125 0.108333
0 0.673125 0.358333 0.048750 0.071667
0 0.421563 0.801250 0.065625 0.085833
0 0.339062 0.053750 0.056875 0.074167
0 0.109375 0.199583 0.052500 0.079167
0 0.466562 0.240000 0.061875 0.076667
0 0.396250 0.250833 0.061250 0.073333
0 0.323125 0.729583 0.062500 0.092500
0 0.189062 0.610833 0.058125 0.075000
0 0.167500 0.240833 0.066250 0.091667
0 0.544063 0.700000 0.061875 0.081667
0 0.882812 0.873333 0.066875 0.086667
0 0.379063 0.706667 0.055625 0.080000
0 0.740000 0.627083 0.060000 0.085833
0 0.883125 0.271667 0.061250 0.073333
0 0.285000 0.685000 0.065000 0.071667
0 0.684688 0.128333 0.055625 0.081667
0 0.486250 0.829583 0.056250 0.087500
0 0.293438 0.423750 0.060625 0.095833
0 0.304375 0.565000 0.068750 0.096667
0 0.808438 0.423750 0.065625 0.085833
0 0.677500 0.467500 0.060000 0.081667
0 0.593437 0.890833 0.059375 0.086667
0 0.471250 0.673333 0.063750 0.086667
0 0.817500 0.314167 0.052500 0.095000
0 0.626563 0.575833 0.064375 0.091667
0 0.230625 0.478750 0.057500 0.082500
0 0.174063 0.122500 0.054375 0.093333
0 0.597187 0.836667 0.063125 0.093333
0 0.249688 0.269167 0.055625 0.093333
0 0.595938 0.352500 0.056875 0.071667
0 0.835938 0.378333 0.060625 0.086667
0 0.811875 0.897500 0.050000 0.076667
0 0.604062 0.472500 0.056875 0.071667
0 0.798438 0.046250 0.056875 0.087500
0 0.836875 0.720833 0.068750 0.078333
0 0.735000 0.288750 0.052500 0.075833
0 0.921562 0.197500 0.063125 0.081667
0 0.256563 0.767500 0.055625 0.080000
0 0.749375 0.895417 0.047500 0.094167
0 0.121250 0.315833 0.057500 0.096667
0 0.346250 0.435000 0.061250 0.068333
0 0.128438 0.562500 0.051875 0.083333
0 0.177500 0.791667 0.052500 0.078333
0 0.760000 0.257917 0.066250 0.079167
0 0.033125 0.220000 0.065000 0.060000
0 0.200625 0.339583 0.058750 0.080833
0 0.813750 0.801250 0.052500 0.080833
0 0.217188 0.677083 0.079375 0.074167
0 0.680000 0.842917 0.060000 0.077500
0 0.486875 0.634583 0.058750 0.094167
0 0.373437 0.575000 0.053125 0.076667
0 0.257812 0.389167 0.064375 0.078333
0 0.422812 0.435417 0.048125 0.074167
0 0.508437 0.056250 0.061875 0.074167
0 0.322813 0.608750 0.061875 0.092500
0 0.035625 0.504583 0.071250 0.079167
0 0.748125 0.805833 0.063750 0.073333
0 0.694063 0.188750 0.054375 0.079167
0 0.600313 0.559167 0.055625 0.086667
0 0.733750 0.529583 0.058750 0.079167
0 0.038125 0.887083 0.061250 0.085833
0 0.436875 0.505417 0.053750 0.059167
0 0.278438 0.878333 0.058125 0.080000
0 0.775937 0.068750 0.066875 0.069167
0 0.383437 0.423750 0.061875 0.065833
1 0.497500 0.393333 0.090000 0.113333
0 0.934063 0.673750 0.054375 0.074167
0 0.035625 0.296250 0.048750 0.059167
0 0.687187 0.884167 0.065625 0.068333
0 0.912813 0.920000 0.060625 0.080000
0 0.530000 0.924583 0.060000 0.074167
0 0.101875 0.851667 0.061250 0.076667
0 0.611250 0.729167 0.055000 0.083333
0 0.280000 0.903750 0.048750 0.074167
0 0.232813 0.352500 0.051875 0.065000
0 0.370000 0.263333 0.055000 0.066667
0 0.897813 0.182917 0.064375 0.084167
0 0.810625 0.270417 0.063750 0.075833
0 0.627188 0.696667 0.059375 0.066667
0 0.618437 0.675000 0.068125 0.078333
0 0.060000 0.930833 0.051250 0.093333
0 0.234687 0.581250 0.055625 0.075833
0 0.226562 0.035833 0.058125 0.068333
0 0.137813 0.214583 0.069375 0.070833
0 0.684063 0.227083 0.065625 0.087500
0 0.970000 0.558750 0.057500 0.085833
0 0.697812 0.458750 0.046875 0.087500
0 0.505625 0.531667 0.068750 0.095000
0 0.187812 0.300417 0.049375 0.085833
0 0.279062 0.271250 0.066875 0.074167
0 0.107188 0.349167 0.054375 0.081667
0 0.081562 0.377917 0.063125 0.082500
0 0.174687 0.695417 0.055625 0.075833
0 0.154375 0.762917 0.057500 0.044167
0 0.244375 0.802083 0.051250 0.072500
0 0.112812 0.822083 0.063125 0.077500
0 0.618750 0.204167 0.062500 0.068333
0 0.615625 0.430417 0.057500 0.090833
0 0.864375 0.737917 0.053750 0.085833
0 0.773438 0.780000 0.055625 0.081667
0 0.852812 0.706667 0.060625 0.083333
0 0.526875 0.953333 0.048750 0.085000
0 0.899062 0.949583 0.066875 0.074167
0 0.776563 0.888333 0.046875 0.081667
0 0.923125 0.702500 0.048750 0.080000
0 0.906563 0.665000 0.046875 0.068333
0 0.586250 0.517083 0.052500 0.062500
0 0.735625 0.490417 0.060000 0.074167
0 0.747500 0.517500 0.060000 0.081667
0 0.673125 0.495833 0.051250 0.081667
0 0.884375 0.299583 0.051250 0.085833
0 0.080937 0.804583 0.066875 0.085833
0 0.204375 0.670417 0.048750 0.087500
0 0.211875 0.699167 0.050000 0.065000
0 0.348750 0.519167 0.060000 0.075000
0 0.294687 0.577083 0.055625 0.072500
0 0.380625 0.516250 0.047500 0.072500
0 0.344062 0.477917 0.056875 0.087500
0 0.471250 0.360000 0.048750 0.086667
0 0.378750 0.548750 0.062500 0.072500
0 0.714375 0.877083 0.060000 0.067500
0 0.404375 0.723750 0.062500 0.079167
0 0.261562 0.241667 0.043125 0.065000
0 0.964375 0.080000 0.068750 0.088333
0 0.752812 0.094167 0.060625 0.070000
0 0.616563 0.927500 0.058125 0.061667
0 0.626563 0.958750 0.061875 0.074167
0 0.609375 0.389583 0.058750 0.074167
