0 0.110312 0.164167 0.056875 0.090000
0 0.242188 0.752083 0.058125 0.082500
0 0.069687 0.764583 0.063125 0.085833
0 0.649062 0.188750 0.069375 0.087500
0 0.741563 0.386667 0.075625 0.088333
0 0.512500 0.159583 0.061250 0.087500
0 0.301250 0.707917 0.063750 0.084167
4 0.772813 0.702083 0.078125 0.105833
0 0.380937 0.095000 0.064375 0.081667
0 0.316250 0.848333 0.072500 0.090000
0 0.687187 0.520000 0.075625 0.100000
0 0.375312 0.365417 0.058125 0.082500
0 0.636250 0.592917 0.080000 0.100833
0 0.276562 0.317500 0.069375 0.093333
0 0.837500 0.593333 0.070000 0.091667
0 0.667813 0.380833 0.074375 0.098333
0 0.192188 0.088333 0.064375 0.091667
0 0.102813 0.488750 0.064375 0.084167
0 0.764062 0.890417 0.068125 0.084167
0 0.866875 0.335417 0.068750 0.084167
0 0.150625 0.757917 0.056250 0.077500
0 0.700937 0.942500 0.059375 0.073333
0 0.480312 0.903750 0.055625 0.074167
0 0.204063 0.891667 0.074375 0.091667
0 0.666562 0.820417 0.081875 0.095833
0 0.536563 0.887083 0.065625 0.082500
0 0.243125 0.285833 0.068750 0.090000
0 0.874375 0.506667 0.072500 0.088333
0 0.678438 0.664583 0.069375 0.090833
0 0.885938 0.663750 0.064375 0.084167
0 0.214062 0.445417 0.063125 0.082500
1 0.407500 0.273333 0.081250 0.110000
0 0.449062 0.163750 0.066875 0.085833
0 0.242812 0.051250 0.054375 0.089167
0 0.223438 0.558333 0.065625 0.086667
0 0.929375 0.144583 0.070000 0.097500
0 0.250000 0.472083 0.070000 0.090833
0 0.471875 0.392917 0.076250 0.099167
0 0.947812 0.722083 0.065625 0.090833
0 0.911563 0.584167 0.064375 0.088333
0 0.101562 0.074583 0.069375 0.074167
0 0.921875 0.920000 0.073750 0.095000
0 0.346562 0.154167 0.064375 0.091667
0 0.571250 0.820000 0.063750 0.075000
0 0.790000 0.811250 0.067500 0.087500
0 0.663438 0.900000 0.073125 0.096667
0 0.533438 0.338333 0.063125 0.113333
