0 0.265000 0.180417 0.067500 0.099167
0 0.587812 0.292083 0.059375 0.082500
0 0.617500 0.902500 0.062500 0.095000
0 0.673750 0.090000 0.072500 0.098333
0 0.126562 0.137083 0.066875 0.099167
0 0.045000 0.452083 0.080000 0.109167
0 0.443125 0.346250 0.073750 0.100833
0 0.855313 0.652917 0.076875 0.097500
0 0.284062 0.732500 0.061875 0.080000
0 0.801250 0.798333 0.071250 0.106667
0 0.740938 0.690417 0.068125 0.094167
0 0.737812 0.356250 0.071875 0.099167
0 0.323437 0.450000 0.068125 0.086667
0 0.368437 0.376250 0.060625 0.090833
0 0.255937 0.906250 0.061875 0.080833
0 0.726250 0.492500 0.073750 0.095000
0 0.528750 0.725833 0.062500 0.085000
0 0.337813 0.153750 0.061875 0.082500
0 0.500313 0.065000 0.069375 0.110000
0 0.902500 0.325417 0.057500 0.087500
0 0.685312 0.206667 0.066875 0.091667
0 0.888437 0.149167 0.073125 0.085000
0 0.947187 0.435000 0.078125 0.105000
0 0.220000 0.501250 0.080000 0.095833
0 0.789062 0.556667 0.071875 0.096667
0 0.459688 0.849583 0.070625 0.095833
0 0.185312 0.912500 0.060625 0.078333
0 0.735313 0.907500 0.068125 0.093333
0 0.667813 0.417083 0.073125 0.094167
0 0.517500 0.308750 0.058750 0.077500
0 0.862187 0.053333 0.079375 0.100000
0 0.578438 0.047500 0.064375 0.090000
0 0.882812 0.836250 0.070625 0.104167
0 0.362187 0.751667 0.055625 0.073333
0 0.446875 0.654583 0.078750 0.097500
0 0.156562 0.392083 0.061875 0.079167
0 0.897813 0.772083 0.068125 0.092500
0 0.657500 0.297917 0.062500 0.084167
0 0.298125 0.538333 0.075000 0.106667
0 0.679688 0.660417 0.061875 0.080833
0 0.910000 0.210000 0.073750 0.106667
0 0.051562 0.190417 0.074375 0.082500
0 0.110625 0.722917 0.063750 0.085833
0 0.353438 0.945417 0.065625 0.084167
0 0.606250 0.516667 0.085000 0.100000
0 0.212500 0.655833 0.065000 0.086667
0 0.335313 0.848333 0.063125 0.081667
0 0.575937 0.813333 0.069375 0.096667
0 0.079375 0.238333 0.070000 0.091667
0 0.632500 0.555417 0.070000 0.097500
0 0.751250 0.038750 0.071250 0.075833
0 0.030625 0.847083 0.061250 0.080833
0 0.475625 0.958750 0.065000 0.080833
0 0.237187 0.623333 0.058125 0.076667
0 0.410625 0.871667 0.073750 0.106667
0 0.220938 0.437500 0.078125 0.100000
0 0.173125 0.291667 0.055000 0.078333
0 0.118125 0.771667 0.072500 0.091667
0 0.922188 0.924167 0.076875 0.093333
0 0.035312 0.580417 0.064375 0.089167
0 0.365312 0.048750 0.068125 0.097500
1 0.586562 0.637917 0.086875 0.122500
1 0.451562 0.154167 0.096875 0.133333
1 0.677500 0.797083 0.081250 0.147500
0 0.923125 0.312500 0.051250 0.076667
0 0.754687 0.061250 0.064375 0.075833
