0 0.751250 0.100833 0.062500 0.090000
0 0.859375 0.696250 0.056250 0.080833
0 0.258750 0.550833 0.060000 0.093333
0 0.044687 0.133750 0.073125 0.102500
0 0.510000 0.646250 0.060000 0.095833
1 0.410000 0.862500 0.081250 0.115000
0 0.599375 0.733750 0.068750 0.092500
0 0.917500 0.813333 0.073750 0.078333
0 0.511563 0.901250 0.064375 0.100833
0 0.843125 0.171250 0.058750 0.082500
0 0.784375 0.595000 0.065000 0.085000
0 0.777500 0.758333 0.070000 0.086667
0 0.402813 0.302500 0.064375 0.085000
0 0.458125 0.566667 0.073750 0.095000
0 0.679688 0.799583 0.073125 0.099167
0 0.904375 0.224167 0.066250 0.083333
0 0.348125 0.645000 0.067500 0.091667
0 0.254063 0.950417 0.071875 0.090833
0 0.568125 0.376667 0.071250 0.110000
0 0.525000 0.800000 0.072500 0.095000
0 0.317812 0.076250 0.068125 0.087500
0 0.567187 0.166250 0.053125 0.082500
0 0.666562 0.528750 0.059375 0.087500
0 0.499063 0.092917 0.061875 0.079167
0 0.080937 0.619583 0.064375 0.084167
0 0.853125 0.435000 0.060000 0.090000
0 0.719688 0.540417 0.063125 0.085833
0 0.797500 0.423750 0.060000 0.089167
0 0.303750 0.755833 0.063750 0.073333
0 0.256250 0.461667 0.058750 0.081667
0 0.177500 0.779583 0.058750 0.082500
0 0.322500 0.564583 0.076250 0.085833
0 0.654062 0.133333 0.068125 0.088333
0 0.081562 0.358750 0.053125 0.077500
0 0.963750 0.877500 0.071250 0.085000
0 0.381875 0.548333 0.055000 0.066667
0 0.592500 0.250417 0.065000 0.087500
0 0.462500 0.420417 0.056250 0.085833
0 0.617188 0.204167 0.054375 0.076667
1 0.932187 0.516667 0.090625 0.103333
0 0.047188 0.396667 0.063125 0.100000
0 0.090313 0.052083 0.069375 0.090833
0 0.374688 0.711250 0.051875 0.075833
0 0.203125 0.553750 0.062500 0.087500
0 0.185625 0.597083 0.065000 0.072500
0 0.882812 0.077083 0.075625 0.085833
0 0.395000 0.144583 0.071250 0.099167
0 0.445625 0.765833 0.047500 0.068333
0 0.503437 0.154583 0.076875 0.095833
0 0.287500 0.337083 0.060000 0.077500
0 0.368125 0.117917 0.068750 0.087500
0 0.968125 0.418750 0.058750 0.082500
0 0.690000 0.423750 0.057500 0.090833
6 0.135937 0.365000 0.088125 0.106667
0 0.575937 0.949583 0.063125 0.070833
0 0.235625 0.348750 0.055000 0.070833
0 0.910937 0.702917 0.071875 0.084167
0 0.425312 0.363750 0.075625 0.087500
0 0.280313 0.677917 0.070625 0.085833
0 0.436563 0.697083 0.066875 0.064167
0 0.460313 0.447917 0.059375 0.087500
0 0.153750 0.288750 0.057500 0.085833
0 0.559063 0.699167 0.073125 0.075000
0 0.641563 0.960833 0.065625 0.078333
0 0.199063 0.328333 0.066875 0.071667
0 0.033438 0.462500 0.066875 0.086667
0 0.906563 0.764167 0.056875 0.058333
