0 0.078750 0.598333 0.082500 0.098333
0 0.266562 0.125000 0.071875 0.095000
0 0.820000 0.700417 0.065000 0.100833
0 0.435937 0.915833 0.074375 0.101667
0 0.183438 0.143750 0.079375 0.097500
0 0.360938 0.914167 0.080625 0.100000
0 0.237187 0.865000 0.068125 0.093333
0 0.571875 0.928333 0.086250 0.105000
0 0.072500 0.850833 0.081250 0.085000
0 0.515312 0.578333 0.069375 0.098333
0 0.330000 0.189583 0.080000 0.099167
0 0.622500 0.239167 0.082500 0.098333
0 0.654687 0.316250 0.068125 0.100833
0 0.468438 0.149167 0.071875 0.111667
0 0.931875 0.192917 0.080000 0.080833
0 0.249062 0.729583 0.073125 0.100833
0 0.742188 0.672917 0.063125 0.082500
0 0.354687 0.385417 0.070625 0.107500
0 0.747812 0.444167 0.069375 0.091667
0 0.885000 0.091250 0.062500 0.095833
0 0.544063 0.715833 0.075625 0.098333
0 0.427500 0.569167 0.073750 0.095000
0 0.060937 0.177917 0.070625 0.097500
0 0.910937 0.752917 0.085625 0.109167
0 0.620313 0.707917 0.074375 0.090833
0 0.708125 0.080833 0.076250 0.101667
0 0.178750 0.662500 0.070000 0.091667
0 0.392188 0.817917 0.081875 0.105833
0 0.791875 0.143333 0.073750 0.100000
0 0.255312 0.398333 0.075625 0.105000
0 0.949375 0.789583 0.073750 0.084167
0 0.361563 0.089167 0.074375 0.093333
0 0.589063 0.790000 0.071875 0.095000
0 0.956875 0.864583 0.085000 0.092500
0 0.791562 0.533750 0.061875 0.080833
0 0.855313 0.506250 0.065625 0.099167
0 0.135000 0.943333 0.071250 0.113333
0 0.445000 0.673333 0.071250 0.110000
0 0.322500 0.906667 0.065000 0.106667
0 0.236250 0.042500 0.067500 0.085000
0 0.551250 0.205833 0.073750 0.111667
0 0.845000 0.609167 0.075000 0.101667
0 0.734375 0.329583 0.061250 0.097500
0 0.144063 0.495000 0.083125 0.095000
0 0.935625 0.273750 0.077500 0.102500
0 0.701875 0.178333 0.073750 0.093333
0 0.658125 0.862083 0.081250 0.102500
0 0.279375 0.545833 0.070000 0.090000
0 0.558125 0.109583 0.077500 0.090833
0 0.714688 0.275417 0.085625 0.104167
0 0.339687 0.252917 0.070625 0.097500
0 0.160625 0.060833 0.073750 0.078333
0 0.691562 0.143333 0.070625 0.093333
0 0.825313 0.252500 0.075625 0.100000
0 0.493750 0.908750 0.071250 0.082500
0 0.836875 0.332083 0.068750 0.097500
0 0.135937 0.309583 0.078125 0.099167
0 0.530312 0.842917 0.061875 0.092500
0 0.833750 0.411667 0.082500 0.088333
0 0.791250 0.311667 0.073750 0.111667
0 0.606563 0.049167 0.095625 0.098333
0 0.522188 0.111250 0.071875 0.099167
2 0.090625 0.339167 0.106250 0.131667
0 0.095937 0.268750 0.074375 0.074167
0 0.375312 0.654167 0.043125 0.083333
0 0.335313 0.702917 0.063125 0.090833
3 0.323125 0.649167 0.076250 0.133333
0 0.283125 0.614583 0.047500 0.089167
