0 0.490312 0.652500 0.061875 0.081667
0 0.831562 0.824167 0.059375 0.083333
0 0.740313 0.351250 0.063125 0.090833
0 0.509375 0.294583 0.061250 0.077500
0 0.943438 0.540417 0.058125 0.087500
0 0.794687 0.499583 0.060625 0.089167
0 0.067500 0.115417 0.065000 0.085833
0 0.304375 0.110417 0.058750 0.077500
0 0.483125 0.419167 0.065000 0.086667
0 0.180312 0.776250 0.064375 0.072500
0 0.594063 0.600000 0.068125 0.086667
0 0.149688 0.070417 0.064375 0.077500
0 0.294375 0.613333 0.076250 0.096667
0 0.678750 0.355833 0.056250 0.088333
0 0.834688 0.376250 0.064375 0.082500
0 0.892500 0.820833 0.055000 0.093333
0 0.231875 0.890000 0.061250 0.088333
0 0.242500 0.251250 0.066250 0.090833
0 0.746563 0.612083 0.060625 0.090833
0 0.131250 0.147500 0.070000 0.088333
0 0.199063 0.412083 0.080625 0.092500
0 0.919375 0.418333 0.070000 0.083333
0 0.465625 0.950000 0.070000 0.078333
0 0.625625 0.663333 0.066250 0.078333
0 0.393750 0.182917 0.073750 0.090833
0 0.500313 0.576667 0.056875 0.078333
0 0.398750 0.412083 0.071250 0.095833
0 0.617812 0.872500 0.068125 0.080000
0 0.672813 0.165833 0.060625 0.090000
0 0.066875 0.650417 0.065000 0.087500
0 0.928438 0.316667 0.065625 0.096667
0 0.332813 0.367917 0.075625 0.099167
0 0.394375 0.266667 0.075000 0.096667
0 0.404375 0.807083 0.058750 0.089167
0 0.079062 0.372500 0.073125 0.093333
0 0.136250 0.701667 0.066250 0.088333
0 0.353125 0.947083 0.066250 0.077500
0 0.565625 0.185000 0.065000 0.091667
0 0.760312 0.206250 0.066875 0.084167
0 0.569375 0.374167 0.072500 0.085000
0 0.429063 0.110000 0.069375 0.106667
0 0.295938 0.885833 0.060625 0.088333
0 0.894062 0.089583 0.074375 0.094167
0 0.560625 0.534167 0.060000 0.071667
0 0.612187 0.159167 0.056875 0.095000
0 0.623125 0.461667 0.065000 0.091667
0 0.609375 0.070417 0.062500 0.080833
0 0.648750 0.527917 0.068750 0.082500
0 0.323125 0.797083 0.061250 0.080833
0 0.579688 0.945000 0.071875 0.095000
0 0.742188 0.145417 0.065625 0.097500
0 0.660937 0.063333 0.069375 0.081667
0 0.190312 0.515417 0.063125 0.084167
0 0.652188 0.199167 0.071875 0.095000
0 0.428750 0.484583 0.060000 0.092500
0 0.221562 0.040417 0.066875 0.077500
0 0.717812 0.054167 0.051875 0.098333
0 0.718750 0.258750 0.071250 0.080833
0 0.586875 0.457500 0.068750 0.096667
0 0.259688 0.950417 0.069375 0.085833
0 0.374375 0.764583 0.057500 0.104167
