0 0.929375 0.911667 0.062500 0.086667
0 0.434375 0.585417 0.067500 0.084167
0 0.241250 0.245833 0.066250 0.076667
0 0.160625 0.546250 0.058750 0.077500
0 0.179063 0.779583 0.060625 0.080833
0 0.532500 0.264583 0.075000 0.090833
0 0.521875 0.412917 0.061250 0.084167
0 0.925625 0.822500 0.068750 0.101667
1 0.310000 0.808333 0.073750 0.098333
0 0.693750 0.588750 0.060000 0.077500
0 0.364063 0.492500 0.065625 0.091667
0 0.870313 0.666250 0.071875 0.100833
0 0.240625 0.593750 0.063750 0.092500
0 0.588750 0.438750 0.063750 0.075833
0 0.631563 0.716667 0.068125 0.090000
0 0.119688 0.359167 0.071875 0.083333
0 0.268750 0.937083 0.068750 0.085833
0 0.766250 0.478333 0.063750 0.093333
0 0.418125 0.754583 0.070000 0.092500
0 0.637500 0.239167 0.072500 0.078333
0 0.938438 0.356667 0.061875 0.071667
0 0.592187 0.070000 0.064375 0.071667
0 0.634375 0.396667 0.060000 0.085000
0 0.653438 0.474167 0.064375 0.090000
0 0.258125 0.800833 0.051250 0.083333
0 0.441563 0.506667 0.059375 0.073333
0 0.868437 0.811667 0.060625 0.088333
0 0.365938 0.154583 0.049375 0.072500
0 0.457813 0.189583 0.063125 0.070833
0 0.337500 0.731250 0.066250 0.075833
0 0.750625 0.662083 0.066250 0.069167
0 0.171875 0.247500 0.053750 0.091667
0 0.790000 0.114583 0.070000 0.087500
0 0.456250 0.943333 0.078750 0.081667
0 0.480312 0.844167 0.055625 0.068333
0 0.803750 0.873333 0.061250 0.081667
0 0.788750 0.732500 0.051250 0.068333
0 0.375000 0.805000 0.065000 0.085000
0 0.733437 0.769583 0.063125 0.080833
0 0.257500 0.506667 0.068750 0.093333
0 0.044687 0.685417 0.050625 0.072500
0 0.809063 0.364167 0.068125 0.075000
0 0.572812 0.867083 0.063125 0.079167
0 0.326250 0.636667 0.066250 0.076667
0 0.907500 0.611667 0.057500 0.078333
0 0.742812 0.270833 0.055625 0.078333
3 0.333750 0.593333 0.078750 0.111667
0 0.104063 0.689167 0.060625 0.063333
0 0.709375 0.206667 0.067500 0.081667
0 0.884375 0.235000 0.052500 0.075000
0 0.888437 0.125417 0.055625 0.075833
3 0.088750 0.242083 0.081250 0.100833
0 0.525937 0.738750 0.056875 0.074167
0 0.182500 0.109583 0.058750 0.079167
0 0.835313 0.537917 0.063125 0.085833
0 0.262188 0.586667 0.056875 0.078333
0 0.483438 0.119167 0.075625 0.088333
0 0.862187 0.313333 0.055625 0.088333
0 0.938438 0.749583 0.053125 0.067500
0 0.384062 0.330417 0.053125 0.070833
0 0.473125 0.465417 0.066250 0.060833
0 0.718750 0.327083 0.061250 0.074167
0 0.080000 0.712917 0.057500 0.082500
0 0.815937 0.430833 0.050625 0.073333
0 0.576250 0.724583 0.052500 0.077500
0 0.141563 0.175417 0.074375 0.074167
0 0.608125 0.815417 0.055000 0.070833
0 0.710625 0.517917 0.052500 0.070833
0 0.685937 0.361250 0.063125 0.077500
0 0.439688 0.178333 0.061875 0.076667
0 0.136563 0.084167 0.046875 0.071667
0 0.659375 0.861667 0.047500 0.071667
0 0.444063 0.888333 0.046875 0.071667
0 0.119063 0.270000 0.065625 0.095000
0 0.169063 0.044167 0.055625 0.086667
0 0.102500 0.881667 0.055000 0.073333
0 0.725313 0.410417 0.056875 0.072500
0 0.091875 0.614167 0.062500 0.073333
0 0.721562 0.930417 0.064375 0.082500
0 0.368125 0.243750 0.047500 0.075833
0 0.842812 0.733333 0.055625 0.065000
1 0.419063 0.244583 0.065625 0.122500
1 0.323125 0.217917 0.068750 0.130833
0 0.731875 0.842500 0.060000 0.065000
0 0.525000 0.806250 0.055000 0.089167
0 0.190000 0.402083 0.068750 0.062500
0 0.069375 0.548750 0.057500 0.060833
0 0.946250 0.289583 0.058750 0.062500
0 0.842812 0.112083 0.038125 0.080833
0 0.485938 0.040417 0.058125 0.074167
0 0.234375 0.179167 0.050000 0.056667
0 0.100312 0.058750 0.041875 0.092500
0 0.077188 0.116667 0.060625 0.075000
0 0.304375 0.230417 0.057500 0.077500
0 0.042188 0.213333 0.049375 0.068333
