0 0.551875 0.900833 0.061250 0.091667
0 0.543750 0.815000 0.058750 0.080000
0 0.767500 0.835000 0.070000 0.070000
0 0.694063 0.893750 0.080625 0.085833
0 0.592500 0.217917 0.060000 0.105833
0 0.088438 0.832500 0.079375 0.083333
0 0.065625 0.936250 0.062500 0.105833
0 0.549063 0.532500 0.075625 0.070000
0 0.604688 0.313750 0.068125 0.089167
0 0.603750 0.682917 0.070000 0.092500
0 0.115625 0.915000 0.063750 0.088333
0 0.325937 0.368333 0.085625 0.075000
0 0.880313 0.329583 0.074375 0.075833
0 0.505000 0.656250 0.078750 0.085833
0 0.465000 0.745000 0.075000 0.065000
0 0.122813 0.091667 0.071875 0.083333
0 0.753437 0.191250 0.083125 0.102500
0 0.679375 0.272917 0.056250 0.085833
0 0.554375 0.360833 0.071250 0.078333
0 0.887813 0.740417 0.079375 0.074167
0 0.658750 0.783333 0.068750 0.080000
0 0.032813 0.393750 0.061875 0.104167
0 0.403438 0.052083 0.075625 0.095833
0 0.234375 0.507500 0.077500 0.075000
0 0.880000 0.146667 0.072500 0.096667
0 0.354375 0.135000 0.063750 0.106667
0 0.655625 0.220417 0.058750 0.100833
0 0.625938 0.055417 0.064375 0.100833
0 0.474687 0.388750 0.064375 0.125833
0 0.645938 0.939583 0.069375 0.092500
0 0.894687 0.578750 0.069375 0.105833
0 0.271562 0.171667 0.101875 0.075000
0 0.236250 0.729167 0.057500 0.128333
0 0.620938 0.894167 0.074375 0.093333
0 0.790937 0.238750 0.085625 0.095833
0 0.273750 0.565000 0.070000 0.093333
0 0.955313 0.674583 0.088125 0.080833
0 0.117813 0.450417 0.078125 0.094167
0 0.246562 0.610833 0.089375 0.085000
0 0.616250 0.814167 0.072500 0.090000
0 0.754687 0.400833 0.076875 0.098333
0 0.473750 0.862500 0.093750 0.093333
0 0.839063 0.902083 0.068125 0.109167
0 0.442500 0.825000 0.060000 0.083333
0 0.905625 0.927083 0.073750 0.077500
0 0.820000 0.631250 0.078750 0.094167
0 0.234063 0.864583 0.076875 0.084167
0 0.114062 0.606250 0.089375 0.097500
0 0.081562 0.523333 0.080625 0.081667
0 0.308437 0.851250 0.071875 0.095833
0 0.600000 0.562500 0.091250 0.078333
0 0.066562 0.581250 0.083125 0.087500
0 0.866875 0.094583 0.082500 0.069167
0 0.745000 0.488750 0.056250 0.115833
0 0.362812 0.807500 0.073125 0.108333
0 0.400625 0.820000 0.061250 0.093333
0 0.419375 0.244167 0.067500 0.131667
0 0.307500 0.935000 0.090000 0.095000
0 0.828125 0.503750 0.081250 0.094167
0 0.784375 0.922917 0.073750 0.074167
0 0.153438 0.438750 0.055625 0.079167
0 0.462813 0.256250 0.056875 0.120833
0 0.888125 0.040833 0.070000 0.081667
0 0.923125 0.960000 0.071250 0.068333
0 0.240000 0.808333 0.111250 0.090000
