0 0.050000 0.190417 0.058750 0.092500
0 0.320937 0.637917 0.063125 0.104167
0 0.374375 0.405000 0.068750 0.083333
0 0.636250 0.761667 0.077500 0.113333
0 0.131250 0.149583 0.065000 0.095833
0 0.735000 0.909167 0.070000 0.100000
0 0.315000 0.188750 0.065000 0.085833
0 0.070625 0.716250 0.062500 0.084167
0 0.135625 0.616667 0.066250 0.085000
0 0.613750 0.335417 0.071250 0.099167
0 0.924375 0.497500 0.075000 0.103333
0 0.460938 0.900000 0.080625 0.095000
0 0.575000 0.139583 0.076250 0.095833
0 0.558125 0.522500 0.073750 0.105000
0 0.830937 0.265833 0.063125 0.110000
0 0.191250 0.931250 0.063750 0.100833
0 0.052500 0.593750 0.065000 0.085833
0 0.348438 0.317083 0.059375 0.094167
0 0.168125 0.842917 0.062500 0.107500
0 0.743125 0.347083 0.066250 0.104167
0 0.342500 0.768750 0.076250 0.085833
1 0.104375 0.807083 0.076250 0.107500
0 0.127812 0.225833 0.074375 0.096667
0 0.716562 0.227917 0.071875 0.095833
0 0.851562 0.101667 0.056875 0.105000
0 0.687500 0.280833 0.072500 0.086667
0 0.937813 0.395833 0.065625 0.103333
0 0.905625 0.895000 0.062500 0.120000
0 0.081562 0.352917 0.063125 0.107500
0 0.681250 0.340000 0.063750 0.088333
4 0.909687 0.115417 0.071875 0.107500
0 0.634687 0.241250 0.061875 0.110833
0 0.586562 0.207500 0.070625 0.105000
0 0.323125 0.853333 0.080000 0.091667
0 0.885312 0.274167 0.059375 0.120000
0 0.033125 0.313333 0.055000 0.123333
