0 0.926875 0.507917 0.077500 0.077500
4 0.240625 0.227083 0.076250 0.107500
0 0.618750 0.587500 0.078750 0.105000
0 0.820937 0.527500 0.066875 0.081667
0 0.893750 0.380417 0.068750 0.097500
0 0.334688 0.702083 0.069375 0.089167
0 0.741563 0.272083 0.076875 0.099167
0 0.465313 0.278333 0.058125 0.081667
0 0.846562 0.627917 0.071875 0.110833
0 0.536875 0.648333 0.078750 0.103333
0 0.282187 0.872500 0.083125 0.083333
0 0.865313 0.927083 0.081875 0.095833
0 0.532813 0.294583 0.070625 0.104167
0 0.727187 0.360000 0.079375 0.090000
0 0.784687 0.898333 0.083125 0.101667
0 0.725625 0.117083 0.077500 0.099167
0 0.310625 0.050833 0.078750 0.085000
0 0.489063 0.506250 0.073125 0.095833
0 0.152812 0.580000 0.075625 0.085000
0 0.052187 0.905000 0.066875 0.096667
0 0.253125 0.702917 0.071250 0.087500
0 0.926250 0.298750 0.086250 0.079167
0 0.915937 0.217083 0.084375 0.087500
0 0.117188 0.881667 0.075625 0.101667
0 0.754375 0.801667 0.080000 0.088333
0 0.449688 0.118750 0.070625 0.087500
0 0.188438 0.078750 0.075625 0.087500
0 0.348125 0.299583 0.071250 0.077500
0 0.637500 0.198750 0.081250 0.090833
0 0.413750 0.253750 0.070000 0.079167
0 0.487500 0.046250 0.075000 0.087500
0 0.745625 0.503333 0.082500 0.086667
0 0.653125 0.492500 0.076250 0.095000
0 0.150938 0.426250 0.064375 0.082500
0 0.776250 0.215000 0.070000 0.086667
0 0.162812 0.823333 0.094375 0.083333
0 0.800625 0.152500 0.082500 0.090000
0 0.933125 0.579167 0.102500 0.080000
0 0.929375 0.632083 0.090000 0.090833
0 0.360000 0.386667 0.072500 0.093333
0 0.884687 0.042083 0.080625 0.082500
0 0.960313 0.386250 0.068125 0.110833
