0 0.090625 0.165833 0.076250 0.098333
2 0.830937 0.168750 0.093125 0.107500
0 0.939063 0.336667 0.086875 0.110000
0 0.315625 0.289583 0.077500 0.100833
0 0.930312 0.864583 0.084375 0.112500
0 0.584375 0.565833 0.078750 0.101667
0 0.114062 0.695417 0.094375 0.089167
0 0.787188 0.387083 0.085625 0.109167
0 0.525312 0.797500 0.071875 0.116667
0 0.575313 0.238750 0.079375 0.117500
0 0.656250 0.543750 0.091250 0.104167
0 0.267188 0.746667 0.084375 0.105000
0 0.130312 0.533333 0.074375 0.106667
0 0.330625 0.092083 0.088750 0.109167
0 0.299375 0.422917 0.083750 0.102500
0 0.896875 0.077083 0.076250 0.120833
0 0.260625 0.242500 0.083750 0.113333
0 0.423125 0.897500 0.087500 0.103333
0 0.462500 0.291250 0.071250 0.110833
0 0.597812 0.168333 0.081875 0.101667
0 0.399687 0.823333 0.094375 0.086667
0 0.188750 0.244583 0.088750 0.097500
0 0.125312 0.425417 0.080625 0.117500
0 0.217188 0.732083 0.085625 0.120833
0 0.724688 0.088333 0.070625 0.141667
1 0.662500 0.128750 0.106250 0.127500
0 0.741250 0.449167 0.078750 0.091667
0 0.925000 0.235833 0.095000 0.100000
0 0.866250 0.264583 0.078750 0.097500
0 0.743750 0.534167 0.118750 0.121667
0 0.387813 0.760833 0.129375 0.080000
0 0.305937 0.922500 0.101875 0.105000
