0 0.095312 0.739167 0.063125 0.090000
0 0.153750 0.767500 0.057500 0.080000
0 0.899062 0.439583 0.069375 0.095833
0 0.304688 0.077083 0.064375 0.087500
0 0.577500 0.685000 0.068750 0.098333
0 0.579688 0.217500 0.068125 0.088333
0 0.938125 0.569167 0.071250 0.100000
0 0.227187 0.903750 0.071875 0.090833
0 0.201563 0.841667 0.059375 0.088333
0 0.121250 0.082500 0.068750 0.093333
0 0.629687 0.928333 0.073125 0.113333
0 0.523750 0.371250 0.062500 0.084167
0 0.905937 0.153750 0.070625 0.094167
0 0.814688 0.660833 0.073125 0.098333
0 0.850625 0.782917 0.067500 0.102500
0 0.256250 0.719167 0.057500 0.110000
0 0.296563 0.566250 0.069375 0.089167
0 0.635938 0.440417 0.063125 0.105833
0 0.507500 0.190000 0.065000 0.100000
0 0.486250 0.295000 0.060000 0.095000
0 0.701250 0.824583 0.070000 0.117500
0 0.205000 0.182917 0.072500 0.099167
0 0.857500 0.922917 0.076250 0.105833
0 0.471562 0.933750 0.069375 0.117500
0 0.767500 0.471250 0.070000 0.100833
3 0.376250 0.120417 0.092500 0.124167
2 0.224375 0.487500 0.091250 0.118333
0 0.086563 0.951667 0.071875 0.096667
