0 0.177813 0.085417 0.064375 0.087500
0 0.785625 0.066667 0.067500 0.083333
0 0.055938 0.269583 0.069375 0.097500
0 0.643750 0.436250 0.066250 0.087500
0 0.110937 0.607083 0.066875 0.089167
0 0.199375 0.828333 0.075000 0.098333
0 0.062500 0.362500 0.068750 0.095000
0 0.525000 0.077083 0.063750 0.084167
0 0.754062 0.559167 0.064375 0.081667
0 0.747500 0.687917 0.065000 0.084167
0 0.311563 0.489167 0.056875 0.098333
0 0.162500 0.527917 0.066250 0.087500
0 0.884375 0.126250 0.062500 0.079167
0 0.800000 0.260833 0.067500 0.090000
0 0.807500 0.420417 0.063750 0.090833
0 0.560937 0.740417 0.065625 0.089167
0 0.366563 0.180000 0.070625 0.098333
0 0.081875 0.450833 0.067500 0.101667
0 0.140000 0.381667 0.070000 0.101667
0 0.439063 0.892083 0.055625 0.080833
0 0.199687 0.650000 0.073125 0.080000
0 0.681250 0.686250 0.057500 0.104167
0 0.410000 0.840417 0.068750 0.095833
0 0.570625 0.585417 0.073750 0.107500
0 0.346875 0.406250 0.053750 0.080833
0 0.203437 0.935000 0.065625 0.098333
0 0.548438 0.370000 0.060625 0.106667
0 0.249062 0.187500 0.061875 0.076667
0 0.476562 0.955417 0.064375 0.077500
0 0.687813 0.210833 0.054375 0.075000
0 0.307812 0.167917 0.066875 0.100833
0 0.410000 0.280000 0.070000 0.101667
1 0.940625 0.060000 0.076250 0.098333
0 0.201250 0.251667 0.050000 0.066667
4 0.066250 0.683333 0.086250 0.103333
0 0.076250 0.169167 0.077500 0.088333
0 0.965000 0.417917 0.067500 0.089167
0 0.829375 0.165417 0.048750 0.072500
0 0.674375 0.797917 0.060000 0.104167
0 0.617188 0.615417 0.058125 0.092500
0 0.842187 0.552500 0.089375 0.078333
0 0.294687 0.306667 0.058125 0.086667
0 0.509062 0.255833 0.053125 0.110000
0 0.520938 0.322500 0.058125 0.108333
0 0.763750 0.157083 0.055000 0.107500
0 0.594375 0.146667 0.053750 0.078333
0 0.362812 0.282083 0.066875 0.080833
0 0.397188 0.044167 0.065625 0.086667
