0 0.700625 0.257917 0.062500 0.090833
0 0.220000 0.727083 0.072500 0.097500
0 0.336250 0.739583 0.068750 0.099167
0 0.082187 0.284583 0.078125 0.089167
0 0.576250 0.211667 0.063750 0.081667
0 0.820937 0.219167 0.065625 0.086667
0 0.576562 0.500833 0.056875 0.095000
0 0.475938 0.232083 0.064375 0.090833
0 0.792500 0.298333 0.062500 0.088333
0 0.425000 0.915000 0.068750 0.108333
0 0.814375 0.376667 0.071250 0.085000
0 0.119688 0.650417 0.068125 0.100833
0 0.225312 0.389583 0.064375 0.099167
0 0.521563 0.539583 0.065625 0.092500
0 0.530937 0.643333 0.070625 0.100000
0 0.071250 0.376250 0.066250 0.104167
0 0.833750 0.775000 0.068750 0.091667
0 0.760000 0.625833 0.070000 0.093333
0 0.745938 0.796667 0.070625 0.101667
0 0.866875 0.297917 0.065000 0.082500
0 0.353125 0.422083 0.073750 0.100833
0 0.529687 0.131250 0.071875 0.094167
0 0.428125 0.725000 0.067500 0.095000
0 0.925312 0.226667 0.073125 0.095000
0 0.447188 0.306667 0.071875 0.085000
0 0.562187 0.318333 0.066875 0.091667
0 0.849063 0.640000 0.059375 0.115000
0 0.430625 0.555000 0.060000 0.100000
0 0.449375 0.380417 0.071250 0.082500
0 0.633750 0.522917 0.065000 0.084167
0 0.124688 0.898333 0.066875 0.086667
0 0.606250 0.380417 0.078750 0.115833
0 0.642188 0.943333 0.079375 0.105000
0 0.967187 0.462083 0.064375 0.092500
0 0.686250 0.439583 0.085000 0.095833
0 0.248125 0.078333 0.066250 0.090000
0 0.230000 0.115833 0.075000 0.090000
0 0.907813 0.252917 0.069375 0.080833
4 0.647500 0.401667 0.096250 0.100000
