0 0.854062 0.697083 0.060625 0.100833
0 0.153125 0.495417 0.061250 0.095833
0 0.872500 0.826667 0.066250 0.096667
0 0.209063 0.511667 0.065625 0.091667
0 0.426250 0.847917 0.065000 0.077500
0 0.638125 0.216250 0.080000 0.102500
0 0.478750 0.126250 0.086250 0.087500
0 0.798125 0.718333 0.070000 0.096667
0 0.799063 0.618333 0.083125 0.081667
0 0.605000 0.480000 0.075000 0.068333
0 0.834063 0.417917 0.071875 0.097500
0 0.712500 0.390000 0.073750 0.098333
0 0.215000 0.942500 0.067500 0.098333
0 0.307812 0.864167 0.064375 0.078333
0 0.364375 0.500417 0.072500 0.090833
0 0.712812 0.222500 0.073125 0.108333
0 0.344375 0.197917 0.072500 0.100833
0 0.636563 0.842917 0.064375 0.110833
0 0.751250 0.789167 0.070000 0.096667
0 0.287187 0.767083 0.079375 0.100833
0 0.727500 0.667083 0.072500 0.112500
0 0.090313 0.078333 0.069375 0.091667
0 0.956562 0.119167 0.073125 0.081667
0 0.210625 0.770833 0.073750 0.095000
0 0.250625 0.850000 0.065000 0.075000
0 0.617188 0.561250 0.071875 0.085833
0 0.935312 0.827500 0.074375 0.096667
0 0.792188 0.297083 0.066875 0.079167
0 0.689375 0.461667 0.086250 0.098333
0 0.532813 0.521250 0.074375 0.100833
0 0.172813 0.199167 0.073125 0.105000
0 0.046250 0.795417 0.062500 0.077500
0 0.398750 0.249167 0.072500 0.111667
0 0.345625 0.688333 0.066250 0.098333
0 0.805937 0.923333 0.074375 0.093333
0 0.665625 0.718750 0.076250 0.089167
0 0.550000 0.872500 0.077500 0.083333
0 0.079687 0.496250 0.086875 0.097500
0 0.143125 0.918333 0.075000 0.065000
0 0.456250 0.762500 0.090000 0.078333
0 0.761875 0.875417 0.073750 0.097500
0 0.421563 0.931250 0.079375 0.082500
0 0.252500 0.676667 0.062500 0.110000
0 0.552500 0.281667 0.071250 0.106667
0 0.913438 0.429583 0.078125 0.109167
0 0.099687 0.742500 0.085625 0.100000
0 0.492188 0.420833 0.081875 0.076667
0 0.275313 0.582917 0.078125 0.097500
0 0.045312 0.177083 0.059375 0.105833
0 0.793125 0.540417 0.078750 0.089167
0 0.357500 0.907917 0.066250 0.089167
0 0.176563 0.827083 0.076875 0.095833
0 0.657813 0.140833 0.078125 0.085000
0 0.685937 0.841667 0.061875 0.088333
0 0.073750 0.652500 0.086250 0.098333
0 0.405000 0.725417 0.086250 0.095833
0 0.937813 0.740000 0.066875 0.081667
0 0.623125 0.652083 0.068750 0.085833
0 0.295312 0.641250 0.066875 0.104167
0 0.515938 0.928333 0.083125 0.101667
0 0.892188 0.215833 0.084375 0.095000
0 0.846250 0.257500 0.077500 0.088333
0 0.818125 0.226667 0.118750 0.071667
0 0.917500 0.702917 0.070000 0.104167
0 0.432500 0.468333 0.083750 0.085000
0 0.410000 0.413750 0.083750 0.084167
0 0.926250 0.345417 0.075000 0.099167
0 0.426250 0.630000 0.067500 0.098333
0 0.470000 0.048750 0.077500 0.097500
0 0.375000 0.580833 0.070000 0.075000
0 0.182500 0.692500 0.081250 0.105000
0 0.693438 0.762083 0.071875 0.089167
0 0.137813 0.870833 0.081875 0.068333
0 0.447188 0.285833 0.071875 0.106667
0 0.095625 0.447500 0.058750 0.110000
0 0.116250 0.656250 0.078750 0.097500
0 0.852187 0.352917 0.085625 0.087500
0 0.037812 0.422917 0.069375 0.094167
0 0.144375 0.080417 0.071250 0.102500
0 0.476250 0.357917 0.098750 0.072500
0 0.027813 0.054583 0.055625 0.104167
0 0.525000 0.835000 0.092500 0.080000
0 0.446250 0.590417 0.078750 0.080833
0 0.491563 0.297083 0.084375 0.109167
0 0.691562 0.076250 0.088125 0.087500
0 0.369375 0.640833 0.067500 0.081667
0 0.832187 0.045417 0.086875 0.089167
0 0.097500 0.358750 0.100000 0.075833
0 0.175000 0.329583 0.076250 0.102500
0 0.078750 0.188333 0.068750 0.076667
0 0.190625 0.647917 0.081250 0.072500
0 0.454688 0.553333 0.095625 0.085000
0 0.829375 0.082917 0.092500 0.070833
0 0.805937 0.130000 0.085625 0.066667
0 0.803438 0.167500 0.078125 0.050000
