0 0.703125 0.283333 0.081250 0.093333
0 0.916250 0.751667 0.063750 0.080000
0 0.623125 0.355417 0.057500 0.082500
0 0.322500 0.642500 0.078750 0.100000
0 0.123125 0.192917 0.068750 0.094167
0 0.489687 0.797500 0.054375 0.083333
0 0.601875 0.715833 0.065000 0.095000
0 0.944375 0.222917 0.066250 0.094167
0 0.626875 0.274583 0.072500 0.095833
0 0.780625 0.535000 0.058750 0.090000
0 0.659062 0.751250 0.068125 0.089167
0 0.069062 0.766667 0.059375 0.083333
0 0.149375 0.061667 0.061250 0.073333
0 0.259062 0.732083 0.061875 0.090833
0 0.090938 0.086250 0.059375 0.104167
0 0.869687 0.940833 0.061875 0.088333
0 0.101875 0.299583 0.053750 0.090833
0 0.291563 0.522917 0.068125 0.094167
0 0.199687 0.880833 0.065625 0.083333
0 0.376563 0.110417 0.064375 0.087500
0 0.156875 0.274167 0.061250 0.103333
0 0.763750 0.114167 0.060000 0.086667
0 0.538750 0.512917 0.070000 0.097500
0 0.447500 0.072083 0.053750 0.077500
0 0.213438 0.707500 0.065625 0.090000
0 0.774375 0.324167 0.061250 0.086667
0 0.596562 0.887500 0.064375 0.090000
0 0.173437 0.645833 0.066875 0.101667
0 0.874687 0.279583 0.061875 0.074167
0 0.579375 0.451250 0.067500 0.094167
0 0.550312 0.738750 0.053125 0.077500
0 0.466250 0.880833 0.068750 0.103333
0 0.744687 0.590417 0.075625 0.094167
0 0.814688 0.060000 0.063125 0.086667
0 0.731563 0.679583 0.076875 0.095833
0 0.367500 0.451667 0.065000 0.080000
6 0.835938 0.368333 0.069375 0.113333
0 0.283750 0.389167 0.065000 0.076667
0 0.274375 0.859167 0.062500 0.086667
0 0.393750 0.780417 0.062500 0.102500
0 0.348125 0.903333 0.071250 0.095000
0 0.315312 0.086667 0.065625 0.076667
0 0.349687 0.250417 0.065625 0.092500
0 0.863750 0.103333 0.056250 0.101667
0 0.086250 0.649167 0.072500 0.105000
0 0.551562 0.059583 0.055625 0.079167
0 0.899062 0.180833 0.066875 0.085000
0 0.032500 0.319583 0.065000 0.090833
3 0.175937 0.487500 0.081875 0.108333
0 0.283438 0.275417 0.063125 0.074167
0 0.217188 0.285833 0.056875 0.085000
0 0.409687 0.418333 0.056875 0.070000
0 0.312812 0.840417 0.064375 0.099167
0 0.129375 0.760000 0.068750 0.093333
0 0.387500 0.353333 0.073750 0.075000
0 0.388125 0.296667 0.073750 0.070000
0 0.068750 0.538750 0.046250 0.085833
0 0.320312 0.218333 0.064375 0.106667
0 0.221250 0.959583 0.055000 0.074167
0 0.498125 0.050417 0.050000 0.087500
0 0.123438 0.674583 0.061875 0.095833
3 0.217812 0.378750 0.061875 0.119167
0 0.434688 0.806250 0.061875 0.105833
0 0.272813 0.346250 0.071875 0.077500
