0 0.761563 0.577917 0.078125 0.090833
0 0.537813 0.870000 0.066875 0.098333
0 0.695625 0.204167 0.063750 0.090000
0 0.377188 0.396250 0.064375 0.084167
0 0.513437 0.220833 0.076875 0.108333
0 0.478125 0.894583 0.067500 0.099167
0 0.310937 0.401250 0.063125 0.069167
0 0.867188 0.109167 0.084375 0.090000
0 0.282813 0.939167 0.071875 0.098333
0 0.361250 0.881667 0.061250 0.086667
0 0.540312 0.675833 0.069375 0.098333
0 0.228125 0.316250 0.066250 0.114167
0 0.266562 0.463333 0.078125 0.101667
0 0.721250 0.769583 0.068750 0.100833
0 0.781563 0.883333 0.066875 0.115000
0 0.145313 0.136250 0.064375 0.092500
0 0.052812 0.327917 0.069375 0.114167
0 0.465313 0.727917 0.071875 0.097500
0 0.592500 0.606667 0.070000 0.086667
0 0.279687 0.743750 0.065625 0.089167
0 0.461875 0.420833 0.081250 0.096667
0 0.222812 0.850833 0.056875 0.105000
0 0.395625 0.699167 0.075000 0.110000
0 0.795937 0.108333 0.073125 0.096667
0 0.960625 0.409583 0.072500 0.079167
0 0.371563 0.224167 0.074375 0.100000
0 0.058125 0.878750 0.068750 0.089167
0 0.909687 0.329167 0.070625 0.091667
0 0.707500 0.081667 0.075000 0.098333
0 0.789062 0.346250 0.069375 0.097500
0 0.708750 0.414167 0.071250 0.081667
0 0.638437 0.721667 0.070625 0.095000
0 0.802188 0.190833 0.074375 0.088333
0 0.886563 0.415000 0.068125 0.100000
0 0.723750 0.866250 0.057500 0.107500
0 0.849063 0.695000 0.073125 0.095000
0 0.582812 0.431250 0.070625 0.099167
0 0.796875 0.429583 0.080000 0.084167
0 0.950313 0.800833 0.071875 0.096667
0 0.932813 0.215417 0.075625 0.102500
0 0.356875 0.792917 0.078750 0.099167
0 0.447813 0.266250 0.064375 0.100833
0 0.063750 0.529583 0.066250 0.099167
0 0.544687 0.740417 0.080625 0.069167
0 0.178437 0.475000 0.065625 0.098333
0 0.310937 0.686667 0.064375 0.100000
0 0.553750 0.115000 0.067500 0.096667
0 0.688438 0.326667 0.073125 0.096667
0 0.209063 0.752083 0.075625 0.099167
0 0.638437 0.068750 0.070625 0.114167
0 0.836562 0.794167 0.066875 0.110000
0 0.349062 0.135000 0.066875 0.091667
0 0.650937 0.489583 0.078125 0.105833
0 0.243125 0.652083 0.060000 0.079167
0 0.433437 0.320000 0.053125 0.098333
0 0.106563 0.446667 0.070625 0.105000
0 0.113125 0.352083 0.062500 0.114167
0 0.851875 0.291667 0.073750 0.096667
0 0.815000 0.510833 0.076250 0.108333
0 0.903125 0.527500 0.076250 0.095000
0 0.107813 0.589167 0.051875 0.175000
0 0.502812 0.386667 0.059375 0.141667
0 0.602812 0.841250 0.088125 0.115833
0 0.948125 0.061667 0.060000 0.123333
0 0.837187 0.388333 0.071875 0.090000
0 0.030625 0.213750 0.053750 0.104167
0 0.685312 0.471667 0.086875 0.066667
0 0.680937 0.839167 0.064375 0.101667
0 0.516875 0.542083 0.065000 0.097500
0 0.440625 0.655000 0.068750 0.103333
4 0.469375 0.508333 0.060000 0.100000
0 0.030625 0.094167 0.058750 0.096667
0 0.583438 0.102083 0.055625 0.100833
0 0.872812 0.343333 0.076875 0.093333
0 0.655000 0.802917 0.067500 0.100833
0 0.223438 0.668333 0.073125 0.091667
0 0.962812 0.761250 0.074375 0.087500
0 0.888125 0.747500 0.078750 0.128333
