0 0.335938 0.671250 0.068125 0.097500
0 0.461562 0.867917 0.068125 0.080833
0 0.427500 0.753750 0.063750 0.082500
0 0.873125 0.471667 0.063750 0.105000
0 0.535937 0.680833 0.063125 0.083333
0 0.677813 0.687917 0.076875 0.100833
0 0.201250 0.458333 0.071250 0.090000
0 0.887500 0.118333 0.081250 0.075000
0 0.883437 0.347917 0.079375 0.104167
0 0.454062 0.607083 0.079375 0.095833
0 0.566875 0.093750 0.077500 0.080833
0 0.344375 0.439583 0.080000 0.094167
0 0.756563 0.323333 0.071875 0.073333
0 0.463438 0.505417 0.065625 0.105833
0 0.613437 0.775417 0.066875 0.095833
0 0.543750 0.587083 0.055000 0.109167
0 0.899062 0.587500 0.074375 0.115000
0 0.910000 0.271667 0.072500 0.108333
0 0.661875 0.418333 0.068750 0.076667
0 0.152188 0.123750 0.079375 0.110833
0 0.821562 0.605833 0.069375 0.073333
0 0.726250 0.398750 0.067500 0.074167
0 0.610938 0.431250 0.076875 0.090833
0 0.633125 0.086250 0.065000 0.114167
0 0.779062 0.270833 0.081875 0.086667
0 0.665625 0.613333 0.071250 0.093333
0 0.387813 0.522500 0.078125 0.098333
0 0.069375 0.098750 0.066250 0.084167
0 0.753125 0.585000 0.060000 0.080000
0 0.034688 0.493750 0.064375 0.094167
0 0.403438 0.872083 0.064375 0.129167
0 0.614375 0.255000 0.093750 0.083333
0 0.356250 0.603333 0.080000 0.080000
0 0.821250 0.542500 0.062500 0.100000
0 0.531563 0.422500 0.076875 0.106667
0 0.787500 0.165417 0.066250 0.119167
0 0.947500 0.258750 0.055000 0.144167
0 0.295938 0.558333 0.059375 0.118333
0 0.780312 0.486667 0.061875 0.101667
0 0.634375 0.308750 0.097500 0.087500
0 0.721562 0.467500 0.076875 0.050000
0 0.104375 0.790000 0.072500 0.116667
0 0.129688 0.320833 0.074375 0.093333
0 0.668438 0.322083 0.076875 0.105833
