0 0.352500 0.529583 0.063750 0.074167
0 0.673438 0.575000 0.069375 0.090000
0 0.888125 0.379583 0.063750 0.077500
0 0.738437 0.567500 0.064375 0.085000
0 0.083125 0.845417 0.067500 0.087500
0 0.347500 0.408750 0.066250 0.090833
0 0.822812 0.641667 0.070625 0.101667
0 0.634062 0.693333 0.065625 0.093333
0 0.707187 0.775000 0.064375 0.081667
0 0.686562 0.484167 0.065625 0.098333
0 0.069687 0.149167 0.075625 0.100000
0 0.262500 0.276667 0.068750 0.086667
0 0.860000 0.854167 0.083750 0.113333
0 0.463125 0.372500 0.060000 0.096667
0 0.270313 0.885833 0.069375 0.086667
0 0.041250 0.776250 0.067500 0.099167
0 0.826250 0.504583 0.070000 0.072500
0 0.040625 0.938750 0.056250 0.079167
0 0.605938 0.535417 0.073125 0.100833
0 0.267188 0.166250 0.084375 0.105833
0 0.441563 0.549583 0.078125 0.085833
0 0.659687 0.370000 0.065625 0.095000
0 0.743437 0.718750 0.064375 0.094167
0 0.704063 0.653750 0.060625 0.085833
0 0.489687 0.606667 0.061875 0.081667
0 0.912813 0.510833 0.063125 0.085000
0 0.523438 0.188333 0.078125 0.103333
0 0.229063 0.494583 0.075625 0.097500
0 0.676250 0.180417 0.082500 0.107500
0 0.773125 0.666250 0.060000 0.089167
0 0.429688 0.449167 0.063125 0.096667
0 0.804688 0.114583 0.080625 0.104167
0 0.795312 0.427083 0.066875 0.087500
0 0.575937 0.125833 0.078125 0.120000
0 0.277187 0.646667 0.070625 0.088333
0 0.473438 0.674167 0.073125 0.080000
0 0.553438 0.586250 0.059375 0.075833
0 0.094375 0.692083 0.062500 0.087500
0 0.462813 0.850833 0.054375 0.076667
0 0.197187 0.072083 0.075625 0.089167
0 0.357812 0.607500 0.061875 0.083333
0 0.597187 0.377500 0.078125 0.105000
0 0.111875 0.931667 0.070000 0.093333
0 0.236875 0.570417 0.077500 0.095833
0 0.858437 0.547917 0.070625 0.097500
0 0.954063 0.944583 0.075625 0.089167
0 0.390313 0.464583 0.085625 0.079167
0 0.301875 0.576250 0.053750 0.079167
0 0.640000 0.233333 0.066250 0.093333
0 0.481250 0.925000 0.052500 0.078333
0 0.805937 0.059167 0.078125 0.098333
0 0.643125 0.797917 0.066250 0.074167
0 0.805937 0.794167 0.064375 0.085000
0 0.320937 0.833333 0.050625 0.071667
0 0.931562 0.539167 0.066875 0.096667
0 0.545625 0.271667 0.077500 0.088333
0 0.490000 0.742917 0.050000 0.072500
0 0.579375 0.607917 0.061250 0.075833
0 0.620313 0.812083 0.059375 0.100833
0 0.119688 0.653333 0.070625 0.080000
0 0.797500 0.762917 0.071250 0.094167
1 0.165313 0.746667 0.081875 0.133333
1 0.881875 0.220833 0.092500 0.111667
1 0.658750 0.095417 0.107500 0.130833
0 0.961250 0.869167 0.073750 0.076667
0 0.583438 0.233750 0.056875 0.085833
0 0.416250 0.608333 0.053750 0.070000
1 0.744687 0.280000 0.064375 0.135000
1 0.806875 0.388333 0.123750 0.100000
4 0.292812 0.341667 0.080625 0.105000
0 0.251250 0.065000 0.072500 0.098333
0 0.750625 0.065000 0.060000 0.083333
0 0.690312 0.302083 0.065625 0.080833
0 0.727187 0.385417 0.064375 0.089167
0 0.957500 0.807917 0.075000 0.089167
0 0.395625 0.286250 0.070000 0.090833
0 0.457813 0.223750 0.065625 0.077500
0 0.495312 0.266667 0.081875 0.101667
0 0.423438 0.296667 0.068125 0.076667
0 0.433750 0.905417 0.055000 0.067500
0 0.396250 0.848333 0.052500 0.071667
