0 0.360000 0.688333 0.077500 0.088333
0 0.635000 0.259583 0.075000 0.099167
0 0.271875 0.635000 0.078750 0.100000
0 0.636563 0.676250 0.068125 0.102500
0 0.772188 0.414167 0.084375 0.116667
0 0.448750 0.682500 0.075000 0.106667
0 0.405313 0.205000 0.069375 0.096667
0 0.509062 0.778333 0.061875 0.088333
0 0.953125 0.334167 0.078750 0.103333
0 0.427500 0.792500 0.077500 0.086667
0 0.610000 0.339583 0.072500 0.097500
0 0.680000 0.548750 0.078750 0.094167
0 0.120000 0.097917 0.076250 0.079167
0 0.227500 0.914167 0.073750 0.090000
0 0.297812 0.237500 0.075625 0.095000
0 0.562813 0.257500 0.069375 0.105000
0 0.580625 0.859583 0.081250 0.112500
0 0.183125 0.525833 0.075000 0.110000
0 0.114375 0.510000 0.077500 0.096667
0 0.837500 0.550417 0.068750 0.105833
0 0.778750 0.846250 0.072500 0.092500
0 0.855313 0.321250 0.078125 0.112500
0 0.530625 0.120833 0.082500 0.098333
0 0.564063 0.704583 0.069375 0.094167
0 0.076250 0.920833 0.075000 0.100000
0 0.480938 0.260417 0.064375 0.102500
0 0.822187 0.730000 0.074375 0.103333
0 0.268437 0.314583 0.078125 0.099167
0 0.870000 0.655833 0.075000 0.098333
0 0.262188 0.735000 0.076875 0.106667
0 0.366563 0.398750 0.079375 0.114167
0 0.077500 0.269583 0.065000 0.089167
0 0.433437 0.877083 0.078125 0.105833
0 0.768750 0.524167 0.075000 0.105000
0 0.198125 0.325000 0.076250 0.111667
0 0.477187 0.433750 0.073125 0.095833
0 0.934688 0.624583 0.081875 0.109167
0 0.188125 0.702500 0.070000 0.098333
0 0.241875 0.536667 0.070000 0.101667
0 0.551250 0.443750 0.073750 0.110833
0 0.512188 0.265833 0.074375 0.098333
0 0.463125 0.088333 0.076250 0.105000
0 0.777188 0.246250 0.073125 0.092500
0 0.953750 0.126250 0.083750 0.095833
0 0.478125 0.532083 0.073750 0.099167
0 0.290938 0.394167 0.071875 0.111667
0 0.076563 0.603750 0.078125 0.102500
0 0.413750 0.720417 0.071250 0.094167
0 0.504062 0.491667 0.075625 0.100000
0 0.260937 0.779583 0.069375 0.092500
0 0.106875 0.376667 0.083750 0.090000
0 0.825937 0.471250 0.074375 0.100833
0 0.216875 0.802500 0.067500 0.113333
3 0.652813 0.200417 0.096875 0.132500
0 0.764062 0.190000 0.053125 0.110000
0 0.720000 0.199167 0.050000 0.106667
0 0.134375 0.361667 0.075000 0.095000
0 0.135000 0.198750 0.066250 0.089167
0 0.861875 0.469583 0.076250 0.089167
0 0.347187 0.801250 0.054375 0.120833
0 0.109687 0.132083 0.085625 0.090833
0 0.106563 0.205833 0.085625 0.088333
