0 0.763125 0.558333 0.063750 0.083333
0 0.110312 0.628750 0.058125 0.077500
0 0.796562 0.197083 0.071875 0.090833
0 0.575313 0.683333 0.068125 0.093333
0 0.665625 0.117083 0.072500 0.099167
0 0.209375 0.394167 0.070000 0.083333
0 0.427812 0.141667 0.065625 0.091667
0 0.293750 0.240833 0.073750 0.096667
0 0.563438 0.330000 0.069375 0.093333
0 0.512188 0.464583 0.075625 0.097500
1 0.725625 0.063750 0.081250 0.089167
0 0.529375 0.236250 0.067500 0.087500
0 0.313750 0.142500 0.066250 0.086667
0 0.318125 0.884583 0.060000 0.087500
0 0.057813 0.697917 0.075625 0.089167
0 0.446875 0.788750 0.070000 0.087500
0 0.042813 0.115000 0.066875 0.083333
0 0.475000 0.527083 0.061250 0.085833
0 0.502188 0.348333 0.065625 0.076667
0 0.284687 0.570833 0.070625 0.081667
0 0.618125 0.473750 0.057500 0.079167
0 0.817813 0.804583 0.063125 0.085833
0 0.608750 0.842500 0.061250 0.078333
0 0.788125 0.473333 0.072500 0.090000
0 0.547813 0.868750 0.063125 0.082500
0 0.175937 0.170833 0.074375 0.098333
0 0.378437 0.241667 0.074375 0.093333
0 0.711875 0.672500 0.052500 0.068333
0 0.865938 0.745833 0.064375 0.093333
0 0.934375 0.573750 0.058750 0.082500
0 0.256250 0.920000 0.056250 0.075000
0 0.869062 0.508333 0.073125 0.091667
1 0.194062 0.272917 0.079375 0.109167
1 0.189062 0.836250 0.076875 0.112500
0 0.179375 0.698750 0.067500 0.085833
0 0.885938 0.662917 0.069375 0.080833
0 0.667500 0.325833 0.065000 0.078333
0 0.959688 0.950000 0.060625 0.090000
0 0.370937 0.904583 0.051875 0.085833
0 0.598125 0.248333 0.065000 0.083333
0 0.244688 0.325417 0.058125 0.085833
0 0.142813 0.780000 0.063125 0.073333
0 0.070938 0.363750 0.070625 0.084167
1 0.908750 0.209583 0.075000 0.089167
0 0.515625 0.722083 0.057500 0.072500
0 0.484687 0.668333 0.061875 0.076667
0 0.215000 0.055833 0.061250 0.071667
0 0.506875 0.929583 0.067500 0.100833
0 0.303438 0.356667 0.071875 0.086667
0 0.385625 0.822083 0.067500 0.080833
0 0.404687 0.405417 0.058125 0.077500
0 0.365312 0.351250 0.060625 0.077500
0 0.900312 0.952917 0.063125 0.077500
0 0.423125 0.468750 0.065000 0.077500
0 0.220000 0.622500 0.062500 0.086667
0 0.378750 0.148333 0.068750 0.098333
0 0.053125 0.903750 0.060000 0.095833
0 0.887188 0.091250 0.068125 0.077500
0 0.445312 0.262500 0.064375 0.086667
0 0.934063 0.713750 0.066875 0.087500
0 0.318750 0.697083 0.061250 0.067500
0 0.071875 0.822083 0.058750 0.069167
0 0.080625 0.746667 0.067500 0.091667
0 0.889687 0.270000 0.065625 0.073333
0 0.759375 0.682500 0.056250 0.070000
0 0.766875 0.818333 0.068750 0.076667
0 0.454688 0.602083 0.056875 0.079167
0 0.965313 0.057500 0.061875 0.081667
0 0.345313 0.421667 0.065625 0.071667
1 0.784687 0.946250 0.076875 0.099167
0 0.224062 0.587917 0.056875 0.082500
0 0.221562 0.101667 0.066875 0.071667
0 0.033438 0.224583 0.058125 0.079167
0 0.666875 0.259167 0.060000 0.070000
0 0.040938 0.186667 0.065625 0.078333
0 0.842812 0.430000 0.064375 0.068333
0 0.599375 0.934583 0.053750 0.077500
0 0.455000 0.963750 0.055000 0.072500
0 0.424375 0.939583 0.047500 0.069167
0 0.721250 0.629583 0.048750 0.077500
0 0.773125 0.752917 0.060000 0.074167
0 0.845625 0.081667 0.075000 0.070000
0 0.431250 0.558333 0.056250 0.076667
0 0.839688 0.044167 0.079375 0.070000
0 0.952500 0.157917 0.071250 0.060833
0 0.827500 0.391667 0.055000 0.076667
