0 0.705937 0.487500 0.059375 0.076667
0 0.340000 0.369583 0.076250 0.097500
0 0.145000 0.245000 0.050000 0.076667
0 0.621875 0.161667 0.066250 0.085000
0 0.796875 0.372500 0.070000 0.071667
0 0.438125 0.168333 0.066250 0.081667
0 0.377812 0.201667 0.063125 0.071667
0 0.346250 0.117500 0.061250 0.085000
0 0.733437 0.678333 0.065625 0.083333
0 0.706875 0.247083 0.068750 0.087500
0 0.796250 0.147917 0.065000 0.092500
0 0.763750 0.452083 0.061250 0.094167
0 0.665312 0.581250 0.073125 0.099167
0 0.533750 0.076667 0.067500 0.088333
0 0.034688 0.825833 0.059375 0.080000
0 0.194375 0.810000 0.062500 0.080000
0 0.310625 0.918750 0.071250 0.084167
0 0.776250 0.602083 0.068750 0.100833
0 0.958438 0.541667 0.064375 0.085000
0 0.493125 0.219167 0.056250 0.078333
0 0.082187 0.503750 0.070625 0.094167
0 0.621563 0.414167 0.066875 0.080000
0 0.331562 0.726667 0.064375 0.101667
0 0.773125 0.890000 0.057500 0.078333
0 0.804688 0.212917 0.066875 0.074167
0 0.775625 0.291667 0.077500 0.076667
0 0.845938 0.539583 0.068125 0.077500
0 0.651250 0.097917 0.073750 0.077500
0 0.804375 0.481250 0.068750 0.084167
0 0.143750 0.139583 0.073750 0.079167
0 0.316250 0.833333 0.065000 0.086667
0 0.211562 0.886667 0.061875 0.078333
0 0.528125 0.171250 0.061250 0.082500
0 0.288438 0.151667 0.060625 0.078333
0 0.929688 0.866250 0.065625 0.082500
0 0.469375 0.364583 0.063750 0.097500
0 0.649062 0.857917 0.063125 0.087500
0 0.162500 0.570417 0.075000 0.085833
0 0.887188 0.929583 0.073125 0.087500
0 0.099687 0.681250 0.054375 0.095833
0 0.159688 0.950833 0.065625 0.080000
0 0.233437 0.644583 0.063125 0.094167
0 0.252500 0.495417 0.061250 0.085833
0 0.462813 0.089167 0.064375 0.081667
0 0.941250 0.661250 0.070000 0.089167
0 0.138437 0.612917 0.070625 0.085833
0 0.316563 0.501667 0.073125 0.088333
0 0.550937 0.850417 0.061875 0.095833
0 0.307812 0.227500 0.054375 0.073333
0 0.818750 0.620417 0.056250 0.075833
0 0.038750 0.690417 0.067500 0.094167
0 0.532188 0.724167 0.074375 0.093333
0 0.206250 0.146250 0.063750 0.085833
0 0.943438 0.778333 0.054375 0.083333
0 0.748750 0.805833 0.063750 0.096667
0 0.845000 0.888750 0.058750 0.097500
0 0.847500 0.852083 0.072500 0.064167
0 0.545000 0.255000 0.068750 0.081667
0 0.619062 0.261667 0.048125 0.073333
0 0.256563 0.872917 0.054375 0.089167
0 0.852812 0.429167 0.063125 0.085000
0 0.247812 0.560000 0.070625 0.098333
0 0.182500 0.435000 0.071250 0.093333
0 0.320937 0.265417 0.061875 0.095833
0 0.574688 0.818750 0.071875 0.087500
0 0.333750 0.587083 0.073750 0.094167
0 0.887188 0.462500 0.070625 0.096667
0 0.390937 0.055417 0.066875 0.100833
0 0.834063 0.692917 0.076875 0.100833
0 0.136875 0.482083 0.055000 0.072500
0 0.616250 0.516667 0.062500 0.070000
0 0.354063 0.448333 0.075625 0.080000
0 0.534687 0.315417 0.066875 0.092500
0 0.763437 0.748750 0.064375 0.079167
0 0.484687 0.401667 0.070625 0.085000
0 0.187812 0.516667 0.064375 0.090000
0 0.957500 0.695000 0.063750 0.090000
0 0.851250 0.709583 0.071250 0.092500
0 0.900000 0.764167 0.061250 0.088333
0 0.031563 0.873333 0.061875 0.085000
0 0.235937 0.735417 0.073125 0.087500
1 0.112187 0.831667 0.099375 0.101667
1 0.514687 0.642917 0.066875 0.144167
1 0.960625 0.943750 0.062500 0.112500
1 0.605000 0.345000 0.081250 0.098333
1 0.227187 0.240000 0.104375 0.083333
0 0.235937 0.200833 0.065625 0.076667
0 0.445625 0.041667 0.057500 0.080000
0 0.959063 0.185417 0.068125 0.070833
0 0.654375 0.224583 0.076250 0.089167
0 0.574688 0.280000 0.053125 0.085000
0 0.241250 0.697500 0.076250 0.080000
0 0.026875 0.448750 0.052500 0.087500
0 0.043750 0.736250 0.076250 0.092500
0 0.201875 0.181250 0.072500 0.090833
0 0.745938 0.952083 0.059375 0.089167
