0 0.566562 0.620417 0.073125 0.097500
0 0.166250 0.578750 0.067500 0.092500
0 0.918750 0.351250 0.077500 0.107500
0 0.652188 0.442917 0.069375 0.092500
0 0.401562 0.280000 0.068125 0.085000
0 0.158750 0.283333 0.057500 0.078333
0 0.296563 0.291667 0.079375 0.100000
0 0.133750 0.863750 0.063750 0.085833
0 0.259375 0.195000 0.057500 0.080000
0 0.666250 0.553750 0.078750 0.104167
0 0.361250 0.360833 0.068750 0.093333
0 0.065000 0.718333 0.058750 0.086667
0 0.108125 0.637917 0.060000 0.079167
0 0.926875 0.615417 0.076250 0.075833
0 0.379063 0.888333 0.069375 0.088333
0 0.420625 0.431667 0.068750 0.113333
0 0.251875 0.500833 0.065000 0.080000
0 0.278438 0.386667 0.060625 0.088333
0 0.535625 0.447500 0.068750 0.093333
0 0.394062 0.064167 0.069375 0.090000
0 0.060937 0.056250 0.061875 0.090833
0 0.870000 0.461667 0.073750 0.111667
0 0.833438 0.527083 0.065625 0.082500
0 0.640000 0.665833 0.071250 0.095000
0 0.765312 0.878333 0.060625 0.100000
0 0.786875 0.412500 0.073750 0.121667
0 0.693750 0.891667 0.068750 0.086667
0 0.503437 0.388333 0.069375 0.096667
0 0.130000 0.227083 0.060000 0.080833
0 0.434063 0.216250 0.078125 0.099167
0 0.216562 0.412500 0.064375 0.068333
0 0.940312 0.152917 0.075625 0.079167
0 0.055313 0.513333 0.064375 0.080000
0 0.118750 0.367500 0.073750 0.076667
0 0.617812 0.234583 0.064375 0.112500
0 0.610625 0.861667 0.067500 0.080000
0 0.713750 0.748750 0.082500 0.090833
0 0.840625 0.617500 0.066250 0.086667
0 0.116875 0.120000 0.058750 0.070000
0 0.950313 0.460417 0.065625 0.084167
0 0.565312 0.515833 0.075625 0.091667
0 0.040625 0.260417 0.075000 0.094167
0 0.681250 0.825417 0.067500 0.074167
0 0.862500 0.115833 0.061250 0.106667
0 0.191250 0.157500 0.071250 0.080000
0 0.592812 0.278750 0.080625 0.097500
0 0.307188 0.947917 0.074375 0.102500
0 0.650937 0.949167 0.065625 0.100000
0 0.720000 0.957917 0.052500 0.072500
0 0.474062 0.754167 0.061875 0.073333
0 0.080625 0.284583 0.083750 0.100833
0 0.894375 0.077500 0.057500 0.108333
0 0.940312 0.076250 0.060625 0.072500
0 0.580000 0.040833 0.066250 0.081667
0 0.938125 0.947917 0.073750 0.095833
1 0.537188 0.180833 0.085625 0.121667
1 0.418125 0.712083 0.121250 0.179167
