0 0.157500 0.657917 0.068750 0.092500
0 0.891563 0.945000 0.064375 0.085000
0 0.903750 0.710833 0.072500 0.086667
0 0.931562 0.272083 0.066875 0.102500
0 0.728437 0.890833 0.074375 0.066667
0 0.219062 0.206667 0.070625 0.091667
0 0.275000 0.602083 0.075000 0.099167
0 0.198750 0.357917 0.066250 0.085833
0 0.210938 0.489583 0.058125 0.079167
0 0.626250 0.512917 0.065000 0.089167
0 0.513750 0.306667 0.058750 0.076667
0 0.197187 0.896250 0.058125 0.104167
0 0.302187 0.449167 0.064375 0.078333
0 0.351562 0.843333 0.070625 0.088333
0 0.830313 0.871667 0.069375 0.081667
0 0.051250 0.170833 0.073750 0.091667
0 0.527500 0.898750 0.055000 0.080833
0 0.592187 0.126667 0.068125 0.068333
0 0.153750 0.765417 0.071250 0.082500
0 0.665312 0.774583 0.059375 0.082500
0 0.774375 0.180417 0.063750 0.084167
0 0.709688 0.690417 0.075625 0.082500
0 0.097812 0.467083 0.061875 0.079167
0 0.615313 0.892500 0.070625 0.096667
0 0.048125 0.311667 0.065000 0.090000
0 0.484063 0.620833 0.065625 0.081667
0 0.676875 0.428750 0.067500 0.090833
0 0.685625 0.166250 0.067500 0.080833
0 0.135937 0.403333 0.063125 0.098333
1 0.130000 0.871250 0.072500 0.095833
0 0.439063 0.438750 0.070625 0.074167
0 0.453437 0.170000 0.068125 0.090000
0 0.608437 0.727500 0.070625 0.093333
0 0.336875 0.936250 0.055000 0.080833
0 0.096562 0.075833 0.064375 0.080000
3 0.300938 0.709583 0.081875 0.104167
0 0.857187 0.107083 0.054375 0.070833
0 0.713750 0.825000 0.071250 0.090000
0 0.461875 0.361667 0.061250 0.081667
0 0.892188 0.424583 0.079375 0.095833
0 0.830000 0.687500 0.068750 0.076667
0 0.922500 0.578333 0.062500 0.073333
0 0.549375 0.779167 0.067500 0.066667
0 0.661563 0.889583 0.068125 0.084167
0 0.365625 0.050417 0.051250 0.079167
1 0.320625 0.091667 0.067500 0.100000
0 0.734062 0.396250 0.069375 0.104167
0 0.264688 0.116667 0.060625 0.080000
0 0.595000 0.382083 0.052500 0.077500
0 0.411875 0.662083 0.055000 0.084167
0 0.113750 0.172500 0.056250 0.076667
0 0.560000 0.683750 0.052500 0.059167
0 0.864375 0.280417 0.048750 0.094167
0 0.676250 0.075833 0.057500 0.073333
0 0.512188 0.158333 0.050625 0.073333
0 0.497188 0.700000 0.059375 0.080000
0 0.474687 0.532917 0.061875 0.100833
0 0.686250 0.267083 0.055000 0.089167
0 0.441875 0.732500 0.061250 0.063333
0 0.070625 0.629167 0.078750 0.090000
0 0.463438 0.514583 0.075625 0.082500
0 0.228750 0.672083 0.071250 0.089167
0 0.435937 0.831250 0.079375 0.082500
0 0.755625 0.734167 0.066250 0.085000
0 0.391250 0.942500 0.053750 0.071667
0 0.235313 0.086250 0.064375 0.089167
0 0.740625 0.049167 0.065000 0.091667
0 0.915312 0.036667 0.064375 0.073333
0 0.967187 0.107917 0.063125 0.060833
0 0.738437 0.265000 0.041875 0.090000
0 0.627812 0.206250 0.048125 0.067500
0 0.631563 0.290000 0.064375 0.071667
0 0.661250 0.291250 0.056250 0.080833
0 0.563125 0.478333 0.058750 0.068333
0 0.264688 0.377917 0.061875 0.079167
0 0.381563 0.475833 0.043125 0.083333
0 0.351875 0.494583 0.053750 0.085833
0 0.687500 0.579167 0.068750 0.071667
0 0.855000 0.646250 0.051250 0.084167
0 0.070312 0.781250 0.060625 0.107500
0 0.098750 0.692500 0.060000 0.063333
0 0.098125 0.743750 0.046250 0.060833
0 0.050625 0.930833 0.055000 0.070000
3 0.067187 0.570833 0.096875 0.076667
1 0.399687 0.785000 0.100625 0.078333
0 0.207187 0.036667 0.059375 0.066667
0 0.814688 0.033333 0.045625 0.065000
