0 0.523438 0.260000 0.065625 0.078333
0 0.574375 0.680833 0.067500 0.095000
0 0.198750 0.398750 0.067500 0.077500
0 0.515938 0.772500 0.066875 0.095000
0 0.413438 0.840417 0.070625 0.099167
0 0.580313 0.144583 0.059375 0.084167
0 0.515938 0.185000 0.074375 0.076667
0 0.195937 0.218333 0.070625 0.091667
0 0.396250 0.687917 0.067500 0.087500
0 0.515625 0.107917 0.063750 0.080833
0 0.654062 0.533333 0.065625 0.095000
0 0.241875 0.743333 0.062500 0.083333
0 0.330000 0.655833 0.053750 0.078333
0 0.897188 0.805000 0.060625 0.076667
0 0.460000 0.647083 0.071250 0.099167
0 0.189062 0.610833 0.075625 0.098333
0 0.889687 0.169167 0.068125 0.095000
0 0.902188 0.451250 0.070625 0.100833
0 0.040625 0.627917 0.063750 0.082500
0 0.792188 0.757917 0.076875 0.107500
0 0.373437 0.598750 0.069375 0.089167
0 0.857812 0.293750 0.073125 0.097500
0 0.433750 0.104167 0.081250 0.103333
0 0.158438 0.898750 0.074375 0.099167
0 0.151250 0.328750 0.073750 0.104167
0 0.300000 0.745000 0.068750 0.106667
2 0.291875 0.276250 0.090000 0.114167
0 0.275000 0.605417 0.081250 0.099167
0 0.319063 0.468750 0.075625 0.090833
