2 0.921250 0.238750 0.107500 0.105833
3 0.328750 0.212917 0.092500 0.109167
0 0.805937 0.120833 0.065625 0.091667
0 0.665625 0.155417 0.065000 0.102500
0 0.554688 0.173750 0.075625 0.097500
0 0.588437 0.237917 0.070625 0.100833
0 0.735000 0.275417 0.076250 0.102500
0 0.716250 0.387500 0.052500 0.080000
0 0.839375 0.317500 0.068750 0.093333
0 0.920625 0.359167 0.075000 0.083333
0 0.965000 0.428333 0.065000 0.085000
0 0.816562 0.427917 0.083125 0.095833
0 0.915937 0.500833 0.071875 0.091667
0 0.835313 0.520000 0.079375 0.098333
0 0.852812 0.599167 0.070625 0.090000
0 0.956875 0.703333 0.065000 0.090000
0 0.858750 0.683333 0.076250 0.088333
0 0.892500 0.730000 0.073750 0.091667
0 0.957812 0.828333 0.071875 0.093333
0 0.836562 0.791667 0.069375 0.093333
0 0.837187 0.855000 0.075625 0.088333
0 0.765625 0.679583 0.067500 0.092500
0 0.651875 0.584167 0.068750 0.098333
0 0.718750 0.618750 0.077500 0.102500
0 0.531875 0.445417 0.080000 0.119167
0 0.534687 0.627917 0.081875 0.105833
0 0.645000 0.678750 0.063750 0.107500
0 0.578750 0.713750 0.066250 0.097500
0 0.725313 0.793333 0.070625 0.086667
0 0.656563 0.830417 0.078125 0.099167
0 0.655625 0.887917 0.071250 0.102500
0 0.482812 0.750000 0.075625 0.083333
0 0.527500 0.819583 0.070000 0.104167
0 0.556562 0.906250 0.074375 0.107500
0 0.471562 0.887917 0.073125 0.099167
0 0.376250 0.947917 0.062500 0.094167
0 0.272188 0.914167 0.080625 0.098333
0 0.345313 0.855833 0.080625 0.090000
0 0.403438 0.786667 0.075625 0.093333
0 0.352812 0.727083 0.070625 0.100833
0 0.293750 0.667500 0.071250 0.120000
0 0.233125 0.714583 0.075000 0.099167
0 0.054062 0.761250 0.071875 0.095833
0 0.116562 0.646250 0.069375 0.104167
0 0.041563 0.582500 0.078125 0.095000
0 0.050313 0.478333 0.071875 0.106667
0 0.075000 0.220417 0.071250 0.100833
0 0.145000 0.214583 0.066250 0.092500
0 0.225938 0.120000 0.071875 0.093333
0 0.301250 0.099583 0.068750 0.099167
0 0.369063 0.149167 0.066875 0.080000
0 0.276562 0.180000 0.074375 0.088333
0 0.236563 0.295417 0.079375 0.100833
0 0.129688 0.324583 0.076875 0.090833
0 0.154375 0.421250 0.066250 0.099167
0 0.219062 0.423333 0.078125 0.083333
0 0.212188 0.525000 0.083125 0.085000
0 0.191562 0.583333 0.083125 0.096667
0 0.425000 0.312500 0.068750 0.093333
0 0.409062 0.379583 0.078125 0.067500
0 0.339687 0.441250 0.075625 0.100833
0 0.343750 0.495000 0.060000 0.083333
0 0.406250 0.457500 0.075000 0.098333
0 0.399687 0.552917 0.068125 0.105833
