0 0.231875 0.207500 0.061250 0.080000
0 0.964063 0.073333 0.068125 0.088333
0 0.315937 0.835833 0.069375 0.081667
0 0.539687 0.580000 0.071875 0.086667
0 0.104063 0.192083 0.068125 0.087500
0 0.613125 0.631250 0.065000 0.085833
0 0.097187 0.045000 0.068125 0.080000
0 0.885938 0.644583 0.060625 0.094167
0 0.033438 0.645417 0.055625 0.072500
0 0.314063 0.656250 0.064375 0.089167
0 0.798750 0.825000 0.068750 0.091667
0 0.189688 0.075000 0.065625 0.091667
0 0.143125 0.550417 0.061250 0.072500
0 0.434063 0.247500 0.063125 0.081667
0 0.224688 0.503750 0.064375 0.080833
0 0.227500 0.136667 0.068750 0.080000
0 0.760000 0.920000 0.066250 0.086667
0 0.071563 0.128333 0.083125 0.081667
0 0.202187 0.897083 0.075625 0.075833
0 0.660312 0.730417 0.065625 0.097500
0 0.875000 0.256667 0.082500 0.103333
0 0.343750 0.349583 0.080000 0.092500
0 0.390937 0.669167 0.079375 0.093333
0 0.659062 0.678333 0.079375 0.070000
2 0.818125 0.642917 0.085000 0.112500
0 0.471875 0.906250 0.068750 0.099167
0 0.113125 0.929583 0.077500 0.105833
