0 0.912813 0.877500 0.065625 0.075000
0 0.677813 0.880000 0.078125 0.110000
0 0.373750 0.522500 0.071250 0.096667
0 0.707187 0.520417 0.065625 0.074167
0 0.217188 0.248333 0.074375 0.090000
0 0.418125 0.237917 0.072500 0.095833
0 0.800000 0.075417 0.071250 0.097500
0 0.403125 0.822083 0.082500 0.099167
0 0.062500 0.055833 0.077500 0.100000
0 0.266250 0.622917 0.073750 0.109167
0 0.335625 0.260000 0.067500 0.096667
0 0.489063 0.788333 0.073125 0.096667
0 0.696875 0.415417 0.071250 0.094167
0 0.235000 0.526667 0.073750 0.083333
0 0.816562 0.256667 0.071875 0.106667
0 0.403125 0.118750 0.082500 0.109167
0 0.525937 0.674167 0.084375 0.101667
0 0.664375 0.630000 0.061250 0.103333
0 0.140000 0.737083 0.076250 0.092500
1 0.227813 0.880000 0.076875 0.123333
0 0.374375 0.727500 0.060000 0.088333
0 0.741875 0.810000 0.085000 0.105000
0 0.553438 0.151667 0.068125 0.086667
0 0.594688 0.584583 0.078125 0.100833
0 0.893125 0.588333 0.095000 0.105000
0 0.187188 0.115417 0.066875 0.099167
0 0.894375 0.712917 0.062500 0.132500
0 0.563438 0.384583 0.076875 0.105833
0 0.775000 0.730417 0.082500 0.112500
0 0.320312 0.679167 0.070625 0.095000
0 0.256250 0.134583 0.066250 0.095833
0 0.138437 0.188333 0.076875 0.091667
0 0.504062 0.390000 0.069375 0.100000
0 0.600625 0.280417 0.073750 0.097500
0 0.945625 0.404167 0.071250 0.086667
0 0.404062 0.372917 0.073125 0.094167
0 0.885312 0.381250 0.075625 0.084167
0 0.505938 0.288750 0.073125 0.109167
0 0.617188 0.909167 0.076875 0.118333
0 0.234375 0.350417 0.081250 0.099167
0 0.089688 0.900000 0.069375 0.111667
0 0.429375 0.338750 0.075000 0.089167
0 0.114375 0.496250 0.080000 0.104167
2 0.676562 0.103333 0.115625 0.123333
0 0.676250 0.174583 0.082500 0.102500
