0 0.704375 0.359583 0.065000 0.079167
0 0.412187 0.184583 0.063125 0.080833
0 0.871875 0.362917 0.061250 0.082500
0 0.939375 0.236667 0.061250 0.083333
0 0.789687 0.857083 0.061875 0.082500
0 0.405313 0.470833 0.073125 0.091667
0 0.598125 0.512917 0.062500 0.082500
0 0.637813 0.718333 0.081875 0.105000
0 0.722187 0.922500 0.058125 0.076667
0 0.146563 0.611667 0.060625 0.083333
0 0.576562 0.632083 0.060625 0.082500
0 0.571875 0.902917 0.083750 0.107500
0 0.843750 0.499167 0.061250 0.080000
0 0.265000 0.688333 0.066250 0.086667
0 0.039375 0.243750 0.062500 0.084167
0 0.144375 0.817500 0.061250 0.086667
0 0.273750 0.587083 0.066250 0.087500
4 0.782813 0.186667 0.080625 0.105000
0 0.870625 0.438750 0.067500 0.077500
0 0.772188 0.685833 0.075625 0.093333
0 0.832500 0.119167 0.062500 0.080000
0 0.510312 0.382083 0.074375 0.075833
0 0.442500 0.849583 0.058750 0.080833
0 0.517813 0.625417 0.054375 0.080833
0 0.377188 0.085000 0.068125 0.081667
0 0.500000 0.297500 0.062500 0.080000
0 0.040938 0.667083 0.063125 0.087500
0 0.043750 0.508333 0.061250 0.080000
0 0.320625 0.151250 0.067500 0.080833
0 0.253125 0.390833 0.057500 0.071667
0 0.074063 0.165833 0.064375 0.081667
0 0.663125 0.607083 0.062500 0.079167
0 0.213750 0.614583 0.058750 0.079167
0 0.886250 0.945000 0.073750 0.090000
0 0.855000 0.609583 0.075000 0.084167
0 0.276875 0.921250 0.071250 0.114167
0 0.354063 0.702083 0.073125 0.084167
0 0.209063 0.903750 0.064375 0.089167
0 0.383750 0.385833 0.073750 0.088333
0 0.435312 0.582500 0.063125 0.076667
0 0.280313 0.319583 0.069375 0.090833
0 0.033750 0.577083 0.058750 0.074167
0 0.373437 0.929583 0.069375 0.080833
0 0.090313 0.079583 0.065625 0.094167
0 0.138125 0.165000 0.065000 0.083333
0 0.388437 0.785000 0.074375 0.096667
0 0.160938 0.380417 0.075625 0.082500
0 0.218750 0.185833 0.071250 0.088333
0 0.852187 0.707917 0.064375 0.087500
0 0.140937 0.732500 0.070625 0.088333
0 0.100312 0.895417 0.073125 0.090833
0 0.195312 0.111667 0.066875 0.090000
0 0.244062 0.249167 0.063125 0.075000
0 0.736563 0.609167 0.059375 0.066667
0 0.236250 0.527083 0.053750 0.077500
0 0.729375 0.852083 0.057500 0.082500
0 0.237813 0.102500 0.069375 0.086667
0 0.933125 0.086667 0.065000 0.068333
0 0.760000 0.061667 0.052500 0.085000
0 0.824063 0.750000 0.069375 0.083333
0 0.654062 0.260000 0.066875 0.071667
0 0.954063 0.151250 0.068125 0.089167
0 0.190625 0.516250 0.067500 0.084167
0 0.115000 0.697083 0.082500 0.085833
0 0.313750 0.072500 0.063750 0.078333
0 0.207500 0.440000 0.071250 0.080000
0 0.478750 0.803750 0.056250 0.089167
0 0.709063 0.142917 0.064375 0.065833
0 0.702812 0.080417 0.051875 0.062500
0 0.839063 0.822500 0.061875 0.061667
0 0.034375 0.073333 0.062500 0.085000
0 0.180625 0.447917 0.061250 0.064167
0 0.384688 0.869583 0.049375 0.074167
