0 0.947187 0.602083 0.068125 0.085833
0 0.940000 0.925833 0.073750 0.080000
0 0.583125 0.053750 0.063750 0.080833
0 0.901875 0.245000 0.062500 0.086667
0 0.570312 0.205000 0.063125 0.073333
0 0.169687 0.555833 0.070625 0.085000
0 0.221250 0.451667 0.062500 0.073333
0 0.522500 0.693333 0.065000 0.098333
0 0.842500 0.716250 0.070000 0.080833
0 0.273438 0.593750 0.064375 0.085833
0 0.384688 0.887917 0.069375 0.082500
0 0.851875 0.806250 0.073750 0.094167
0 0.143437 0.237083 0.071875 0.087500
0 0.311875 0.510417 0.063750 0.057500
0 0.434688 0.794583 0.060625 0.072500
0 0.776875 0.782917 0.072500 0.090833
0 0.902813 0.731250 0.066875 0.102500
0 0.177500 0.725000 0.060000 0.078333
0 0.134375 0.367083 0.083750 0.087500
0 0.422812 0.392917 0.078125 0.105833
0 0.069062 0.664167 0.058125 0.110000
0 0.453437 0.733333 0.050625 0.055000
0 0.137187 0.967500 0.058125 0.063333
0 0.157500 0.077917 0.075000 0.102500
3 0.860000 0.626250 0.101250 0.100833
0 0.338438 0.589583 0.074375 0.109167
