0 0.510625 0.727083 0.072500 0.104167
0 0.753437 0.619167 0.059375 0.090000
0 0.922813 0.700417 0.058125 0.100833
0 0.705313 0.059583 0.070625 0.102500
0 0.868125 0.520417 0.063750 0.115833
0 0.765938 0.829167 0.074375 0.106667
0 0.609062 0.692917 0.064375 0.094167
0 0.620313 0.261250 0.056875 0.087500
0 0.217188 0.087500 0.070625 0.091667
0 0.095000 0.088333 0.080000 0.095000
0 0.345313 0.432500 0.066875 0.115000
0 0.237187 0.230833 0.070625 0.096667
0 0.125625 0.266250 0.063750 0.084167
0 0.156562 0.341250 0.069375 0.090833
0 0.870313 0.795000 0.064375 0.101667
0 0.842500 0.264583 0.065000 0.105833
0 0.544063 0.913333 0.065625 0.116667
0 0.095312 0.875417 0.064375 0.115833
0 0.916562 0.955833 0.073125 0.086667
0 0.615313 0.837917 0.063125 0.130833
0 0.764062 0.233750 0.063125 0.124167
0 0.867812 0.126250 0.076875 0.155833
0 0.494063 0.165833 0.058125 0.116667
0 0.500938 0.247083 0.063125 0.129167
1 0.201875 0.847917 0.072500 0.154167
0 0.259375 0.450833 0.061250 0.120000
0 0.421875 0.610000 0.072500 0.113333
0 0.858750 0.718750 0.067500 0.107500
0 0.175937 0.248750 0.066875 0.107500
