0 0.451250 0.475000 0.065000 0.086667
0 0.053437 0.682500 0.056875 0.076667
0 0.605938 0.362083 0.069375 0.089167
0 0.535312 0.247500 0.074375 0.090000
0 0.160312 0.130417 0.065625 0.087500
0 0.711250 0.195417 0.056250 0.084167
4 0.799687 0.755833 0.070625 0.103333
0 0.959063 0.175417 0.064375 0.094167
0 0.812500 0.220417 0.068750 0.100833
0 0.444063 0.586250 0.071875 0.085833
0 0.060937 0.924167 0.066875 0.090000
0 0.544375 0.414167 0.063750 0.070000
0 0.850625 0.870833 0.065000 0.081667
4 0.262500 0.542917 0.070000 0.099167
0 0.525625 0.732500 0.058750 0.073333
0 0.350313 0.794583 0.058125 0.085833
0 0.587187 0.719167 0.069375 0.086667
4 0.098437 0.274583 0.075625 0.097500
0 0.415000 0.248333 0.058750 0.085000
0 0.229687 0.162083 0.075625 0.100833
0 0.357500 0.565417 0.070000 0.090833
0 0.764687 0.555833 0.071875 0.100000
0 0.552188 0.070000 0.069375 0.085000
0 0.032500 0.843750 0.056250 0.087500
0 0.552188 0.572917 0.068125 0.080833
0 0.235313 0.742083 0.061875 0.085833
0 0.915312 0.283750 0.065625 0.085833
0 0.246875 0.381667 0.078750 0.091667
0 0.887188 0.341250 0.073125 0.092500
0 0.675000 0.711667 0.057500 0.080000
0 0.644687 0.813333 0.061875 0.078333
0 0.592187 0.800000 0.065625 0.090000
0 0.135000 0.376667 0.075000 0.090000
0 0.050625 0.204583 0.071250 0.087500
0 0.170000 0.047500 0.070000 0.093333
0 0.366875 0.460000 0.068750 0.081667
0 0.739375 0.104583 0.071250 0.094167
0 0.303125 0.609583 0.063750 0.082500
0 0.583125 0.153750 0.071250 0.109167
0 0.336250 0.364583 0.061250 0.079167
0 0.677813 0.623333 0.068125 0.088333
0 0.539062 0.162083 0.074375 0.082500
0 0.299375 0.949167 0.057500 0.081667
0 0.487500 0.787917 0.063750 0.100833
0 0.568750 0.661250 0.067500 0.082500
0 0.327188 0.516667 0.068125 0.086667
0 0.384688 0.859583 0.058125 0.075833
0 0.303750 0.812500 0.080000 0.080000
0 0.259375 0.092500 0.087500 0.083333
0 0.273750 0.458333 0.073750 0.083333
0 0.195000 0.275833 0.071250 0.071667
0 0.205000 0.325000 0.063750 0.080000
0 0.394375 0.112083 0.063750 0.102500
0 0.592187 0.516667 0.066875 0.086667
0 0.815000 0.935417 0.065000 0.085833
0 0.869062 0.942083 0.065625 0.082500
0 0.083125 0.341667 0.068750 0.083333
0 0.677813 0.552917 0.071875 0.079167
0 0.423750 0.802917 0.090000 0.079167
0 0.408438 0.957083 0.060625 0.080833
0 0.707812 0.084583 0.076875 0.077500
0 0.621875 0.676667 0.063750 0.100000
