0 0.861875 0.443750 0.067500 0.089167
0 0.569688 0.403750 0.065625 0.082500
0 0.437500 0.840833 0.073750 0.080000
0 0.725313 0.581667 0.075625 0.086667
0 0.090313 0.208750 0.059375 0.084167
0 0.278125 0.929583 0.060000 0.100833
0 0.312500 0.189167 0.070000 0.095000
0 0.373437 0.117500 0.075625 0.098333
0 0.553125 0.280417 0.068750 0.094167
0 0.321562 0.049583 0.063125 0.085833
0 0.487812 0.461250 0.064375 0.090833
0 0.386250 0.630000 0.067500 0.088333
0 0.666562 0.861250 0.063125 0.089167
1 0.131875 0.099583 0.080000 0.109167
0 0.315625 0.757917 0.062500 0.080833
0 0.088125 0.446667 0.071250 0.090000
0 0.254688 0.422500 0.071875 0.090000
0 0.225625 0.207917 0.066250 0.087500
0 0.370937 0.390417 0.064375 0.084167
0 0.544375 0.730417 0.071250 0.084167
0 0.187812 0.385833 0.068125 0.090000
0 0.373750 0.772917 0.065000 0.079167
0 0.675312 0.105000 0.060625 0.088333
0 0.776875 0.711250 0.062500 0.074167
1 0.404687 0.247917 0.074375 0.115833
0 0.675625 0.765000 0.063750 0.076667
0 0.624062 0.519583 0.065625 0.084167
0 0.059687 0.950417 0.058125 0.079167
0 0.839688 0.357083 0.058125 0.085833
0 0.894687 0.722917 0.069375 0.089167
0 0.656563 0.423333 0.069375 0.095000
0 0.695000 0.254167 0.070000 0.085000
0 0.583438 0.125833 0.059375 0.080000
0 0.532813 0.102500 0.064375 0.091667
0 0.495312 0.319583 0.061875 0.070833
0 0.778438 0.362083 0.076875 0.080833
0 0.947812 0.354583 0.066875 0.097500
0 0.206563 0.298750 0.075625 0.085833
0 0.966562 0.185833 0.058125 0.083333
0 0.895312 0.802917 0.070625 0.079167
0 0.818438 0.306667 0.073125 0.081667
0 0.259688 0.674583 0.065625 0.089167
0 0.435937 0.082500 0.066875 0.083333
0 0.763437 0.800000 0.084375 0.100000
0 0.882812 0.612083 0.069375 0.092500
0 0.884062 0.890833 0.049375 0.068333
0 0.815312 0.673333 0.065625 0.075000
1 0.301875 0.388750 0.071250 0.117500
0 0.576875 0.611250 0.067500 0.090833
0 0.834063 0.857500 0.058125 0.073333
0 0.945312 0.090000 0.061875 0.078333
0 0.200937 0.718333 0.074375 0.086667
0 0.676250 0.212917 0.077500 0.080833
0 0.819063 0.515833 0.068125 0.091667
0 0.771250 0.439583 0.061250 0.082500
0 0.310625 0.546667 0.056250 0.085000
0 0.534375 0.664583 0.060000 0.082500
0 0.469375 0.258750 0.057500 0.070833
0 0.316563 0.665417 0.058125 0.095833
0 0.441563 0.590417 0.058125 0.080833
0 0.491250 0.155000 0.055000 0.070000
0 0.937813 0.247500 0.056875 0.075000
0 0.235000 0.815417 0.056250 0.065833
0 0.640312 0.044583 0.063125 0.075833
0 0.535312 0.471250 0.049375 0.065833
0 0.370000 0.534167 0.058750 0.086667
0 0.218125 0.899583 0.067500 0.075833
3 0.740000 0.918333 0.087500 0.113333
0 0.897188 0.112083 0.055625 0.072500
0 0.905937 0.225000 0.059375 0.076667
0 0.546250 0.051667 0.070000 0.095000
0 0.117188 0.796667 0.063125 0.081667
0 0.155000 0.891667 0.068750 0.105000
0 0.436875 0.674583 0.046250 0.075833
0 0.962812 0.452917 0.064375 0.089167
0 0.055000 0.147500 0.053750 0.068333
0 0.086563 0.544583 0.055625 0.079167
0 0.236875 0.547083 0.088750 0.059167
0 0.715000 0.845000 0.051250 0.078333
0 0.901563 0.295417 0.061875 0.060833
0 0.283438 0.117500 0.064375 0.073333
0 0.427500 0.547500 0.051250 0.058333
0 0.875000 0.965000 0.053750 0.063333
0 0.250625 0.495417 0.063750 0.062500
