0 0.680625 0.229167 0.058750 0.075000
0 0.916250 0.688750 0.068750 0.082500
0 0.361250 0.330833 0.056250 0.081667
0 0.962187 0.513750 0.054375 0.089167
0 0.436563 0.220417 0.069375 0.087500
0 0.664062 0.485000 0.071875 0.096667
0 0.365312 0.491667 0.064375 0.076667
0 0.319375 0.929167 0.070000 0.100000
0 0.159688 0.600000 0.055625 0.080000
0 0.056563 0.752917 0.073125 0.089167
0 0.841250 0.889583 0.062500 0.082500
0 0.880000 0.601250 0.070000 0.097500
0 0.505313 0.825000 0.059375 0.073333
0 0.736875 0.434167 0.077500 0.095000
0 0.767813 0.170833 0.061875 0.076667
0 0.800312 0.669583 0.059375 0.079167
0 0.086875 0.184167 0.067500 0.078333
0 0.109375 0.073750 0.071250 0.104167
0 0.245000 0.385417 0.075000 0.070833
0 0.847500 0.212917 0.068750 0.084167
0 0.933125 0.922917 0.057500 0.072500
0 0.851250 0.301250 0.071250 0.097500
0 0.300312 0.839583 0.058125 0.079167
0 0.598125 0.745417 0.071250 0.082500
0 0.839688 0.132500 0.060625 0.081667
0 0.771563 0.593333 0.061875 0.080000
0 0.375000 0.199167 0.063750 0.085000
0 0.471250 0.754583 0.067500 0.090833
0 0.328125 0.276250 0.066250 0.087500
0 0.659062 0.669583 0.056875 0.082500
0 0.829688 0.510833 0.064375 0.083333
0 0.570625 0.677083 0.063750 0.070833
0 0.267500 0.323750 0.063750 0.077500
0 0.500938 0.166667 0.054375 0.078333
0 0.707187 0.365000 0.064375 0.070000
0 0.516875 0.362917 0.066250 0.077500
0 0.552188 0.417500 0.050625 0.061667
0 0.685937 0.302917 0.064375 0.079167
0 0.284687 0.576250 0.081875 0.092500
0 0.376563 0.705417 0.041875 0.077500
0 0.797813 0.429167 0.053125 0.078333
0 0.604062 0.802500 0.071875 0.080000
0 0.135625 0.660000 0.050000 0.066667
0 0.196250 0.913333 0.053750 0.070000
0 0.938750 0.311250 0.073750 0.089167
0 0.260313 0.757083 0.070625 0.084167
3 0.279687 0.105000 0.091875 0.113333
0 0.115937 0.822500 0.055625 0.073333
0 0.708125 0.951667 0.056250 0.075000
0 0.352500 0.415000 0.053750 0.070000
3 0.434063 0.893333 0.071875 0.085000
0 0.428438 0.953750 0.069375 0.067500
0 0.725938 0.512500 0.051875 0.068333
0 0.317812 0.635000 0.058125 0.075000
0 0.342500 0.712917 0.055000 0.082500
0 0.616250 0.417083 0.075000 0.072500
0 0.271250 0.665417 0.051250 0.074167
3 0.789687 0.339167 0.093125 0.100000
0 0.556250 0.581667 0.053750 0.066667
0 0.046250 0.550417 0.057500 0.082500
0 0.822500 0.111250 0.046250 0.060833
0 0.630000 0.548333 0.056250 0.075000
0 0.598125 0.609167 0.053750 0.068333
0 0.070312 0.831250 0.058125 0.075833
0 0.969063 0.424167 0.059375 0.078333
0 0.602812 0.481250 0.053125 0.065833
0 0.212500 0.288750 0.060000 0.075833
0 0.911875 0.056250 0.047500 0.062500
0 0.876875 0.038333 0.052500 0.070000
0 0.834063 0.036667 0.046875 0.073333
0 0.919375 0.264167 0.062500 0.063333
0 0.315937 0.227500 0.061875 0.071667
0 0.842187 0.793750 0.058125 0.064167
0 0.749687 0.955000 0.045625 0.078333
0 0.801875 0.955417 0.050000 0.060833
0 0.241250 0.850417 0.052500 0.059167
0 0.583750 0.536667 0.055000 0.066667
0 0.270937 0.025833 0.058125 0.051667
0 0.025313 0.957917 0.049375 0.074167
