0 0.581875 0.231250 0.080000 0.089167
0 0.115312 0.058750 0.074375 0.094167
0 0.910312 0.621250 0.076875 0.104167
0 0.089375 0.846667 0.082500 0.116667
0 0.617188 0.084167 0.064375 0.091667
0 0.864375 0.794167 0.071250 0.100000
0 0.919375 0.876667 0.088750 0.101667
0 0.515312 0.524583 0.070625 0.094167
0 0.349062 0.153750 0.070625 0.097500
0 0.787813 0.627083 0.083125 0.105833
3 0.624375 0.770000 0.081250 0.130000
0 0.893437 0.093333 0.060625 0.088333
0 0.051562 0.249583 0.078125 0.104167
0 0.048438 0.688333 0.071875 0.105000
0 0.918438 0.222500 0.079375 0.085000
0 0.704375 0.956667 0.061250 0.078333
0 0.063437 0.345000 0.076875 0.100000
0 0.339687 0.934583 0.083125 0.105833
0 0.039375 0.565000 0.070000 0.085000
0 0.670312 0.812917 0.080625 0.095833
0 0.714375 0.096667 0.070000 0.090000
0 0.240937 0.915417 0.069375 0.104167
0 0.550625 0.681250 0.085000 0.092500
0 0.390625 0.686667 0.065000 0.113333
0 0.215312 0.572083 0.078125 0.084167
0 0.182500 0.480000 0.083750 0.108333
0 0.795000 0.817083 0.070000 0.092500
0 0.111562 0.410000 0.074375 0.101667
0 0.733437 0.152500 0.075625 0.091667
0 0.229063 0.412500 0.074375 0.096667
0 0.275938 0.122083 0.069375 0.090833
0 0.471562 0.660417 0.069375 0.097500
0 0.125938 0.600833 0.080625 0.091667
0 0.417500 0.891667 0.071250 0.095000
0 0.208125 0.077500 0.057500 0.075000
0 0.585000 0.537500 0.078750 0.100000
0 0.821562 0.371667 0.066875 0.091667
0 0.350625 0.295000 0.070000 0.106667
0 0.515625 0.904583 0.080000 0.099167
0 0.608125 0.905417 0.062500 0.090833
0 0.715000 0.494167 0.080000 0.106667
1 0.825313 0.178333 0.083125 0.110000
0 0.368125 0.429167 0.072500 0.100000
0 0.377500 0.346250 0.071250 0.082500
0 0.581875 0.598750 0.073750 0.105833
0 0.253437 0.319583 0.064375 0.094167
0 0.199063 0.846667 0.075625 0.075000
0 0.066875 0.431667 0.088750 0.086667
0 0.787188 0.904167 0.081875 0.085000
3 0.307812 0.342917 0.070625 0.124167
0 0.871875 0.295000 0.073750 0.095000
0 0.848437 0.280000 0.066875 0.101667
0 0.402500 0.687083 0.065000 0.079167
