0 0.804688 0.845833 0.076875 0.101667
0 0.670937 0.859167 0.075625 0.103333
0 0.800000 0.131667 0.067500 0.090000
0 0.047813 0.185833 0.075625 0.096667
0 0.345625 0.757083 0.073750 0.094167
0 0.060937 0.439583 0.070625 0.100833
0 0.240313 0.873333 0.065625 0.073333
0 0.773750 0.735417 0.061250 0.132500
0 0.563438 0.846667 0.078125 0.103333
0 0.865000 0.883333 0.063750 0.090000
0 0.700000 0.567500 0.073750 0.095000
0 0.474062 0.334167 0.079375 0.091667
0 0.930625 0.392500 0.068750 0.108333
0 0.932187 0.679167 0.075625 0.085000
0 0.726250 0.807917 0.082500 0.097500
0 0.238437 0.152083 0.075625 0.092500
0 0.252812 0.501250 0.071875 0.100833
0 0.909062 0.517500 0.063125 0.115000
0 0.716562 0.660417 0.066875 0.100833
0 0.390000 0.740833 0.071250 0.093333
0 0.654062 0.057083 0.064375 0.105833
0 0.626250 0.910000 0.076250 0.103333
0 0.960313 0.551250 0.060625 0.122500
0 0.439375 0.716667 0.055000 0.106667
0 0.811250 0.267500 0.062500 0.090000
0 0.363125 0.485000 0.072500 0.103333
0 0.574375 0.261250 0.068750 0.100833
0 0.181875 0.187917 0.077500 0.099167
0 0.566562 0.638333 0.060625 0.111667
0 0.921250 0.212083 0.075000 0.107500
0 0.123125 0.237917 0.078750 0.092500
0 0.256250 0.375000 0.068750 0.106667
0 0.595000 0.813333 0.067500 0.060000
0 0.688750 0.272500 0.081250 0.106667
0 0.544063 0.497083 0.066875 0.105833
0 0.648125 0.746250 0.075000 0.122500
0 0.286250 0.465417 0.070000 0.107500
0 0.611875 0.338750 0.090000 0.095833
0 0.119688 0.892083 0.069375 0.100833
0 0.862812 0.787083 0.068125 0.104167
0 0.303438 0.316250 0.085625 0.109167
0 0.189688 0.129167 0.079375 0.095000
0 0.508750 0.260833 0.077500 0.128333
0 0.239063 0.675417 0.060625 0.097500
0 0.367500 0.273333 0.080000 0.095000
0 0.382812 0.823333 0.074375 0.096667
0 0.048125 0.090417 0.088750 0.100833
0 0.368437 0.195417 0.080625 0.077500
0 0.441250 0.605000 0.073750 0.106667
0 0.882812 0.453333 0.048125 0.098333
0 0.284375 0.595417 0.060000 0.112500
0 0.165313 0.079583 0.075625 0.089167
0 0.775312 0.367500 0.075625 0.088333
0 0.940000 0.820417 0.095000 0.077500
0 0.632500 0.429167 0.090000 0.093333
0 0.705313 0.765833 0.064375 0.098333
0 0.393437 0.575417 0.071875 0.102500
0 0.645000 0.664583 0.076250 0.107500
0 0.180625 0.697917 0.057500 0.132500
0 0.217188 0.432083 0.090625 0.104167
0 0.422812 0.238333 0.068125 0.083333
0 0.519375 0.386667 0.076250 0.110000
0 0.695000 0.392500 0.063750 0.103333
0 0.070312 0.955000 0.054375 0.085000
0 0.237500 0.584583 0.065000 0.109167
0 0.574375 0.692500 0.067500 0.093333
0 0.354063 0.888333 0.064375 0.133333
0 0.531875 0.926667 0.063750 0.093333
0 0.382812 0.082917 0.088125 0.089167
4 0.415625 0.924583 0.075000 0.089167
0 0.458125 0.116250 0.085000 0.080833
0 0.455313 0.860000 0.058125 0.111667
0 0.050937 0.286667 0.073125 0.086667
0 0.820625 0.103750 0.072500 0.100833
0 0.840625 0.065417 0.070000 0.097500
0 0.838125 0.295833 0.061250 0.120000
0 0.613750 0.194167 0.061250 0.106667
0 0.377188 0.137917 0.079375 0.085833
0 0.459062 0.214167 0.075625 0.078333
0 0.546562 0.226667 0.055625 0.113333
0 0.437188 0.415833 0.059375 0.093333
0 0.400625 0.310833 0.081250 0.106667
0 0.317500 0.390417 0.060000 0.110833
0 0.361250 0.387917 0.060000 0.112500
0 0.518125 0.557083 0.061250 0.115833
0 0.483125 0.506250 0.071250 0.114167
0 0.652813 0.615833 0.068125 0.078333
0 0.647188 0.518333 0.083125 0.083333
0 0.876563 0.622917 0.084375 0.102500
0 0.820625 0.791250 0.070000 0.082500
0 0.883750 0.735417 0.072500 0.075833
0 0.857187 0.691667 0.103125 0.110000
0 0.825937 0.636250 0.085625 0.132500
0 0.790625 0.482500 0.063750 0.066667
0 0.929063 0.873333 0.073125 0.078333
0 0.215000 0.817917 0.067500 0.089167
0 0.265937 0.920833 0.065625 0.078333
0 0.061250 0.583750 0.062500 0.100833
0 0.320312 0.619167 0.065625 0.110000
0 0.368125 0.702917 0.058750 0.102500
0 0.570000 0.748750 0.075000 0.087500
0 0.503437 0.168333 0.098125 0.066667
0 0.460938 0.424583 0.064375 0.114167
0 0.565000 0.486667 0.076250 0.085000
0 0.370625 0.660000 0.081250 0.075000
0 0.752188 0.461667 0.070625 0.090000
0 0.800937 0.395000 0.055625 0.105000
0 0.736250 0.390000 0.070000 0.093333
0 0.845625 0.452083 0.051250 0.089167
0 0.770000 0.540833 0.075000 0.088333
0 0.765938 0.609583 0.054375 0.114167
0 0.482812 0.757917 0.091875 0.069167
0 0.497812 0.822500 0.084375 0.095000
0 0.101562 0.562083 0.071875 0.090833
0 0.131562 0.432500 0.076875 0.095000
0 0.083750 0.377083 0.067500 0.084167
0 0.090625 0.302083 0.083750 0.097500
0 0.126875 0.383750 0.071250 0.074167
0 0.146250 0.493333 0.078750 0.065000
0 0.166875 0.532917 0.080000 0.072500
0 0.140625 0.951667 0.076250 0.081667
0 0.051250 0.877917 0.082500 0.084167
0 0.510000 0.658333 0.062500 0.096667
