0 0.771563 0.125833 0.074375 0.105000
0 0.587187 0.192917 0.069375 0.097500
0 0.661250 0.162500 0.058750 0.085000
0 0.215000 0.804583 0.082500 0.114167
0 0.080937 0.222917 0.070625 0.097500
0 0.070000 0.114583 0.077500 0.097500
0 0.365312 0.158333 0.074375 0.098333
0 0.303750 0.862917 0.067500 0.094167
0 0.113437 0.324167 0.068125 0.091667
0 0.523750 0.259583 0.072500 0.087500
0 0.861875 0.900833 0.072500 0.100000
0 0.328125 0.536667 0.063750 0.088333
0 0.608750 0.331250 0.060000 0.099167
0 0.581562 0.078750 0.075625 0.092500
0 0.615000 0.938750 0.080000 0.110833
0 0.292187 0.211250 0.075625 0.100833
0 0.377188 0.842500 0.068125 0.085000
0 0.444063 0.884167 0.051875 0.091667
0 0.525312 0.577083 0.080625 0.110833
0 0.700313 0.084583 0.066875 0.095833
0 0.218125 0.253333 0.066250 0.085000
0 0.546875 0.350000 0.063750 0.085000
0 0.699063 0.502083 0.068125 0.085833
0 0.056563 0.832500 0.073125 0.096667
0 0.399375 0.492917 0.070000 0.079167
0 0.214688 0.953333 0.065625 0.085000
0 0.732812 0.416667 0.085625 0.111667
0 0.201563 0.074583 0.068125 0.084167
0 0.220938 0.357917 0.079375 0.105833
0 0.690625 0.352917 0.077500 0.100833
0 0.941562 0.826667 0.079375 0.110000
0 0.515000 0.855417 0.075000 0.104167
0 0.425312 0.425833 0.049375 0.078333
0 0.421563 0.770417 0.071875 0.092500
0 0.227500 0.681667 0.076250 0.105000
0 0.380000 0.406667 0.062500 0.091667
0 0.377188 0.740833 0.070625 0.086667
0 0.084687 0.917083 0.080625 0.100833
3 0.524687 0.447500 0.095625 0.121667
