0 0.186875 0.216250 0.077500 0.097500
0 0.809375 0.683333 0.071250 0.095000
0 0.686875 0.766250 0.078750 0.105833
0 0.956875 0.710833 0.073750 0.101667
0 0.651563 0.451250 0.071875 0.102500
0 0.609375 0.647917 0.081250 0.097500
0 0.588125 0.135000 0.062500 0.091667
0 0.355312 0.085833 0.068125 0.090000
0 0.743437 0.420833 0.081875 0.101667
0 0.757812 0.929167 0.076875 0.098333
0 0.035625 0.051667 0.061250 0.091667
0 0.814688 0.510833 0.076875 0.113333
0 0.619687 0.215000 0.075625 0.086667
0 0.406250 0.544583 0.077500 0.110833
0 0.400000 0.336667 0.078750 0.091667
0 0.627188 0.880417 0.071875 0.114167
0 0.929063 0.427917 0.071875 0.104167
0 0.530312 0.547917 0.070625 0.095833
0 0.515625 0.896667 0.076250 0.113333
0 0.810000 0.326667 0.078750 0.090000
0 0.450937 0.772083 0.073125 0.075833
0 0.901563 0.647917 0.075625 0.094167
0 0.358125 0.555000 0.071250 0.100000
0 0.631563 0.737500 0.069375 0.105000
0 0.530937 0.455000 0.078125 0.105000
0 0.231563 0.511250 0.074375 0.097500
0 0.739375 0.132500 0.070000 0.095000
0 0.279687 0.181667 0.069375 0.093333
0 0.047500 0.517917 0.078750 0.110833
0 0.595625 0.308333 0.073750 0.106667
0 0.535937 0.249167 0.076875 0.101667
0 0.237187 0.887500 0.078125 0.093333
0 0.201875 0.603750 0.081250 0.095833
0 0.214375 0.425417 0.055000 0.090833
0 0.390625 0.264583 0.072500 0.090833
0 0.166875 0.734167 0.077500 0.110000
0 0.465938 0.386250 0.075625 0.102500
0 0.119063 0.326667 0.074375 0.108333
0 0.558750 0.707083 0.075000 0.095833
0 0.093125 0.800417 0.068750 0.105833
0 0.733437 0.805417 0.076875 0.087500
0 0.478438 0.627083 0.074375 0.104167
0 0.824688 0.785000 0.080625 0.108333
0 0.116562 0.549167 0.075625 0.103333
0 0.745313 0.328333 0.069375 0.095000
0 0.827187 0.592500 0.083125 0.086667
0 0.386250 0.944167 0.071250 0.105000
0 0.678750 0.074583 0.087500 0.097500
3 0.822812 0.055417 0.065625 0.110833
0 0.675625 0.516667 0.072500 0.111667
0 0.111250 0.190000 0.070000 0.110000
0 0.261250 0.282500 0.073750 0.093333
0 0.488125 0.118750 0.066250 0.095833
0 0.148125 0.810417 0.077500 0.099167
0 0.610625 0.783750 0.071250 0.097500
0 0.451875 0.911250 0.070000 0.069167
0 0.435000 0.224167 0.063750 0.106667
0 0.165313 0.871250 0.080625 0.107500
0 0.654375 0.105833 0.070000 0.106667
0 0.478750 0.080833 0.073750 0.100000
0 0.214375 0.939167 0.070000 0.113333
0 0.093438 0.254167 0.068125 0.086667
0 0.519375 0.280000 0.077500 0.088333
0 0.280625 0.954167 0.066250 0.091667
0 0.508125 0.587500 0.080000 0.090000
0 0.430000 0.799583 0.063750 0.099167
0 0.452500 0.850417 0.081250 0.075833
3 0.226562 0.809583 0.080625 0.104167
0 0.816875 0.407083 0.068750 0.069167
0 0.690937 0.301667 0.071875 0.105000
0 0.808438 0.137083 0.076875 0.075833
0 0.330937 0.943750 0.075625 0.102500
0 0.844375 0.792083 0.073750 0.104167
