0 0.474687 0.134583 0.068125 0.095833
0 0.338750 0.086250 0.071250 0.095833
0 0.070312 0.726250 0.065625 0.084167
0 0.537500 0.226667 0.077500 0.096667
0 0.248750 0.075000 0.066250 0.103333
0 0.539062 0.571667 0.070625 0.093333
0 0.644375 0.422917 0.073750 0.100833
0 0.296250 0.226667 0.078750 0.076667
0 0.681250 0.058333 0.077500 0.093333
0 0.523750 0.483333 0.062500 0.090000
0 0.069375 0.604583 0.072500 0.090833
0 0.318750 0.581667 0.087500 0.078333
0 0.898125 0.285417 0.071250 0.100833
0 0.434688 0.565417 0.083125 0.082500
0 0.846875 0.466250 0.071250 0.104167
0 0.709375 0.857083 0.056250 0.087500
0 0.764062 0.473333 0.071875 0.095000
0 0.604375 0.322917 0.078750 0.112500
0 0.616563 0.079583 0.071875 0.099167
0 0.166250 0.565417 0.073750 0.082500
0 0.274375 0.512917 0.055000 0.087500
0 0.510312 0.855000 0.074375 0.095000
0 0.947500 0.730833 0.065000 0.091667
0 0.905312 0.433750 0.075625 0.110833
0 0.759375 0.415417 0.067500 0.082500
0 0.687187 0.694167 0.063125 0.081667
0 0.177187 0.346667 0.064375 0.073333
0 0.626563 0.587917 0.068125 0.102500
0 0.452188 0.252083 0.070625 0.109167
0 0.303750 0.849583 0.078750 0.080833
0 0.383437 0.945833 0.086875 0.075000
0 0.148125 0.648333 0.058750 0.096667
0 0.489063 0.302083 0.063125 0.107500
0 0.861563 0.663333 0.078125 0.090000
0 0.759062 0.290000 0.085625 0.111667
0 0.585000 0.477083 0.067500 0.092500
0 0.515000 0.757917 0.081250 0.102500
0 0.240000 0.794583 0.080000 0.072500
0 0.378750 0.066250 0.080000 0.087500
0 0.533438 0.376667 0.066875 0.115000
0 0.490000 0.447500 0.066250 0.108333
0 0.175000 0.468750 0.063750 0.105833
0 0.415938 0.433750 0.069375 0.097500
0 0.653750 0.897917 0.061250 0.089167
0 0.394688 0.877917 0.083125 0.067500
0 0.712812 0.330000 0.075625 0.100000
0 0.405000 0.748750 0.072500 0.095833
0 0.074375 0.843333 0.082500 0.101667
0 0.222812 0.879583 0.073125 0.077500
0 0.428750 0.799583 0.082500 0.087500
0 0.100625 0.487500 0.081250 0.095000
0 0.249688 0.189167 0.074375 0.100000
0 0.106875 0.905417 0.072500 0.094167
0 0.688750 0.615000 0.088750 0.078333
0 0.775937 0.850417 0.065625 0.082500
0 0.607187 0.684583 0.076875 0.074167
0 0.414687 0.675417 0.081875 0.092500
0 0.110937 0.401250 0.050625 0.095833
0 0.889375 0.797917 0.070000 0.102500
0 0.787500 0.079583 0.098750 0.095833
0 0.788438 0.782917 0.078125 0.090833
0 0.848750 0.743333 0.073750 0.085000
0 0.080000 0.296667 0.062500 0.078333
0 0.595625 0.917917 0.073750 0.090833
0 0.168750 0.152500 0.085000 0.113333
0 0.879062 0.720417 0.059375 0.072500
0 0.061250 0.370417 0.060000 0.085833
0 0.062187 0.545833 0.089375 0.071667
0 0.237500 0.269583 0.087500 0.099167
0 0.367500 0.278750 0.076250 0.115833
0 0.194688 0.640417 0.083125 0.090833
0 0.197813 0.417500 0.073125 0.081667
0 0.849063 0.907917 0.066875 0.089167
0 0.613125 0.509583 0.071250 0.085833
0 0.587187 0.866667 0.073125 0.085000
0 0.597812 0.808750 0.079375 0.074167
0 0.273438 0.912083 0.091875 0.114167
0 0.225312 0.684167 0.074375 0.103333
0 0.955625 0.635833 0.073750 0.091667
0 0.898438 0.620417 0.054375 0.119167
0 0.613437 0.735833 0.070625 0.091667
0 0.657813 0.823750 0.058125 0.085833
0 0.110000 0.266250 0.090000 0.072500
0 0.822500 0.873750 0.072500 0.117500
0 0.340625 0.780833 0.083750 0.091667
0 0.040938 0.179583 0.081875 0.095833
0 0.144063 0.832500 0.066875 0.095000
0 0.835625 0.352500 0.083750 0.103333
0 0.041563 0.386667 0.083125 0.091667
0 0.084375 0.524583 0.091250 0.085833
0 0.635625 0.780833 0.082500 0.083333
