0 0.604688 0.347083 0.066875 0.097500
0 0.430625 0.100833 0.058750 0.095000
0 0.732500 0.340000 0.070000 0.105000
0 0.411875 0.865833 0.067500 0.090000
0 0.541562 0.182917 0.065625 0.090833
0 0.740938 0.118333 0.068125 0.076667
0 0.148438 0.285833 0.068125 0.080000
0 0.375312 0.913333 0.069375 0.096667
0 0.436875 0.495833 0.068750 0.093333
0 0.674687 0.346250 0.061875 0.080833
0 0.350625 0.110833 0.070000 0.106667
0 0.292187 0.337500 0.063125 0.116667
0 0.703438 0.252917 0.066875 0.100833
0 0.853750 0.276250 0.070000 0.080833
0 0.066875 0.157083 0.068750 0.097500
0 0.659062 0.424167 0.073125 0.076667
0 0.097500 0.662500 0.068750 0.088333
0 0.565000 0.732500 0.068750 0.108333
0 0.237187 0.520000 0.071875 0.096667
0 0.780312 0.483750 0.065625 0.105833
0 0.660937 0.850833 0.060625 0.088333
0 0.520312 0.811250 0.061875 0.110833
0 0.229063 0.081250 0.075625 0.100833
0 0.524687 0.379167 0.080625 0.105000
0 0.893437 0.584583 0.075625 0.092500
0 0.143750 0.132917 0.065000 0.094167
0 0.857500 0.193750 0.075000 0.087500
0 0.919375 0.556667 0.067500 0.078333
0 0.932187 0.116667 0.076875 0.096667
0 0.162188 0.654167 0.058125 0.140000
0 0.562813 0.439583 0.081875 0.092500
0 0.848125 0.776667 0.083750 0.088333
0 0.238125 0.672917 0.071250 0.120833
0 0.096562 0.535833 0.076875 0.085000
0 0.825000 0.389583 0.063750 0.104167
0 0.641563 0.712500 0.046875 0.095000
0 0.856875 0.925417 0.071250 0.087500
0 0.613750 0.724167 0.056250 0.108333
0 0.814375 0.625417 0.067500 0.084167
0 0.307500 0.085417 0.067500 0.109167
0 0.766875 0.816667 0.080000 0.108333
0 0.657500 0.510417 0.070000 0.097500
0 0.320312 0.200417 0.065625 0.109167
0 0.609688 0.601250 0.066875 0.100833
0 0.617500 0.175000 0.066250 0.093333
0 0.239687 0.222500 0.069375 0.111667
0 0.167500 0.582083 0.070000 0.089167
0 0.701250 0.783333 0.077500 0.103333
0 0.700625 0.582500 0.067500 0.080000
0 0.034375 0.605833 0.057500 0.088333
0 0.837500 0.703750 0.080000 0.092500
0 0.375000 0.702083 0.076250 0.089167
0 0.173437 0.217083 0.064375 0.099167
0 0.878750 0.389167 0.080000 0.100000
0 0.167187 0.067500 0.054375 0.105000
0 0.323125 0.505417 0.060000 0.117500
0 0.556562 0.945417 0.076875 0.107500
0 0.728750 0.924583 0.072500 0.109167
0 0.066562 0.377083 0.044375 0.144167
0 0.878125 0.450833 0.092500 0.070000
0 0.908438 0.160833 0.083125 0.105000
0 0.814688 0.522083 0.071875 0.077500
0 0.224688 0.821667 0.063125 0.120000
0 0.504687 0.926667 0.050625 0.103333
0 0.807813 0.567917 0.069375 0.067500
0 0.407187 0.583333 0.054375 0.116667
0 0.073438 0.580833 0.075625 0.095000
0 0.285000 0.501250 0.048750 0.134167
0 0.325937 0.656250 0.083125 0.089167
0 0.198750 0.879583 0.060000 0.129167
0 0.183438 0.947083 0.061875 0.084167
0 0.370000 0.532500 0.062500 0.090000
0 0.625625 0.547500 0.072500 0.108333
0 0.276250 0.198333 0.072500 0.091667
0 0.904687 0.509583 0.084375 0.077500
0 0.638125 0.613750 0.058750 0.099167
0 0.679063 0.878750 0.064375 0.089167
0 0.215625 0.627917 0.062500 0.100833
0 0.122813 0.626667 0.060625 0.110000
0 0.033438 0.466667 0.064375 0.100000
0 0.242812 0.603333 0.063125 0.106667
0 0.355938 0.613333 0.076875 0.103333
0 0.296563 0.626667 0.055625 0.133333
