0 0.811250 0.433750 0.077500 0.099167
0 0.930000 0.140417 0.077500 0.095833
0 0.501563 0.585833 0.076875 0.100000
0 0.189688 0.807500 0.075625 0.096667
0 0.192188 0.697917 0.066875 0.079167
0 0.548438 0.662500 0.081875 0.100000
0 0.376875 0.078333 0.077500 0.101667
0 0.091250 0.626667 0.081250 0.081667
0 0.927188 0.318750 0.073125 0.095833
0 0.307500 0.122083 0.070000 0.097500
0 0.425312 0.485000 0.079375 0.101667
0 0.292500 0.802917 0.063750 0.089167
0 0.154688 0.092500 0.078125 0.090000
0 0.460313 0.844583 0.075625 0.090833
0 0.364687 0.894583 0.079375 0.100833
0 0.041875 0.061250 0.077500 0.094167
0 0.755313 0.811667 0.076875 0.105000
0 0.162188 0.946250 0.070625 0.099167
0 0.110937 0.853750 0.080625 0.092500
0 0.944063 0.733750 0.073125 0.090833
0 0.074688 0.170833 0.066875 0.095000
0 0.356563 0.195833 0.073125 0.095000
0 0.676875 0.835833 0.075000 0.103333
0 0.598437 0.455833 0.075625 0.103333
0 0.251250 0.926667 0.081250 0.106667
0 0.220938 0.331667 0.079375 0.093333
0 0.244375 0.425417 0.078750 0.107500
0 0.823125 0.559167 0.077500 0.110000
0 0.541562 0.385000 0.081875 0.101667
0 0.783438 0.246667 0.073125 0.088333
0 0.838437 0.138333 0.074375 0.106667
0 0.039375 0.734167 0.071250 0.096667
0 0.411875 0.727500 0.076250 0.091667
0 0.906563 0.640000 0.081875 0.101667
0 0.257188 0.756250 0.074375 0.107500
0 0.519375 0.797917 0.072500 0.094167
0 0.500313 0.137083 0.071875 0.090833
0 0.650625 0.745000 0.068750 0.095000
0 0.698125 0.086667 0.076250 0.083333
0 0.625313 0.223750 0.071875 0.082500
0 0.441250 0.045833 0.077500 0.086667
0 0.903750 0.514583 0.061250 0.092500
0 0.122813 0.178333 0.074375 0.093333
3 0.134687 0.578333 0.086875 0.135000
0 0.607500 0.123750 0.082500 0.115833
0 0.471875 0.267917 0.075000 0.090833
0 0.330937 0.911667 0.066875 0.091667
0 0.630000 0.545000 0.075000 0.095000
0 0.056250 0.451250 0.076250 0.097500
0 0.201563 0.157500 0.075625 0.100000
0 0.288438 0.230417 0.085625 0.099167
0 0.958750 0.487917 0.072500 0.099167
0 0.726562 0.469583 0.076875 0.099167
0 0.915625 0.828750 0.080000 0.110833
0 0.705000 0.557500 0.075000 0.093333
0 0.717812 0.305000 0.069375 0.096667
0 0.153750 0.247083 0.077500 0.089167
0 0.325937 0.394167 0.080625 0.113333
0 0.508437 0.926250 0.071875 0.110833
0 0.441875 0.106667 0.073750 0.100000
0 0.835313 0.737083 0.080625 0.109167
0 0.121250 0.703750 0.076250 0.100833
0 0.817500 0.049167 0.082500 0.080000
0 0.679063 0.235833 0.068125 0.106667
0 0.034688 0.874583 0.065625 0.109167
0 0.166875 0.412500 0.076250 0.090000
0 0.735000 0.642917 0.080000 0.099167
0 0.340625 0.573333 0.075000 0.093333
0 0.949063 0.600000 0.071875 0.100000
0 0.773125 0.362083 0.066250 0.089167
0 0.466562 0.318333 0.078125 0.091667
0 0.760000 0.652917 0.066250 0.087500
0 0.603750 0.322500 0.077500 0.106667
0 0.909375 0.926667 0.080000 0.088333
0 0.149688 0.334167 0.069375 0.096667
0 0.339687 0.523750 0.073125 0.077500
0 0.052500 0.480417 0.075000 0.112500
0 0.889687 0.939583 0.068125 0.090833
0 0.691250 0.290833 0.068750 0.095000
0 0.066250 0.150417 0.081250 0.099167
0 0.186562 0.376667 0.084375 0.100000
0 0.311875 0.827500 0.080000 0.096667
0 0.773438 0.269167 0.080625 0.093333
