0 0.276562 0.615417 0.061875 0.084167
0 0.394375 0.780833 0.063750 0.085000
0 0.207187 0.210417 0.064375 0.082500
0 0.063125 0.627500 0.058750 0.075000
0 0.203437 0.628750 0.074375 0.109167
0 0.522500 0.336250 0.058750 0.087500
0 0.335625 0.635417 0.068750 0.087500
0 0.473125 0.392917 0.058750 0.080833
0 0.944063 0.535417 0.064375 0.084167
0 0.749687 0.251250 0.066875 0.092500
0 0.679688 0.395417 0.065625 0.092500
0 0.937187 0.172917 0.064375 0.082500
0 0.838125 0.607083 0.063750 0.084167
0 0.705937 0.550000 0.069375 0.098333
0 0.317500 0.810000 0.077500 0.098333
0 0.909062 0.369167 0.071875 0.096667
0 0.653125 0.670417 0.062500 0.085833
0 0.779375 0.525000 0.072500 0.083333
0 0.307812 0.406250 0.064375 0.079167
0 0.610313 0.579167 0.073125 0.096667
0 0.421250 0.558333 0.062500 0.078333
0 0.330313 0.062083 0.068125 0.085833
0 0.093438 0.870000 0.069375 0.085000
0 0.176563 0.061250 0.074375 0.094167
0 0.601562 0.320833 0.074375 0.090000
0 0.843437 0.773750 0.071875 0.099167
0 0.078750 0.149167 0.062500 0.073333
0 0.799063 0.446667 0.059375 0.080000
0 0.368125 0.543333 0.071250 0.098333
0 0.780937 0.884167 0.066875 0.085000
0 0.530312 0.515000 0.068125 0.093333
0 0.169375 0.385417 0.060000 0.080833
0 0.304063 0.895833 0.068125 0.086667
0 0.480625 0.246667 0.073750 0.083333
0 0.940625 0.428750 0.060000 0.094167
0 0.278438 0.200833 0.066875 0.091667
0 0.263125 0.267917 0.063750 0.074167
0 0.857812 0.470417 0.065625 0.082500
0 0.560312 0.619167 0.053125 0.073333
0 0.071250 0.435000 0.066250 0.085000
0 0.365938 0.203750 0.071875 0.099167
0 0.784375 0.371667 0.066250 0.080000
0 0.067812 0.209583 0.069375 0.075833
0 0.672500 0.742500 0.075000 0.095000
0 0.430625 0.262083 0.080000 0.089167
0 0.625625 0.227917 0.061250 0.092500
0 0.672813 0.093333 0.068125 0.101667
0 0.243438 0.767917 0.060625 0.070833
0 0.581562 0.915417 0.069375 0.080833
0 0.721875 0.748750 0.053750 0.079167
0 0.116250 0.453750 0.070000 0.084167
0 0.374688 0.867083 0.076875 0.079167
0 0.386562 0.428333 0.055625 0.076667
0 0.522813 0.672917 0.064375 0.085833
0 0.321562 0.274167 0.060625 0.083333
0 0.358750 0.358333 0.060000 0.081667
0 0.489063 0.834167 0.066875 0.085000
0 0.205000 0.304167 0.072500 0.093333
0 0.091563 0.316667 0.065625 0.076667
0 0.486250 0.712917 0.068750 0.089167
0 0.115312 0.274583 0.075625 0.085833
0 0.967500 0.256667 0.060000 0.090000
1 0.598125 0.802917 0.132500 0.097500
1 0.225000 0.859167 0.095000 0.125000
0 0.881250 0.082083 0.098750 0.070833
0 0.771250 0.385833 0.063750 0.086667
0 0.905937 0.041667 0.065625 0.083333
0 0.657188 0.159583 0.060625 0.090833
0 0.468125 0.637917 0.056250 0.085833
0 0.501250 0.772083 0.075000 0.095833
0 0.462813 0.782500 0.066875 0.060000
0 0.447813 0.627500 0.069375 0.096667
0 0.326250 0.312917 0.063750 0.090833
0 0.191250 0.323750 0.061250 0.087500
0 0.118750 0.357500 0.075000 0.101667
0 0.534062 0.874583 0.058125 0.084167
0 0.258125 0.747917 0.053750 0.080833
