0 0.781875 0.457917 0.080000 0.092500
0 0.812813 0.619167 0.069375 0.101667
0 0.910625 0.605417 0.083750 0.092500
0 0.920937 0.700000 0.071875 0.090000
0 0.863750 0.761250 0.083750 0.094167
0 0.675312 0.863333 0.085625 0.100000
0 0.551875 0.769583 0.081250 0.094167
0 0.495000 0.842500 0.081250 0.106667
0 0.393437 0.548750 0.075625 0.089167
0 0.143750 0.460000 0.082500 0.096667
0 0.176563 0.355000 0.075625 0.103333
0 0.174063 0.240833 0.070625 0.076667
0 0.284375 0.364167 0.086250 0.091667
0 0.288125 0.157917 0.073750 0.115833
0 0.420312 0.105000 0.084375 0.110000
0 0.437500 0.487083 0.078750 0.099167
0 0.504062 0.574167 0.096875 0.080000
0 0.512813 0.665000 0.071875 0.083333
0 0.625938 0.572917 0.069375 0.094167
0 0.650625 0.474167 0.076250 0.100000
0 0.748125 0.931250 0.072500 0.104167
0 0.314375 0.770833 0.068750 0.116667
0 0.259688 0.645000 0.076875 0.103333
0 0.105625 0.645833 0.076250 0.111667
0 0.172500 0.810833 0.076250 0.098333
0 0.177813 0.706250 0.086875 0.100833
0 0.130625 0.152917 0.077500 0.099167
0 0.052187 0.236250 0.069375 0.099167
0 0.399687 0.292500 0.074375 0.083333
0 0.414062 0.365000 0.071875 0.093333
0 0.770312 0.322500 0.086875 0.090000
0 0.730625 0.194583 0.102500 0.087500
0 0.708438 0.094167 0.080625 0.100000
0 0.621875 0.153750 0.082500 0.094167
0 0.578125 0.157917 0.068750 0.089167
0 0.539062 0.167083 0.068125 0.089167
0 0.498750 0.346250 0.100000 0.085833
0 0.900937 0.307083 0.070625 0.092500
0 0.035312 0.142083 0.070625 0.092500
0 0.120000 0.058750 0.075000 0.089167
0 0.328750 0.051667 0.088750 0.100000
0 0.049375 0.050833 0.082500 0.083333
0 0.947500 0.239583 0.076250 0.112500
0 0.945000 0.382083 0.065000 0.092500
0 0.897813 0.836250 0.081875 0.102500
0 0.532500 0.394583 0.080000 0.105833
0 0.479063 0.260417 0.073125 0.105833
3 0.531875 0.258333 0.112500 0.101667
0 0.346875 0.941250 0.068750 0.104167
0 0.280625 0.949167 0.066250 0.098333
0 0.246250 0.842083 0.080000 0.099167
0 0.745625 0.079583 0.072500 0.109167
0 0.834688 0.053750 0.063125 0.082500
0 0.800625 0.060417 0.068750 0.095833
0 0.752500 0.239583 0.066250 0.122500
