0 0.589688 0.594583 0.059375 0.099167
0 0.111875 0.894583 0.075000 0.105833
0 0.349375 0.757500 0.057500 0.075000
0 0.439688 0.169583 0.070625 0.082500
0 0.517500 0.789167 0.056250 0.080000
0 0.645625 0.205417 0.060000 0.089167
0 0.480625 0.677083 0.060000 0.089167
0 0.550312 0.728750 0.053125 0.087500
0 0.204063 0.096250 0.059375 0.075833
0 0.317188 0.104583 0.066875 0.099167
0 0.684688 0.121250 0.071875 0.102500
0 0.444063 0.787083 0.074375 0.090833
0 0.470313 0.559583 0.059375 0.077500
1 0.062500 0.143333 0.076250 0.083333
0 0.168750 0.468750 0.071250 0.085833
0 0.164062 0.362500 0.066875 0.101667
0 0.549687 0.093333 0.054375 0.081667
0 0.743750 0.700000 0.062500 0.090000
0 0.510625 0.162500 0.060000 0.100000
0 0.729062 0.269167 0.076875 0.106667
0 0.357500 0.407500 0.057500 0.075000
0 0.550000 0.444583 0.058750 0.110833
0 0.130938 0.537500 0.064375 0.073333
0 0.822500 0.878750 0.067500 0.089167
0 0.171875 0.577917 0.068750 0.075833
0 0.950313 0.395417 0.053125 0.080833
0 0.385937 0.576250 0.063125 0.072500
0 0.056250 0.952917 0.063750 0.079167
0 0.356875 0.225000 0.063750 0.078333
0 0.773125 0.847500 0.058750 0.076667
0 0.222812 0.429583 0.056875 0.077500
0 0.295938 0.165833 0.064375 0.106667
0 0.315625 0.357500 0.063750 0.081667
0 0.400313 0.435417 0.053125 0.084167
0 0.508750 0.497917 0.063750 0.079167
0 0.930000 0.197500 0.071250 0.083333
0 0.875000 0.164583 0.072500 0.109167
0 0.742500 0.508750 0.057500 0.065833
0 0.655312 0.675833 0.061875 0.078333
0 0.495625 0.947500 0.060000 0.085000
0 0.287500 0.633750 0.056250 0.080833
0 0.087500 0.282917 0.061250 0.075833
0 0.809063 0.767917 0.070625 0.079167
3 0.924375 0.830833 0.090000 0.113333
0 0.225938 0.508750 0.058125 0.075833
0 0.851875 0.209583 0.076250 0.102500
0 0.091875 0.434583 0.052500 0.070833
0 0.510938 0.355000 0.054375 0.076667
0 0.705000 0.506667 0.066250 0.090000
0 0.446875 0.510833 0.055000 0.071667
0 0.146563 0.606250 0.053125 0.082500
2 0.780312 0.570417 0.076875 0.120833
0 0.378125 0.100417 0.055000 0.067500
0 0.146563 0.114167 0.060625 0.063333
0 0.394062 0.216250 0.056875 0.075833
0 0.687187 0.575000 0.050625 0.073333
0 0.400000 0.295417 0.055000 0.090833
0 0.362812 0.619583 0.053125 0.067500
0 0.136563 0.243333 0.058125 0.068333
0 0.091563 0.222083 0.058125 0.085833
0 0.690937 0.874583 0.066875 0.065833
0 0.024688 0.561667 0.049375 0.076667
0 0.221562 0.912500 0.048125 0.071667
0 0.457500 0.090417 0.052500 0.074167
0 0.241250 0.185417 0.055000 0.094167
0 0.100312 0.326250 0.049375 0.054167
0 0.112812 0.397500 0.041875 0.068333
3 0.180625 0.878333 0.066250 0.146667
0 0.352187 0.682917 0.054375 0.075833
0 0.533438 0.035000 0.059375 0.066667
0 0.497188 0.101250 0.056875 0.084167
0 0.391562 0.845833 0.041875 0.128333
