0 0.108438 0.537917 0.059375 0.082500
0 0.225312 0.080833 0.076875 0.095000
0 0.140937 0.714167 0.065625 0.085000
0 0.268125 0.634583 0.063750 0.084167
0 0.112500 0.095417 0.057500 0.085833
0 0.945312 0.445000 0.065625 0.083333
0 0.901250 0.328333 0.066250 0.081667
0 0.403750 0.255000 0.072500 0.076667
0 0.802813 0.249167 0.073125 0.091667
0 0.060000 0.462917 0.068750 0.085833
0 0.512500 0.958750 0.060000 0.069167
0 0.249688 0.927083 0.069375 0.084167
0 0.395625 0.180417 0.072500 0.095833
0 0.816562 0.715417 0.069375 0.092500
0 0.385625 0.881250 0.071250 0.089167
0 0.840938 0.811250 0.065625 0.084167
0 0.384375 0.418750 0.061250 0.084167
0 0.039062 0.871667 0.061875 0.090000
0 0.051250 0.672500 0.060000 0.078333
0 0.791250 0.121250 0.080000 0.097500
0 0.414062 0.098750 0.071875 0.089167
0 0.275625 0.756667 0.068750 0.088333
0 0.664687 0.597500 0.060625 0.075000
0 0.713437 0.141667 0.056875 0.081667
0 0.839375 0.351667 0.060000 0.085000
0 0.666250 0.303333 0.070000 0.086667
0 0.172187 0.893750 0.064375 0.080833
0 0.478750 0.505833 0.061250 0.076667
0 0.444063 0.705000 0.074375 0.091667
0 0.704688 0.246250 0.059375 0.079167
0 0.474062 0.223333 0.068125 0.083333
0 0.744062 0.575417 0.069375 0.090833
0 0.591250 0.818750 0.051250 0.070833
0 0.545000 0.777500 0.055000 0.071667
0 0.041875 0.552917 0.060000 0.087500
0 0.184688 0.572917 0.056875 0.085833
0 0.446250 0.912500 0.072500 0.091667
0 0.114062 0.632083 0.055625 0.084167
0 0.174375 0.833750 0.065000 0.085833
0 0.546562 0.692083 0.056875 0.070833
0 0.732500 0.390833 0.071250 0.075000
0 0.574375 0.397500 0.061250 0.083333
0 0.699688 0.486250 0.054375 0.077500
0 0.149375 0.752500 0.060000 0.085000
0 0.379063 0.053333 0.065625 0.090000
0 0.879375 0.750833 0.052500 0.075000
0 0.829063 0.529167 0.059375 0.071667
0 0.446250 0.617500 0.062500 0.076667
0 0.500938 0.734583 0.059375 0.074167
1 0.489687 0.141250 0.089375 0.104167
0 0.702500 0.897500 0.057500 0.076667
0 0.763437 0.075000 0.066875 0.078333
0 0.294063 0.107917 0.053125 0.069167
0 0.409687 0.805833 0.056875 0.070000
0 0.167187 0.258333 0.071875 0.083333
0 0.880625 0.625000 0.061250 0.070000
0 0.328750 0.412500 0.055000 0.071667
0 0.466875 0.803750 0.057500 0.077500
0 0.736875 0.791250 0.056250 0.067500
0 0.925312 0.605833 0.056875 0.083333
0 0.753437 0.909583 0.049375 0.077500
0 0.644687 0.909583 0.059375 0.090833
0 0.335000 0.099583 0.050000 0.067500
0 0.231875 0.332500 0.055000 0.070000
0 0.417500 0.548333 0.066250 0.081667
0 0.767188 0.745000 0.064375 0.081667
0 0.163438 0.391250 0.049375 0.069167
0 0.065937 0.831250 0.063125 0.072500
0 0.512813 0.624583 0.060625 0.074167
0 0.725000 0.476667 0.055000 0.075000
0 0.095000 0.282500 0.052500 0.070000
0 0.771875 0.487500 0.060000 0.071667
0 0.931250 0.045000 0.061250 0.073333
0 0.666875 0.090000 0.053750 0.073333
0 0.618437 0.035417 0.055625 0.069167
0 0.055313 0.122917 0.059375 0.059167
0 0.047813 0.057500 0.060625 0.068333
0 0.529062 0.072917 0.058125 0.084167
0 0.589688 0.093333 0.045625 0.063333
0 0.302500 0.250000 0.053750 0.070000
0 0.271250 0.253333 0.056250 0.113333
0 0.163125 0.203333 0.055000 0.073333
0 0.236563 0.285833 0.056875 0.058333
0 0.170625 0.330000 0.058750 0.071667
1 0.049688 0.355000 0.083125 0.125000
0 0.278750 0.395417 0.050000 0.080833
0 0.499063 0.299583 0.044375 0.079167
0 0.470313 0.349167 0.050625 0.071667
0 0.515625 0.395417 0.057500 0.062500
0 0.646563 0.416250 0.061875 0.059167
0 0.616250 0.522500 0.047500 0.070000
0 0.756250 0.667917 0.052500 0.059167
0 0.858750 0.586667 0.053750 0.070000
1 0.845313 0.078333 0.080625 0.141667
0 0.539687 0.266250 0.041875 0.149167
0 0.579375 0.199167 0.056250 0.068333
0 0.614375 0.194583 0.056250 0.077500
0 0.657813 0.194167 0.068125 0.073333
0 0.967187 0.137917 0.063125 0.100833
0 0.605000 0.779167 0.048750 0.071667
0 0.541562 0.578750 0.043125 0.082500
0 0.719063 0.614583 0.045625 0.082500
0 0.613750 0.890417 0.050000 0.079167
0 0.682813 0.967083 0.059375 0.062500
0 0.973125 0.760417 0.053750 0.087500
0 0.500625 0.605833 0.063750 0.090000
0 0.977187 0.595000 0.045625 0.083333
