0 0.157812 0.209583 0.076875 0.094167
0 0.463438 0.379583 0.068125 0.097500
0 0.444063 0.210417 0.070625 0.097500
0 0.352500 0.377917 0.072500 0.095833
0 0.137187 0.690833 0.075625 0.093333
0 0.442500 0.857500 0.072500 0.103333
0 0.244375 0.478333 0.073750 0.096667
0 0.744062 0.676250 0.073125 0.097500
0 0.890625 0.387083 0.070000 0.100833
0 0.349375 0.911250 0.071250 0.107500
0 0.595000 0.301667 0.078750 0.110000
0 0.731250 0.388750 0.070000 0.120833
0 0.173750 0.571250 0.078750 0.090833
0 0.621875 0.793333 0.073750 0.108333
0 0.228750 0.299583 0.065000 0.099167
4 0.314375 0.058333 0.080000 0.110000
0 0.276875 0.262500 0.076250 0.090000
0 0.522188 0.116667 0.070625 0.103333
0 0.514375 0.617917 0.073750 0.104167
0 0.451562 0.631250 0.078125 0.107500
0 0.562813 0.172500 0.076875 0.123333
0 0.304688 0.521667 0.069375 0.096667
0 0.657188 0.624167 0.073125 0.093333
4 0.135625 0.927083 0.080000 0.105833
0 0.255937 0.387083 0.076875 0.095833
