0 0.058750 0.316250 0.081250 0.102500
0 0.471250 0.058333 0.081250 0.095000
0 0.910625 0.848750 0.075000 0.099167
0 0.137813 0.060417 0.074375 0.097500
0 0.222500 0.159583 0.081250 0.107500
0 0.050937 0.883750 0.074375 0.099167
0 0.399687 0.354167 0.079375 0.106667
0 0.327500 0.583750 0.072500 0.095833
0 0.695000 0.925000 0.065000 0.091667
0 0.238750 0.458750 0.086250 0.102500
0 0.682187 0.690000 0.076875 0.108333
0 0.792188 0.107917 0.079375 0.102500
0 0.258750 0.592500 0.077500 0.105000
0 0.865938 0.773750 0.071875 0.099167
0 0.086875 0.527500 0.076250 0.100000
0 0.794063 0.329583 0.073125 0.104167
0 0.347187 0.742083 0.078125 0.104167
0 0.528750 0.830000 0.078750 0.096667
0 0.154688 0.921250 0.073125 0.095833
0 0.635625 0.570417 0.071250 0.095833
0 0.200000 0.790417 0.062500 0.095833
0 0.382500 0.942083 0.065000 0.089167
0 0.831250 0.857917 0.082500 0.104167
0 0.871250 0.481667 0.063750 0.095000
0 0.421250 0.079583 0.072500 0.095833
0 0.269375 0.837083 0.065000 0.089167
0 0.568750 0.408750 0.066250 0.089167
0 0.479063 0.905833 0.078125 0.096667
2 0.895938 0.583333 0.095625 0.106667
0 0.583750 0.078333 0.067500 0.095000
0 0.720938 0.563750 0.063125 0.089167
0 0.784375 0.602917 0.073750 0.109167
0 0.594688 0.295417 0.069375 0.079167
0 0.476250 0.500000 0.086250 0.121667
0 0.403125 0.180417 0.073750 0.094167
0 0.173750 0.305000 0.085000 0.083333
0 0.270000 0.089583 0.066250 0.097500
0 0.734375 0.247917 0.070000 0.099167
0 0.798125 0.225833 0.076250 0.095000
0 0.931562 0.457083 0.069375 0.094167
0 0.104063 0.366250 0.071875 0.087500
0 0.276875 0.787917 0.066250 0.094167
0 0.298125 0.927500 0.072500 0.093333
0 0.754062 0.550417 0.075625 0.100833
0 0.134063 0.349167 0.070625 0.103333
0 0.884375 0.351667 0.066250 0.103333
0 0.496250 0.749167 0.057500 0.083333
2 0.444375 0.762083 0.098750 0.130833
0 0.391250 0.202917 0.072500 0.095833
0 0.845625 0.361667 0.055000 0.088333
0 0.354687 0.230000 0.054375 0.101667
0 0.310625 0.913333 0.076250 0.095000
0 0.928125 0.436667 0.077500 0.101667
0 0.571562 0.113333 0.069375 0.093333
