0 0.589375 0.781250 0.076250 0.097500
0 0.489375 0.780417 0.080000 0.105833
0 0.291875 0.265833 0.072500 0.105000
0 0.581250 0.478333 0.076250 0.108333
0 0.348750 0.542083 0.071250 0.102500
0 0.709375 0.872500 0.072500 0.103333
0 0.963125 0.513333 0.067500 0.101667
0 0.795937 0.470833 0.078125 0.105000
0 0.435000 0.437917 0.083750 0.105833
0 0.212500 0.368750 0.075000 0.105833
0 0.868437 0.420833 0.070625 0.093333
0 0.785000 0.161667 0.078750 0.091667
0 0.157188 0.596667 0.076875 0.106667
0 0.480938 0.670833 0.064375 0.081667
0 0.395937 0.700417 0.085625 0.100833
0 0.544375 0.322083 0.082500 0.070833
0 0.530000 0.429583 0.080000 0.099167
0 0.502812 0.591250 0.066875 0.092500
0 0.901250 0.785417 0.065000 0.104167
2 0.770938 0.789583 0.081875 0.125833
3 0.119688 0.705833 0.100625 0.150000
0 0.862500 0.652917 0.077500 0.107500
0 0.357187 0.213333 0.079375 0.101667
2 0.735000 0.589167 0.097500 0.120000
0 0.368125 0.637083 0.067500 0.090833
0 0.417812 0.611667 0.070625 0.086667
0 0.146563 0.380417 0.071875 0.090833
0 0.736250 0.921667 0.073750 0.081667
0 0.480625 0.495000 0.068750 0.093333
0 0.457813 0.556250 0.071875 0.115833
0 0.865625 0.763750 0.068750 0.105833
0 0.652500 0.672083 0.075000 0.092500
0 0.365625 0.269167 0.077500 0.095000
0 0.668438 0.655000 0.075625 0.095000
0 0.818438 0.818750 0.051875 0.110833
0 0.734375 0.493333 0.053750 0.105000
3 0.483750 0.255000 0.126250 0.105000
1 0.838750 0.056667 0.098750 0.111667
