0 0.170313 0.627083 0.055625 0.084167
0 0.268125 0.510000 0.060000 0.091667
0 0.594688 0.529167 0.074375 0.100000
0 0.124063 0.739583 0.061875 0.072500
0 0.445937 0.837083 0.079375 0.114167
0 0.736875 0.152083 0.070000 0.084167
0 0.606250 0.892917 0.077500 0.099167
0 0.730938 0.331667 0.081875 0.111667
0 0.802500 0.141667 0.065000 0.095000
1 0.844688 0.436667 0.081875 0.115000
1 0.912188 0.165000 0.078125 0.123333
0 0.067187 0.873750 0.071875 0.085833
0 0.666562 0.122083 0.055625 0.077500
0 0.211875 0.778333 0.071250 0.090000
0 0.400625 0.688333 0.073750 0.101667
1 0.102500 0.647917 0.073750 0.112500
0 0.513125 0.803333 0.077500 0.101667
0 0.221250 0.161667 0.062500 0.075000
0 0.701875 0.049167 0.067500 0.093333
0 0.451562 0.062917 0.081875 0.109167
0 0.284687 0.693333 0.078125 0.078333
0 0.796562 0.672083 0.076875 0.099167
0 0.066875 0.607500 0.075000 0.105000
1 0.810000 0.881250 0.083750 0.137500
0 0.051250 0.722500 0.066250 0.098333
0 0.674375 0.270000 0.076250 0.100000
0 0.334688 0.571667 0.066875 0.103333
1 0.749375 0.259583 0.062500 0.137500
1 0.096250 0.147083 0.086250 0.180833
0 0.859062 0.119167 0.060625 0.075000
0 0.599063 0.125417 0.066875 0.090833
0 0.472187 0.247917 0.069375 0.092500
0 0.742188 0.522500 0.085625 0.096667
0 0.096875 0.946667 0.068750 0.081667
0 0.110312 0.344167 0.060625 0.103333
0 0.276562 0.129167 0.071875 0.095000
0 0.266562 0.047917 0.063125 0.089167
1 0.103438 0.511667 0.081875 0.110000
0 0.046875 0.394583 0.063750 0.065833
0 0.506250 0.431250 0.057500 0.089167
0 0.119063 0.832500 0.074375 0.085000
0 0.146875 0.897500 0.080000 0.080000
0 0.159688 0.827917 0.063125 0.084167
0 0.633750 0.263750 0.072500 0.079167
0 0.521250 0.149167 0.082500 0.101667
0 0.564688 0.197083 0.068125 0.090833
0 0.938438 0.483333 0.074375 0.096667
0 0.536563 0.703333 0.068125 0.083333
0 0.276875 0.734167 0.082500 0.078333
0 0.041250 0.532917 0.056250 0.079167
0 0.080000 0.457083 0.061250 0.084167
0 0.964688 0.472083 0.070625 0.089167
