0 0.400625 0.485000 0.073750 0.080000
0 0.570312 0.051667 0.079375 0.100000
0 0.181562 0.592500 0.085625 0.100000
0 0.793125 0.370000 0.080000 0.108333
0 0.765625 0.174583 0.067500 0.084167
0 0.606250 0.148750 0.083750 0.107500
0 0.063437 0.379167 0.069375 0.093333
0 0.390937 0.062083 0.080625 0.102500
0 0.449688 0.118750 0.075625 0.107500
0 0.846562 0.770833 0.070625 0.096667
0 0.674063 0.803750 0.070625 0.085833
0 0.778125 0.775833 0.075000 0.113333
0 0.873437 0.471667 0.074375 0.103333
0 0.891875 0.255417 0.066250 0.104167
0 0.202187 0.499583 0.066875 0.094167
0 0.091250 0.770417 0.077500 0.100833
0 0.595625 0.398750 0.071250 0.107500
0 0.446250 0.423750 0.075000 0.105833
0 0.277187 0.587917 0.071875 0.097500
0 0.345000 0.423333 0.077500 0.101667
0 0.892500 0.869583 0.078750 0.097500
0 0.493125 0.912917 0.083750 0.089167
0 0.655625 0.302917 0.076250 0.099167
0 0.957500 0.906250 0.077500 0.095833
0 0.909687 0.645000 0.070625 0.101667
0 0.858437 0.928333 0.073125 0.095000
0 0.133750 0.424167 0.071250 0.101667
0 0.283125 0.204583 0.075000 0.099167
0 0.491563 0.337500 0.075625 0.076667
0 0.220000 0.325833 0.075000 0.110000
0 0.692813 0.540833 0.075625 0.103333
0 0.521875 0.157500 0.077500 0.100000
0 0.129688 0.102083 0.078125 0.104167
0 0.758437 0.279167 0.073125 0.098333
0 0.293750 0.425000 0.082500 0.098333
0 0.483438 0.249583 0.075625 0.100833
0 0.929063 0.334583 0.071875 0.099167
0 0.273125 0.775833 0.075000 0.100000
0 0.569063 0.817083 0.066875 0.097500
0 0.302187 0.740417 0.074375 0.100833
0 0.135625 0.732500 0.070000 0.108333
0 0.635625 0.758333 0.082500 0.076667
0 0.575000 0.911250 0.073750 0.107500
0 0.434688 0.841250 0.076875 0.109167
0 0.456562 0.800833 0.061875 0.101667
0 0.590625 0.590000 0.066250 0.083333
0 0.834375 0.239583 0.072500 0.099167
0 0.223438 0.043750 0.073125 0.082500
0 0.420938 0.816667 0.074375 0.101667
0 0.458437 0.922083 0.075625 0.099167
0 0.495000 0.291250 0.063750 0.107500
0 0.509062 0.852917 0.070625 0.107500
