0 0.640312 0.874583 0.075625 0.104167
0 0.664375 0.207500 0.071250 0.095000
0 0.704063 0.810417 0.075625 0.094167
0 0.286250 0.768333 0.073750 0.110000
0 0.355938 0.376250 0.079375 0.095833
0 0.746875 0.859167 0.083750 0.105000
0 0.486250 0.780417 0.077500 0.110833
0 0.710625 0.592917 0.080000 0.105833
0 0.560937 0.726250 0.068125 0.097500
0 0.934375 0.627917 0.073750 0.105833
0 0.605000 0.187500 0.068750 0.086667
0 0.886875 0.799583 0.080000 0.107500
0 0.752812 0.288333 0.073125 0.105000
0 0.342813 0.270417 0.073125 0.095833
0 0.215625 0.498750 0.078750 0.099167
0 0.511250 0.293333 0.060000 0.086667
0 0.338750 0.840833 0.073750 0.093333
0 0.933438 0.482083 0.073125 0.110833
0 0.067187 0.501250 0.073125 0.100833
0 0.575313 0.107083 0.070625 0.090833
0 0.926250 0.743750 0.058750 0.085833
0 0.170000 0.453750 0.072500 0.094167
0 0.528125 0.278750 0.066250 0.084167
0 0.091875 0.288333 0.076250 0.098333
0 0.569063 0.845833 0.081875 0.110000
0 0.371875 0.481667 0.067500 0.096667
0 0.355938 0.578333 0.076875 0.103333
0 0.235000 0.690833 0.086250 0.098333
0 0.508125 0.610000 0.078750 0.091667
0 0.803125 0.767500 0.077500 0.103333
0 0.697812 0.947083 0.078125 0.094167
1 0.123750 0.220417 0.086250 0.140833
1 0.401875 0.278750 0.073750 0.119167
1 0.582812 0.434167 0.088125 0.136667
1 0.869062 0.449167 0.106875 0.146667
0 0.912500 0.632500 0.057500 0.081667
0 0.117500 0.865000 0.080000 0.101667
0 0.190625 0.873750 0.062500 0.092500
0 0.189688 0.755833 0.071875 0.093333
0 0.261562 0.566250 0.070625 0.094167
0 0.358750 0.939167 0.073750 0.106667
0 0.255312 0.855000 0.064375 0.080000
0 0.305312 0.578333 0.063125 0.086667
0 0.403750 0.442083 0.061250 0.079167
0 0.474375 0.505417 0.075000 0.090833
0 0.423125 0.049167 0.071250 0.083333
0 0.750625 0.490417 0.060000 0.089167
0 0.437188 0.361250 0.069375 0.069167
0 0.507188 0.386250 0.065625 0.087500
0 0.535937 0.497083 0.061875 0.085833
0 0.453437 0.441250 0.064375 0.094167
0 0.510312 0.446250 0.068125 0.084167
0 0.684688 0.503750 0.069375 0.084167
0 0.692500 0.435833 0.072500 0.076667
0 0.806250 0.485000 0.063750 0.085000
0 0.510625 0.664583 0.063750 0.085833
0 0.828438 0.747917 0.068125 0.082500
