0 0.421250 0.078333 0.061250 0.085000
0 0.542188 0.569583 0.059375 0.087500
0 0.421563 0.546667 0.056875 0.081667
0 0.731563 0.470833 0.059375 0.081667
0 0.049688 0.498750 0.064375 0.084167
0 0.838125 0.066667 0.061250 0.078333
0 0.855938 0.912917 0.073125 0.085833
0 0.823750 0.645417 0.057500 0.084167
0 0.238125 0.587500 0.056250 0.073333
0 0.150000 0.251250 0.056250 0.080833
0 0.959063 0.605000 0.059375 0.080000
0 0.320312 0.645417 0.056875 0.080833
0 0.638750 0.487917 0.076250 0.092500
0 0.392500 0.368750 0.066250 0.092500
0 0.773438 0.322500 0.070625 0.093333
0 0.539062 0.705000 0.074375 0.083333
0 0.218750 0.699583 0.072500 0.090833
0 0.192812 0.196667 0.063125 0.085000
0 0.109687 0.750000 0.076875 0.103333
0 0.066250 0.877083 0.066250 0.084167
0 0.609375 0.829583 0.075000 0.105833
0 0.343438 0.489167 0.059375 0.076667
0 0.561250 0.446250 0.063750 0.109167
0 0.863125 0.439167 0.068750 0.096667
0 0.892813 0.816667 0.069375 0.085000
0 0.944688 0.124167 0.078125 0.090000
0 0.682500 0.828333 0.060000 0.080000
0 0.490312 0.427083 0.064375 0.097500
0 0.157188 0.646667 0.070625 0.098333
0 0.470000 0.905833 0.058750 0.086667
0 0.837500 0.532083 0.065000 0.085833
0 0.574063 0.345833 0.063125 0.086667
0 0.518750 0.330000 0.068750 0.098333
0 0.064062 0.582083 0.063125 0.082500
0 0.296875 0.158333 0.075000 0.096667
0 0.534375 0.960833 0.060000 0.078333
0 0.591250 0.923333 0.057500 0.076667
0 0.775000 0.713750 0.057500 0.080833
0 0.292500 0.488333 0.063750 0.095000
0 0.249062 0.273750 0.068125 0.092500
0 0.958125 0.237917 0.057500 0.074167
0 0.742812 0.815833 0.066875 0.095000
0 0.352812 0.241667 0.050625 0.075000
0 0.483750 0.294583 0.071250 0.095833
0 0.245938 0.464583 0.069375 0.090833
0 0.653125 0.752500 0.073750 0.093333
0 0.106250 0.952917 0.067500 0.079167
0 0.421563 0.752917 0.073125 0.077500
0 0.410000 0.240000 0.053750 0.091667
0 0.142500 0.499583 0.057500 0.090833
0 0.965000 0.733750 0.068750 0.087500
0 0.272813 0.811250 0.069375 0.092500
0 0.872500 0.232083 0.072500 0.084167
4 0.910000 0.377500 0.072500 0.113333
0 0.182812 0.543750 0.064375 0.094167
0 0.899062 0.766250 0.065625 0.075833
0 0.042500 0.692500 0.076250 0.081667
0 0.954375 0.326250 0.066250 0.084167
0 0.298438 0.249167 0.050625 0.088333
0 0.536875 0.042917 0.060000 0.084167
0 0.546875 0.875000 0.061250 0.090000
0 0.137187 0.614167 0.056875 0.093333
0 0.310937 0.817083 0.063125 0.087500
0 0.705937 0.341667 0.114375 0.071667
1 0.101562 0.288750 0.088125 0.109167
0 0.247188 0.231667 0.063125 0.073333
0 0.875313 0.310833 0.056875 0.073333
0 0.342813 0.189167 0.050625 0.056667
