0 0.728125 0.292083 0.060000 0.084167
0 0.224375 0.518333 0.062500 0.078333
0 0.394375 0.933750 0.062500 0.080833
0 0.795312 0.728333 0.069375 0.085000
0 0.110625 0.766250 0.062500 0.092500
0 0.848437 0.101667 0.060625 0.101667
0 0.082187 0.338750 0.071875 0.082500
0 0.308125 0.162500 0.060000 0.085000
0 0.877812 0.676667 0.061875 0.085000
0 0.331875 0.336667 0.066250 0.091667
0 0.047813 0.067917 0.063125 0.082500
0 0.601875 0.555000 0.071250 0.078333
0 0.875938 0.520000 0.060625 0.090000
0 0.132500 0.498750 0.061250 0.095833
0 0.466562 0.595000 0.075625 0.081667
0 0.622812 0.648333 0.066875 0.088333
0 0.628750 0.792500 0.062500 0.095000
0 0.392188 0.635833 0.063125 0.085000
0 0.404062 0.447500 0.066875 0.081667
0 0.177813 0.718333 0.063125 0.083333
0 0.487187 0.383333 0.060625 0.100000
0 0.332813 0.470000 0.064375 0.103333
0 0.709063 0.926667 0.068125 0.091667
0 0.051875 0.907083 0.060000 0.082500
0 0.729062 0.442083 0.060625 0.094167
0 0.239375 0.612917 0.065000 0.069167
0 0.822500 0.352917 0.067500 0.092500
0 0.699063 0.105833 0.068125 0.080000
0 0.268437 0.737083 0.056875 0.079167
0 0.432812 0.535833 0.063125 0.076667
0 0.335000 0.860000 0.053750 0.085000
0 0.050625 0.236667 0.065000 0.086667
0 0.832812 0.873750 0.058125 0.092500
0 0.421250 0.816250 0.060000 0.085833
0 0.677813 0.174583 0.091875 0.079167
0 0.560625 0.472083 0.071250 0.087500
0 0.613125 0.428750 0.070000 0.104167
0 0.384375 0.750833 0.061250 0.095000
0 0.405625 0.359583 0.062500 0.077500
0 0.945625 0.093750 0.046250 0.104167
0 0.259688 0.243333 0.068125 0.085000
0 0.483438 0.488750 0.063125 0.075833
0 0.522500 0.306667 0.072500 0.093333
0 0.658750 0.470417 0.060000 0.087500
0 0.632500 0.229167 0.065000 0.083333
0 0.088438 0.526667 0.069375 0.110000
0 0.560937 0.205417 0.066875 0.109167
0 0.659687 0.357917 0.075625 0.085833
0 0.786563 0.827083 0.051875 0.079167
0 0.432812 0.205000 0.059375 0.080000
0 0.222500 0.417917 0.072500 0.087500
0 0.304375 0.820417 0.066250 0.097500
0 0.954375 0.627083 0.055000 0.080833
0 0.722812 0.585417 0.058125 0.079167
0 0.033438 0.698333 0.066875 0.093333
0 0.226562 0.369167 0.061875 0.090000
0 0.218750 0.672917 0.061250 0.084167
0 0.480938 0.679167 0.076875 0.083333
0 0.250000 0.291667 0.073750 0.076667
0 0.572812 0.325417 0.065625 0.090833
0 0.140625 0.957500 0.072500 0.083333
0 0.445937 0.765833 0.070625 0.101667
0 0.507188 0.210417 0.066875 0.092500
0 0.693125 0.534167 0.086250 0.103333
0 0.648750 0.290000 0.061250 0.066667
1 0.122813 0.617500 0.056875 0.068333
0 0.155000 0.622917 0.041250 0.080833
0 0.309375 0.031667 0.067500 0.063333
0 0.969375 0.240000 0.058750 0.086667
