0 0.290625 0.174583 0.080000 0.105833
0 0.092500 0.381667 0.068750 0.090000
0 0.353750 0.096667 0.066250 0.086667
0 0.364375 0.421667 0.062500 0.086667
0 0.814688 0.259167 0.074375 0.093333
0 0.040938 0.606667 0.069375 0.093333
0 0.635312 0.760000 0.080625 0.106667
0 0.309375 0.343333 0.062500 0.081667
0 0.100000 0.120833 0.066250 0.086667
0 0.549375 0.534167 0.065000 0.080000
0 0.208750 0.256667 0.075000 0.103333
0 0.397813 0.181667 0.074375 0.103333
0 0.437188 0.374583 0.073125 0.094167
0 0.654375 0.439167 0.080000 0.108333
0 0.487187 0.200833 0.061875 0.078333
0 0.044062 0.480417 0.074375 0.095833
0 0.436875 0.863333 0.065000 0.088333
0 0.834688 0.834167 0.063125 0.083333
0 0.658438 0.205833 0.059375 0.083333
0 0.752500 0.406250 0.071250 0.110833
0 0.769062 0.095417 0.063125 0.090833
0 0.690312 0.689167 0.070625 0.098333
0 0.136875 0.885417 0.082500 0.114167
0 0.739375 0.301667 0.063750 0.080000
0 0.832187 0.122083 0.061875 0.092500
0 0.443437 0.280417 0.078125 0.095833
0 0.883750 0.650000 0.075000 0.078333
0 0.876250 0.469583 0.068750 0.087500
0 0.877812 0.369167 0.074375 0.098333
0 0.392813 0.824167 0.068125 0.076667
0 0.046875 0.802083 0.083750 0.114167
0 0.402500 0.637500 0.085000 0.083333
0 0.948438 0.147917 0.069375 0.089167
0 0.752812 0.673750 0.071875 0.109167
0 0.729375 0.194583 0.072500 0.107500
0 0.306875 0.510417 0.090000 0.102500
0 0.835313 0.924167 0.083125 0.083333
0 0.137500 0.040417 0.073750 0.080833
0 0.030000 0.318750 0.060000 0.092500
0 0.088438 0.947500 0.071875 0.093333
0 0.396875 0.722083 0.085000 0.080833
1 0.415000 0.532917 0.095000 0.117500
