0 0.654375 0.498750 0.075000 0.099167
0 0.681562 0.708750 0.068125 0.084167
0 0.730313 0.181250 0.061875 0.087500
0 0.757812 0.347917 0.061875 0.087500
0 0.623125 0.663333 0.063750 0.090000
0 0.654687 0.193333 0.066875 0.085000
0 0.634062 0.402500 0.055625 0.091667
0 0.960313 0.175417 0.060625 0.094167
0 0.747500 0.873750 0.063750 0.089167
0 0.920000 0.484167 0.060000 0.095000
0 0.267500 0.079583 0.065000 0.097500
0 0.851250 0.933333 0.070000 0.100000
0 0.059687 0.076667 0.055625 0.085000
0 0.306250 0.887500 0.065000 0.090000
0 0.734375 0.445417 0.067500 0.090833
0 0.827500 0.129167 0.060000 0.095000
0 0.568438 0.093750 0.051875 0.099167
0 0.827812 0.702083 0.056875 0.082500
0 0.501875 0.426667 0.052500 0.071667
0 0.719688 0.065000 0.053125 0.073333
0 0.620313 0.821667 0.055625 0.071667
0 0.252812 0.642083 0.064375 0.094167
0 0.245625 0.937500 0.075000 0.086667
0 0.701562 0.402917 0.065625 0.087500
0 0.698750 0.934583 0.062500 0.085833
0 0.177500 0.502083 0.065000 0.075833
0 0.655625 0.103750 0.053750 0.065833
0 0.518125 0.328750 0.065000 0.090833
0 0.808750 0.215000 0.048750 0.095000
0 0.423438 0.664167 0.066875 0.086667
0 0.166250 0.727500 0.070000 0.085000
0 0.037500 0.337917 0.058750 0.089167
0 0.205313 0.805833 0.068125 0.086667
0 0.211250 0.720833 0.058750 0.078333
0 0.759687 0.715000 0.063125 0.081667
0 0.315625 0.502083 0.061250 0.079167
0 0.919375 0.070000 0.078750 0.113333
0 0.585938 0.756250 0.065625 0.089167
0 0.907500 0.122500 0.058750 0.091667
0 0.880000 0.822083 0.065000 0.089167
0 0.577187 0.366250 0.055625 0.077500
0 0.245938 0.226667 0.060625 0.096667
0 0.079375 0.792917 0.070000 0.079167
0 0.709688 0.613750 0.061875 0.079167
0 0.562813 0.225417 0.064375 0.087500
0 0.854062 0.321250 0.056875 0.074167
0 0.636250 0.270833 0.063750 0.060000
0 0.547188 0.279583 0.060625 0.084167
0 0.328125 0.113750 0.057500 0.084167
0 0.456875 0.773333 0.055000 0.076667
0 0.477187 0.594167 0.060625 0.083333
0 0.550000 0.615417 0.060000 0.084167
0 0.900312 0.559583 0.068125 0.087500
0 0.493437 0.052083 0.075625 0.097500
0 0.143437 0.610000 0.061875 0.080000
0 0.393125 0.396250 0.080000 0.072500
0 0.441563 0.280417 0.056875 0.074167
0 0.597187 0.907500 0.065625 0.078333
0 0.837812 0.611667 0.058125 0.080000
0 0.190312 0.938750 0.059375 0.080833
0 0.135000 0.236250 0.063750 0.084167
0 0.419375 0.136667 0.063750 0.085000
0 0.747188 0.544583 0.068125 0.075833
0 0.230000 0.417917 0.055000 0.077500
0 0.358125 0.899583 0.061250 0.094167
0 0.351250 0.595833 0.073750 0.073333
0 0.398125 0.321250 0.065000 0.082500
0 0.276562 0.791667 0.066875 0.083333
0 0.671875 0.317917 0.067500 0.067500
0 0.936562 0.931250 0.055625 0.075833
0 0.694063 0.800417 0.068125 0.079167
0 0.201563 0.527917 0.066875 0.074167
0 0.473125 0.918333 0.071250 0.080000
0 0.431250 0.428333 0.063750 0.083333
0 0.288125 0.437083 0.060000 0.082500
0 0.759375 0.107917 0.058750 0.090833
0 0.263750 0.388333 0.047500 0.106667
0 0.966562 0.401667 0.064375 0.086667
0 0.578125 0.806667 0.058750 0.070000
0 0.180938 0.349583 0.058125 0.082500
0 0.440312 0.863333 0.054375 0.080000
0 0.065937 0.595833 0.056875 0.075000
0 0.276562 0.747500 0.053125 0.081667
0 0.737812 0.264583 0.053125 0.075833
0 0.133750 0.043333 0.067500 0.066667
0 0.105625 0.672500 0.053750 0.071667
0 0.516563 0.759167 0.053125 0.070000
0 0.369375 0.854167 0.067500 0.081667
0 0.324688 0.449583 0.066875 0.092500
0 0.361250 0.779583 0.060000 0.075833
0 0.105938 0.364583 0.054375 0.089167
0 0.397813 0.190417 0.050625 0.075833
0 0.968437 0.839167 0.061875 0.083333
0 0.240313 0.102083 0.066875 0.084167
0 0.044375 0.502083 0.062500 0.074167
0 0.226250 0.292917 0.067500 0.079167
0 0.947812 0.671250 0.064375 0.059167
0 0.055000 0.734583 0.061250 0.089167
0 0.489375 0.211667 0.047500 0.076667
1 0.128750 0.144167 0.100000 0.105000
0 0.560312 0.452917 0.044375 0.077500
0 0.340625 0.056250 0.061250 0.094167
0 0.319063 0.671250 0.053125 0.070833
0 0.032500 0.200000 0.063750 0.083333
0 0.653438 0.605833 0.068125 0.085000
0 0.487812 0.187500 0.058125 0.078333
0 0.485625 0.165000 0.053750 0.078333
0 0.792813 0.099167 0.063125 0.098333
0 0.807500 0.276250 0.040000 0.095833
0 0.967812 0.363750 0.053125 0.090833
0 0.930625 0.573333 0.063750 0.080000
0 0.915312 0.660833 0.064375 0.080000
0 0.910000 0.595000 0.053750 0.078333
0 0.815625 0.587500 0.046250 0.075000
0 0.777188 0.765833 0.048125 0.076667
0 0.898750 0.856250 0.062500 0.092500
0 0.931250 0.886667 0.062500 0.085000
0 0.728750 0.905000 0.057500 0.080000
0 0.701875 0.818750 0.050000 0.084167
0 0.681875 0.826250 0.058750 0.072500
0 0.788438 0.955417 0.048125 0.082500
0 0.593125 0.940833 0.050000 0.070000
0 0.557187 0.830417 0.056875 0.079167
0 0.528750 0.803750 0.057500 0.072500
0 0.484375 0.553333 0.060000 0.093333
0 0.573750 0.634167 0.070000 0.088333
0 0.357812 0.405417 0.066875 0.057500
0 0.395000 0.226250 0.050000 0.072500
0 0.166875 0.220000 0.071250 0.073333
0 0.049375 0.222500 0.056250 0.068333
0 0.076563 0.204583 0.055625 0.062500
0 0.075000 0.372500 0.065000 0.096667
0 0.025937 0.429167 0.043125 0.051667
0 0.076563 0.510417 0.061875 0.069167
0 0.206875 0.328333 0.060000 0.078333
0 0.322188 0.616250 0.044375 0.100833
0 0.342813 0.697083 0.054375 0.060833
0 0.413750 0.702500 0.061250 0.080000
0 0.394375 0.805000 0.057500 0.081667
0 0.125000 0.643750 0.056250 0.072500
0 0.025625 0.819167 0.046250 0.125000
0 0.478750 0.942083 0.042500 0.070833
0 0.479063 0.749583 0.035625 0.115833
0 0.366563 0.726667 0.064375 0.073333
0 0.965938 0.057083 0.063125 0.080833
0 0.697187 0.052917 0.059375 0.072500
0 0.636563 0.098750 0.066875 0.075833
0 0.468750 0.050000 0.056250 0.066667
0 0.395625 0.265417 0.051250 0.097500
0 0.722187 0.275417 0.055625 0.070833
0 0.630000 0.302083 0.065000 0.074167
0 0.680625 0.627500 0.058750 0.066667
0 0.778750 0.588750 0.051250 0.075833
0 0.768437 0.550417 0.071875 0.090833
0 0.032188 0.584583 0.064375 0.057500
0 0.092188 0.682500 0.053125 0.078333
0 0.257188 0.722083 0.063125 0.087500
0 0.362812 0.815417 0.063125 0.084167
0 0.429063 0.835000 0.064375 0.090000
