0 0.777813 0.530417 0.061875 0.087500
0 0.637813 0.898333 0.061875 0.093333
0 0.712812 0.583750 0.070625 0.087500
0 0.816875 0.430000 0.065000 0.080000
0 0.871563 0.354167 0.045625 0.088333
0 0.520938 0.287917 0.064375 0.087500
0 0.781250 0.617083 0.062500 0.080833
0 0.145625 0.148333 0.067500 0.088333
0 0.560625 0.890417 0.071250 0.090833
0 0.588125 0.779583 0.061250 0.085833
0 0.663125 0.810833 0.070000 0.088333
0 0.211250 0.104583 0.066250 0.085833
0 0.042500 0.691250 0.060000 0.072500
0 0.786563 0.169167 0.066875 0.096667
0 0.760938 0.069583 0.060625 0.097500
0 0.680000 0.232917 0.060000 0.095833
0 0.684688 0.104167 0.063125 0.085000
0 0.089688 0.600000 0.071875 0.083333
0 0.922188 0.645000 0.058125 0.078333
0 0.515625 0.700000 0.057500 0.081667
0 0.744062 0.437917 0.063125 0.090833
0 0.277813 0.745833 0.061875 0.066667
0 0.898438 0.735833 0.063125 0.090000
0 0.394375 0.641250 0.065000 0.087500
0 0.084687 0.829167 0.061875 0.078333
0 0.781563 0.708333 0.055625 0.085000
0 0.865625 0.827083 0.063750 0.070833
0 0.406562 0.322917 0.070625 0.085833
0 0.051562 0.528333 0.060625 0.081667
0 0.751875 0.940000 0.061250 0.085000
0 0.616875 0.137500 0.063750 0.088333
0 0.345000 0.591667 0.052500 0.066667
0 0.530000 0.807083 0.060000 0.082500
0 0.168125 0.360000 0.062500 0.083333
0 0.466562 0.830833 0.063125 0.081667
0 0.249375 0.873750 0.080000 0.085833
0 0.505625 0.522500 0.066250 0.093333
0 0.145313 0.744583 0.064375 0.080833
0 0.645625 0.494583 0.055000 0.075833
0 0.699375 0.277500 0.078750 0.105000
0 0.718437 0.682917 0.059375 0.067500
0 0.283750 0.420417 0.047500 0.080833
0 0.127188 0.672500 0.051875 0.083333
0 0.218750 0.427917 0.061250 0.079167
0 0.356563 0.835417 0.063125 0.087500
0 0.450000 0.214167 0.045000 0.101667
0 0.606563 0.666667 0.065625 0.093333
0 0.515000 0.924583 0.061250 0.070833
0 0.335313 0.240417 0.055625 0.087500
0 0.188125 0.198750 0.067500 0.089167
0 0.563750 0.564583 0.065000 0.089167
0 0.319375 0.827500 0.065000 0.101667
0 0.330313 0.635000 0.054375 0.078333
0 0.778125 0.355417 0.061250 0.089167
0 0.430625 0.555833 0.058750 0.068333
0 0.435937 0.062917 0.063125 0.080833
0 0.744062 0.800833 0.065625 0.090000
0 0.501250 0.617083 0.051250 0.080833
0 0.071563 0.385000 0.068125 0.088333
0 0.609062 0.492500 0.064375 0.085000
0 0.925000 0.406667 0.056250 0.086667
0 0.363125 0.925417 0.067500 0.082500
0 0.152812 0.058333 0.066875 0.081667
0 0.085625 0.206667 0.068750 0.081667
0 0.518437 0.081250 0.065625 0.077500
0 0.253437 0.631250 0.073125 0.070833
0 0.675625 0.720833 0.071250 0.081667
0 0.378125 0.177500 0.053750 0.091667
0 0.820000 0.257083 0.057500 0.094167
0 0.448437 0.883333 0.061875 0.071667
0 0.594688 0.366667 0.056875 0.085000
0 0.328125 0.922500 0.067500 0.081667
0 0.297187 0.531667 0.060625 0.091667
0 0.794375 0.852500 0.051250 0.078333
0 0.822187 0.114167 0.066875 0.076667
0 0.150000 0.922500 0.062500 0.055000
0 0.173437 0.564583 0.058125 0.065833
0 0.445625 0.700417 0.060000 0.089167
0 0.404375 0.145833 0.058750 0.090000
0 0.716250 0.495417 0.063750 0.072500
0 0.280938 0.326667 0.066875 0.075000
0 0.326875 0.084583 0.057500 0.082500
0 0.896875 0.102083 0.065000 0.077500
0 0.283438 0.044167 0.075625 0.080000
0 0.662188 0.384167 0.061875 0.081667
0 0.329688 0.358333 0.071875 0.085000
0 0.631563 0.292917 0.060625 0.079167
0 0.079687 0.290417 0.058125 0.077500
0 0.205937 0.699583 0.053125 0.070833
0 0.543125 0.432500 0.052500 0.085000
0 0.600938 0.082083 0.064375 0.084167
0 0.657188 0.621667 0.070625 0.096667
0 0.382500 0.231667 0.072500 0.088333
0 0.935000 0.851667 0.076250 0.095000
0 0.396250 0.829167 0.052500 0.078333
0 0.910000 0.203750 0.066250 0.099167
1 0.224375 0.527500 0.073750 0.098333
0 0.870000 0.906667 0.053750 0.086667
0 0.162500 0.849167 0.057500 0.080000
0 0.585000 0.216667 0.072500 0.076667
0 0.171875 0.270417 0.066250 0.087500
0 0.877188 0.513750 0.056875 0.090833
0 0.179063 0.450833 0.060625 0.078333
0 0.363438 0.420417 0.061875 0.089167
0 0.364063 0.727083 0.058125 0.074167
0 0.949063 0.559583 0.075625 0.087500
0 0.138750 0.453333 0.062500 0.073333
0 0.111250 0.049583 0.051250 0.069167
0 0.128125 0.042083 0.061250 0.075833
0 0.082500 0.051667 0.060000 0.076667
0 0.053750 0.041250 0.061250 0.074167
0 0.369375 0.043333 0.058750 0.080000
0 0.355938 0.073333 0.054375 0.073333
0 0.261250 0.062500 0.071250 0.091667
0 0.943750 0.048333 0.061250 0.081667
0 0.921250 0.180000 0.062500 0.058333
0 0.836562 0.224583 0.053125 0.084167
0 0.843750 0.259167 0.058750 0.080000
0 0.947812 0.202083 0.061875 0.072500
0 0.516563 0.407083 0.061875 0.085833
0 0.501563 0.575000 0.068125 0.080000
0 0.261250 0.290417 0.057500 0.094167
0 0.326562 0.275417 0.064375 0.077500
0 0.355000 0.169583 0.061250 0.072500
0 0.833750 0.073333 0.058750 0.078333
0 0.852187 0.355417 0.058125 0.074167
0 0.815312 0.457083 0.055625 0.072500
0 0.919063 0.600000 0.064375 0.086667
0 0.940000 0.443750 0.068750 0.084167
0 0.884375 0.462917 0.057500 0.072500
0 0.916250 0.551250 0.058750 0.082500
0 0.632188 0.577917 0.075625 0.074167
0 0.568438 0.617083 0.063125 0.072500
0 0.541562 0.701250 0.068125 0.087500
0 0.530625 0.723750 0.061250 0.069167
0 0.715625 0.712500 0.066250 0.083333
0 0.701562 0.931667 0.043125 0.083333
0 0.638437 0.923750 0.051875 0.079167
0 0.432188 0.875417 0.069375 0.077500
0 0.200937 0.782917 0.053125 0.079167
0 0.040313 0.355417 0.065625 0.074167
0 0.675625 0.407083 0.057500 0.085833
0 0.030625 0.481667 0.058750 0.076667
0 0.116875 0.475417 0.060000 0.085833
0 0.215625 0.620833 0.060000 0.071667
0 0.073750 0.249583 0.058750 0.079167
0 0.101250 0.259167 0.060000 0.083333
0 0.144375 0.272083 0.066250 0.075833
0 0.123438 0.355000 0.086875 0.055000
0 0.422187 0.528750 0.055625 0.074167
0 0.120000 0.430417 0.053750 0.075833
0 0.157812 0.490833 0.064375 0.078333
0 0.061562 0.690833 0.054375 0.078333
0 0.178750 0.601667 0.062500 0.083333
0 0.080000 0.786667 0.062500 0.073333
0 0.227187 0.730833 0.079375 0.093333
0 0.237813 0.609583 0.055625 0.064167
0 0.291875 0.482083 0.050000 0.084167
0 0.359687 0.563750 0.054375 0.069167
0 0.272188 0.498750 0.058125 0.072500
0 0.395625 0.427083 0.062500 0.072500
0 0.435312 0.506667 0.055625 0.086667
0 0.424375 0.440000 0.053750 0.080000
0 0.450625 0.454167 0.043750 0.078333
0 0.128125 0.647083 0.050000 0.059167
0 0.214375 0.723750 0.062500 0.080833
0 0.440625 0.741250 0.061250 0.110833
0 0.513125 0.327917 0.068750 0.072500
0 0.598125 0.408750 0.058750 0.089167
0 0.858437 0.943750 0.051875 0.092500
0 0.804063 0.802083 0.056875 0.090833
0 0.678125 0.442917 0.058750 0.082500
0 0.750313 0.367500 0.065625 0.076667
0 0.809375 0.081250 0.067500 0.070833
0 0.538750 0.085833 0.060000 0.071667
0 0.678750 0.128750 0.060000 0.089167
0 0.430625 0.088750 0.058750 0.082500
0 0.606563 0.267500 0.055625 0.090000
0 0.502188 0.397083 0.066875 0.077500
0 0.717812 0.866667 0.078125 0.106667
0 0.156562 0.770417 0.075625 0.077500
0 0.387188 0.742083 0.048125 0.074167
0 0.368750 0.754167 0.051250 0.091667
0 0.545625 0.791667 0.073750 0.070000
0 0.961875 0.787500 0.070000 0.081667
0 0.970625 0.889583 0.052500 0.072500
0 0.967812 0.940833 0.061875 0.068333
0 0.892500 0.852500 0.070000 0.081667
0 0.973125 0.527500 0.051250 0.095000
0 0.375000 0.318750 0.058750 0.070833
0 0.561250 0.133333 0.048750 0.083333
0 0.569375 0.052500 0.050000 0.075000
0 0.626563 0.058333 0.055625 0.093333
0 0.814688 0.847083 0.064375 0.074167
0 0.756250 0.701667 0.070000 0.078333
0 0.385937 0.870833 0.074375 0.091667
0 0.589375 0.965833 0.058750 0.065000
