0 0.739688 0.302500 0.080625 0.106667
0 0.626250 0.636667 0.080000 0.095000
0 0.270313 0.453750 0.075625 0.107500
0 0.918750 0.227500 0.082500 0.100000
0 0.682500 0.247917 0.076250 0.102500
0 0.444375 0.336667 0.077500 0.108333
0 0.067500 0.095417 0.081250 0.112500
0 0.832187 0.353333 0.079375 0.108333
0 0.843750 0.446250 0.066250 0.094167
0 0.719688 0.845417 0.078125 0.107500
0 0.890312 0.383750 0.084375 0.104167
3 0.629062 0.819583 0.099375 0.132500
0 0.891875 0.492083 0.067500 0.105833
3 0.193125 0.273750 0.097500 0.117500
0 0.138125 0.380833 0.083750 0.115000
0 0.358438 0.162500 0.074375 0.133333
