0 0.405625 0.406250 0.071250 0.097500
0 0.779375 0.244167 0.071250 0.098333
0 0.847812 0.781250 0.069375 0.092500
0 0.085312 0.746667 0.069375 0.080000
0 0.848750 0.151667 0.078750 0.101667
0 0.890938 0.482500 0.065625 0.100000
0 0.804688 0.574583 0.075625 0.102500
4 0.685625 0.297917 0.080000 0.104167
0 0.918438 0.204583 0.064375 0.104167
0 0.274375 0.067500 0.071250 0.088333
0 0.793438 0.424583 0.073125 0.095833
0 0.656875 0.143750 0.070000 0.092500
0 0.210625 0.497917 0.067500 0.104167
4 0.670625 0.537500 0.080000 0.105000
0 0.729062 0.829167 0.079375 0.103333
0 0.097500 0.659583 0.077500 0.092500
0 0.427500 0.243333 0.075000 0.103333
0 0.621563 0.445000 0.074375 0.106667
0 0.263437 0.418750 0.070625 0.109167
0 0.678750 0.896667 0.075000 0.105000
0 0.580313 0.881667 0.075625 0.096667
0 0.504687 0.048750 0.073125 0.089167
0 0.731563 0.715000 0.070625 0.105000
0 0.379375 0.905000 0.070000 0.091667
4 0.594375 0.695417 0.082500 0.104167
0 0.465938 0.125417 0.085625 0.099167
0 0.508750 0.605833 0.071250 0.088333
0 0.582187 0.783333 0.081875 0.096667
0 0.123438 0.193750 0.059375 0.085833
0 0.526875 0.271667 0.110000 0.078333
0 0.934375 0.050417 0.085000 0.092500
0 0.087813 0.825417 0.080625 0.089167
0 0.242812 0.116667 0.085625 0.086667
0 0.648438 0.649583 0.066875 0.085833
0 0.074063 0.201250 0.056875 0.095833
