0 0.490000 0.346250 0.070000 0.092500
0 0.140937 0.624167 0.065625 0.093333
0 0.714063 0.286250 0.073125 0.089167
0 0.633437 0.522083 0.068125 0.085833
0 0.849688 0.545833 0.071875 0.085000
0 0.827500 0.946667 0.077500 0.090000
0 0.049688 0.537083 0.071875 0.087500
0 0.090938 0.948750 0.059375 0.079167
0 0.787500 0.629167 0.066250 0.076667
0 0.145937 0.065000 0.074375 0.088333
0 0.399062 0.360417 0.061875 0.079167
0 0.263750 0.099583 0.061250 0.080833
0 0.341250 0.497500 0.072500 0.088333
0 0.925625 0.682917 0.058750 0.079167
0 0.221875 0.323333 0.057500 0.078333
0 0.642188 0.179167 0.066875 0.088333
0 0.241250 0.775833 0.071250 0.078333
0 0.758750 0.877500 0.057500 0.083333
0 0.896250 0.092917 0.061250 0.074167
0 0.730625 0.370417 0.068750 0.089167
0 0.829688 0.900000 0.073125 0.091667
0 0.413125 0.646250 0.066250 0.084167
0 0.714063 0.150417 0.070625 0.084167
0 0.411875 0.839167 0.076250 0.090000
0 0.857500 0.169167 0.066250 0.093333
0 0.230313 0.807083 0.064375 0.082500
0 0.294375 0.817917 0.061250 0.082500
0 0.897813 0.426667 0.064375 0.075000
1 0.157500 0.155417 0.072500 0.095833
0 0.832187 0.816667 0.059375 0.073333
0 0.695000 0.892500 0.066250 0.096667
0 0.206250 0.540000 0.076250 0.088333
0 0.140625 0.898750 0.055000 0.074167
0 0.242188 0.520417 0.061875 0.084167
0 0.815937 0.747917 0.069375 0.080833
0 0.305000 0.939583 0.070000 0.094167
0 0.602812 0.674167 0.066875 0.076667
0 0.548438 0.249167 0.068125 0.081667
0 0.912188 0.354583 0.066875 0.080833
0 0.432500 0.212083 0.061250 0.092500
0 0.653125 0.315417 0.063750 0.072500
0 0.880313 0.740000 0.075625 0.091667
0 0.940625 0.283750 0.055000 0.085833
0 0.359687 0.312083 0.060625 0.080833
0 0.884375 0.620417 0.061250 0.082500
0 0.737500 0.800417 0.068750 0.089167
0 0.107813 0.711250 0.068125 0.087500
0 0.594375 0.782500 0.063750 0.083333
0 0.888437 0.260000 0.059375 0.081667
0 0.690937 0.678333 0.069375 0.088333
0 0.125938 0.280000 0.071875 0.075000
0 0.132500 0.408750 0.057500 0.074167
0 0.827187 0.413333 0.060625 0.065000
0 0.173437 0.770000 0.054375 0.078333
0 0.234687 0.391250 0.046875 0.069167
0 0.913125 0.804167 0.066250 0.086667
0 0.586250 0.915417 0.066250 0.080833
0 0.544375 0.106667 0.077500 0.088333
0 0.135000 0.822500 0.048750 0.070000
0 0.081250 0.396667 0.052500 0.086667
0 0.620313 0.717500 0.058125 0.081667
0 0.075625 0.125000 0.050000 0.068333
1 0.861563 0.479583 0.065625 0.087500
0 0.044375 0.380417 0.053750 0.079167
0 0.457188 0.246250 0.061875 0.062500
0 0.366875 0.952917 0.057500 0.070833
0 0.834688 0.253333 0.061875 0.076667
0 0.194688 0.456250 0.058125 0.075833
0 0.956250 0.885833 0.076250 0.081667
0 0.042813 0.180000 0.048125 0.070000
0 0.561875 0.100417 0.058750 0.067500
0 0.228750 0.154583 0.058750 0.079167
0 0.509375 0.133333 0.070000 0.098333
0 0.963125 0.908333 0.068750 0.093333
0 0.414687 0.141250 0.063125 0.090833
0 0.647188 0.042500 0.068125 0.085000
0 0.170000 0.360833 0.060000 0.091667
0 0.268125 0.313750 0.055000 0.075833
0 0.725938 0.081250 0.059375 0.080833
0 0.582187 0.183750 0.048125 0.090833
0 0.776250 0.387917 0.050000 0.069167
0 0.973125 0.595000 0.051250 0.071667
0 0.702812 0.781667 0.061875 0.071667
0 0.035625 0.762500 0.057500 0.085000
0 0.136250 0.346250 0.068750 0.085833
0 0.776250 0.126250 0.057500 0.077500
0 0.474375 0.158750 0.056250 0.087500
0 0.482812 0.210417 0.061875 0.077500
0 0.276250 0.932917 0.057500 0.074167
0 0.628437 0.897083 0.049375 0.065833
