0 0.845000 0.087500 0.070000 0.096667
0 0.555625 0.761250 0.076250 0.090833
0 0.486875 0.276250 0.066250 0.089167
0 0.234375 0.814167 0.071250 0.086667
0 0.846562 0.687500 0.069375 0.093333
0 0.169063 0.766250 0.071875 0.089167
0 0.061875 0.241250 0.066250 0.092500
0 0.782188 0.627917 0.064375 0.090833
0 0.171875 0.512500 0.067500 0.103333
0 0.362812 0.217083 0.063125 0.089167
0 0.111250 0.686667 0.062500 0.086667
0 0.231563 0.899167 0.059375 0.075000
0 0.248125 0.717500 0.051250 0.081667
0 0.869687 0.491667 0.059375 0.083333
0 0.077188 0.914167 0.070625 0.096667
0 0.767500 0.215833 0.067500 0.085000
0 0.197187 0.172917 0.065625 0.094167
0 0.389375 0.311250 0.070000 0.114167
0 0.777813 0.752917 0.079375 0.100833
0 0.083125 0.782500 0.075000 0.088333
0 0.703438 0.448750 0.063125 0.095833
0 0.563438 0.481667 0.065625 0.088333
0 0.404062 0.850833 0.074375 0.106667
0 0.472813 0.907500 0.063125 0.090000
0 0.741563 0.504583 0.065625 0.092500
0 0.139687 0.861250 0.060625 0.070833
0 0.687187 0.150417 0.066875 0.090833
0 0.052500 0.619167 0.063750 0.126667
0 0.913125 0.845000 0.065000 0.096667
0 0.507500 0.057083 0.061250 0.085833
0 0.093125 0.524167 0.067500 0.091667
0 0.354063 0.383333 0.061875 0.083333
0 0.191562 0.592917 0.061875 0.090833
0 0.654687 0.398333 0.059375 0.086667
0 0.691875 0.255000 0.066250 0.091667
0 0.710625 0.814167 0.063750 0.093333
0 0.532188 0.354583 0.061875 0.094167
0 0.780312 0.947917 0.069375 0.092500
0 0.652813 0.782083 0.065625 0.099167
0 0.559063 0.176667 0.070625 0.100000
0 0.604688 0.682083 0.074375 0.092500
0 0.867500 0.782500 0.071250 0.090000
0 0.301875 0.267500 0.048750 0.085000
0 0.604688 0.322083 0.059375 0.087500
0 0.303438 0.955833 0.065625 0.086667
0 0.602500 0.851250 0.066250 0.100833
0 0.443125 0.720417 0.063750 0.099167
0 0.075000 0.085000 0.066250 0.080000
0 0.838750 0.260417 0.066250 0.084167
0 0.417187 0.087500 0.068125 0.098333
0 0.860938 0.332500 0.071875 0.098333
0 0.932187 0.326667 0.066875 0.105000
0 0.435937 0.224167 0.069375 0.081667
0 0.380625 0.776250 0.072500 0.085833
0 0.342187 0.091667 0.066875 0.068333
0 0.522813 0.675417 0.068125 0.082500
0 0.562187 0.609167 0.066875 0.066667
0 0.653125 0.922917 0.060000 0.099167
0 0.130000 0.424583 0.067500 0.087500
0 0.109687 0.317500 0.074375 0.085000
0 0.818438 0.873333 0.070625 0.090000
0 0.211562 0.278750 0.074375 0.089167
0 0.789062 0.125417 0.064375 0.084167
0 0.910312 0.670833 0.068125 0.091667
0 0.680000 0.706667 0.055000 0.071667
0 0.551562 0.547500 0.061875 0.068333
0 0.362187 0.671250 0.063125 0.082500
0 0.507188 0.822500 0.073125 0.093333
0 0.320312 0.709583 0.066875 0.094167
0 0.888437 0.217917 0.055625 0.075833
0 0.243750 0.406667 0.066250 0.091667
0 0.653750 0.242917 0.068750 0.089167
0 0.690000 0.315417 0.066250 0.097500
0 0.703438 0.590833 0.066875 0.096667
0 0.636875 0.607917 0.065000 0.072500
0 0.068437 0.397083 0.061875 0.090833
0 0.560312 0.930000 0.061875 0.078333
0 0.943125 0.147917 0.050000 0.090833
0 0.335313 0.865417 0.065625 0.114167
0 0.675625 0.047500 0.066250 0.090000
0 0.617188 0.491250 0.060625 0.087500
0 0.455313 0.391250 0.080625 0.104167
0 0.940000 0.438333 0.057500 0.080000
0 0.125000 0.177500 0.056250 0.086667
0 0.412813 0.145417 0.080625 0.082500
0 0.491875 0.155000 0.072500 0.093333
0 0.795000 0.465417 0.042500 0.074167
0 0.144375 0.094167 0.068750 0.090000
0 0.951875 0.226667 0.067500 0.080000
0 0.629375 0.068333 0.063750 0.095000
0 0.310625 0.827500 0.071250 0.100000
0 0.311563 0.442917 0.071875 0.085833
0 0.446250 0.177917 0.066250 0.079167
0 0.580937 0.273750 0.075625 0.085833
0 0.278438 0.372500 0.065625 0.091667
0 0.296875 0.331250 0.063750 0.095833
0 0.728437 0.912917 0.065625 0.092500
0 0.964375 0.573333 0.070000 0.085000
0 0.625000 0.884167 0.067500 0.085000
0 0.645312 0.536667 0.058125 0.095000
0 0.768125 0.305417 0.048750 0.094167
0 0.374063 0.597083 0.069375 0.085833
0 0.473750 0.501667 0.058750 0.108333
0 0.299375 0.220000 0.067500 0.093333
0 0.280938 0.128750 0.075625 0.094167
0 0.033750 0.067500 0.065000 0.081667
0 0.170625 0.127500 0.056250 0.085000
0 0.383125 0.512500 0.061250 0.111667
0 0.914687 0.127917 0.068125 0.062500
0 0.494688 0.431250 0.071875 0.094167
0 0.199375 0.402917 0.073750 0.087500
0 0.554063 0.123333 0.066875 0.106667
0 0.864375 0.383750 0.058750 0.092500
4 0.788125 0.385833 0.091250 0.086667
1 0.414375 0.519167 0.068750 0.120000
0 0.963437 0.443750 0.055625 0.072500
0 0.620625 0.105000 0.058750 0.091667
0 0.324688 0.123750 0.064375 0.084167
0 0.252812 0.102083 0.056875 0.085833
0 0.134375 0.222917 0.060000 0.095833
0 0.102813 0.368333 0.060625 0.093333
0 0.042813 0.418750 0.074375 0.075833
0 0.168750 0.449583 0.062500 0.084167
0 0.080625 0.494167 0.058750 0.066667
0 0.552813 0.383333 0.051875 0.080000
0 0.232813 0.262917 0.056875 0.090833
0 0.330000 0.465000 0.065000 0.068333
0 0.331562 0.519167 0.063125 0.081667
0 0.369063 0.634583 0.066875 0.075833
0 0.438437 0.668750 0.054375 0.087500
0 0.925625 0.640833 0.051250 0.090000
0 0.903125 0.804583 0.068750 0.082500
0 0.705000 0.715000 0.065000 0.120000
0 0.625625 0.649583 0.060000 0.080833
0 0.620625 0.345000 0.052500 0.080000
0 0.970625 0.190417 0.052500 0.080833
0 0.772188 0.067500 0.058125 0.085000
0 0.150000 0.891667 0.057500 0.083333
0 0.248125 0.923750 0.058750 0.090833
0 0.595000 0.953333 0.055000 0.063333
0 0.221875 0.704583 0.050000 0.069167
