0 0.665312 0.376250 0.070625 0.100833
0 0.302812 0.901667 0.068125 0.090000
0 0.498125 0.578333 0.072500 0.086667
0 0.621563 0.838333 0.060625 0.071667
0 0.364687 0.864583 0.060625 0.077500
0 0.582500 0.256667 0.062500 0.081667
0 0.068125 0.608333 0.058750 0.090000
0 0.869062 0.301250 0.068125 0.092500
0 0.290938 0.129167 0.056875 0.083333
0 0.451250 0.467917 0.061250 0.084167
0 0.927500 0.252083 0.067500 0.084167
0 0.750625 0.139167 0.062500 0.080000
6 0.769687 0.793333 0.085625 0.088333
0 0.080312 0.792083 0.083125 0.092500
0 0.146563 0.260000 0.066875 0.081667
0 0.346875 0.536667 0.067500 0.088333
0 0.895625 0.781667 0.072500 0.096667
0 0.934688 0.627083 0.065625 0.089167
0 0.566875 0.055833 0.058750 0.078333
0 0.234687 0.727083 0.068125 0.082500
0 0.922813 0.165833 0.063125 0.088333
0 0.650312 0.561250 0.065625 0.085833
0 0.093750 0.337500 0.066250 0.076667
0 0.380625 0.594167 0.073750 0.083333
0 0.147813 0.740417 0.066875 0.082500
0 0.233750 0.307500 0.056250 0.076667
1 0.067187 0.899583 0.071875 0.110833
0 0.618750 0.770000 0.073750 0.096667
0 0.694688 0.917917 0.059375 0.075833
0 0.745625 0.459583 0.065000 0.075833
0 0.654062 0.287500 0.065625 0.076667
0 0.626250 0.526667 0.070000 0.086667
0 0.789062 0.948750 0.066875 0.077500
0 0.962812 0.775833 0.060625 0.078333
0 0.815625 0.585000 0.063750 0.075000
0 0.126875 0.150417 0.060000 0.074167
0 0.545312 0.677917 0.063125 0.079167
0 0.274375 0.646667 0.063750 0.068333
1 0.369063 0.761667 0.076875 0.106667
0 0.912813 0.477500 0.066875 0.086667
0 0.045312 0.185000 0.066875 0.091667
0 0.473438 0.929167 0.074375 0.095000
0 0.092813 0.733333 0.061875 0.078333
0 0.066250 0.095417 0.067500 0.084167
0 0.753125 0.873750 0.060000 0.079167
0 0.291875 0.367500 0.061250 0.075000
0 0.946250 0.377500 0.068750 0.078333
0 0.685937 0.835417 0.070625 0.087500
0 0.295000 0.296667 0.066250 0.070000
0 0.734062 0.586250 0.058125 0.080833
0 0.317812 0.738333 0.054375 0.075000
0 0.682187 0.745417 0.071875 0.099167
0 0.415625 0.411667 0.063750 0.073333
0 0.177187 0.137500 0.054375 0.073333
0 0.134375 0.897083 0.060000 0.077500
0 0.892188 0.203750 0.064375 0.110833
0 0.266250 0.047500 0.067500 0.076667
0 0.403750 0.308333 0.057500 0.075000
0 0.656250 0.632083 0.060000 0.070833
0 0.682187 0.053750 0.058125 0.072500
0 0.425625 0.378333 0.073750 0.086667
0 0.226562 0.525000 0.063125 0.083333
0 0.332188 0.269583 0.056875 0.077500
0 0.672813 0.130000 0.055625 0.073333
0 0.691250 0.472917 0.066250 0.062500
0 0.798125 0.877917 0.053750 0.072500
0 0.838750 0.767083 0.048750 0.074167
0 0.748437 0.044167 0.058125 0.078333
0 0.185625 0.490000 0.083750 0.066667
0 0.752188 0.673333 0.060625 0.073333
0 0.774687 0.713750 0.081875 0.059167
0 0.893750 0.401667 0.051250 0.068333
0 0.674687 0.209583 0.069375 0.082500
0 0.648125 0.054583 0.070000 0.087500
0 0.353125 0.337083 0.052500 0.067500
0 0.331250 0.365417 0.063750 0.089167
0 0.397188 0.473333 0.058125 0.078333
0 0.970313 0.483750 0.056875 0.079167
0 0.868437 0.041250 0.061875 0.082500
