0 0.892188 0.738750 0.076875 0.094167
0 0.075938 0.492917 0.065625 0.079167
0 0.193750 0.103333 0.062500 0.090000
0 0.688750 0.647917 0.081250 0.085833
0 0.911563 0.868750 0.081875 0.094167
0 0.833125 0.657083 0.076250 0.102500
0 0.267500 0.207083 0.072500 0.097500
0 0.452813 0.890000 0.075625 0.103333
0 0.673125 0.241667 0.082500 0.103333
0 0.810937 0.210833 0.078125 0.116667
0 0.410938 0.355000 0.071875 0.100000
0 0.621563 0.872917 0.073125 0.102500
0 0.345000 0.762917 0.075000 0.109167
0 0.354063 0.300000 0.066875 0.091667
0 0.907500 0.479583 0.066250 0.092500
0 0.599375 0.567917 0.078750 0.092500
0 0.667500 0.525833 0.073750 0.100000
0 0.117188 0.586250 0.070625 0.089167
0 0.838125 0.852083 0.072500 0.102500
0 0.737812 0.400000 0.069375 0.111667
0 0.600000 0.651667 0.070000 0.096667
0 0.590000 0.785833 0.071250 0.096667
0 0.865625 0.301250 0.073750 0.099167
0 0.209375 0.259167 0.072500 0.105000
0 0.460313 0.427083 0.074375 0.102500
0 0.104688 0.110000 0.080625 0.103333
0 0.525000 0.470000 0.067500 0.106667
0 0.185312 0.854583 0.066875 0.097500
0 0.673438 0.810833 0.064375 0.105000
0 0.792188 0.336667 0.079375 0.105000
0 0.930625 0.750000 0.072500 0.101667
0 0.602500 0.450000 0.072500 0.095000
0 0.313125 0.508750 0.081250 0.117500
0 0.691250 0.878750 0.077500 0.097500
0 0.227813 0.728750 0.075625 0.105833
0 0.055000 0.793750 0.067500 0.090833
0 0.763750 0.680417 0.071250 0.099167
0 0.150312 0.357083 0.078125 0.094167
0 0.516563 0.674583 0.091875 0.107500
0 0.895625 0.387500 0.067500 0.088333
0 0.625625 0.362500 0.082500 0.096667
0 0.377188 0.255000 0.076875 0.096667
0 0.140000 0.212917 0.077500 0.095833
0 0.540625 0.372083 0.063750 0.099167
0 0.741563 0.513750 0.083125 0.102500
0 0.142500 0.927083 0.087500 0.089167
0 0.460000 0.056250 0.072500 0.110833
0 0.113750 0.649583 0.066250 0.095833
0 0.519062 0.791250 0.066875 0.105833
0 0.136250 0.769583 0.071250 0.099167
0 0.724375 0.601250 0.075000 0.090833
0 0.404062 0.697917 0.080625 0.110833
0 0.080312 0.285000 0.061875 0.108333
0 0.734062 0.223333 0.081875 0.103333
0 0.253750 0.343750 0.070000 0.100833
0 0.110000 0.164167 0.075000 0.093333
0 0.748125 0.760417 0.070000 0.092500
0 0.577500 0.298333 0.060000 0.085000
0 0.406562 0.486250 0.066875 0.102500
0 0.252500 0.869583 0.071250 0.094167
0 0.736563 0.074583 0.075625 0.107500
0 0.776250 0.093333 0.076250 0.106667
0 0.470000 0.365000 0.077500 0.096667
0 0.504062 0.853333 0.060625 0.071667
0 0.926562 0.349167 0.059375 0.086667
0 0.734375 0.176250 0.073750 0.105833
0 0.372500 0.525000 0.056250 0.106667
0 0.555937 0.059583 0.071875 0.110833
0 0.592500 0.485000 0.075000 0.111667
0 0.313437 0.080833 0.059375 0.101667
0 0.962812 0.358333 0.056875 0.113333
0 0.644687 0.270833 0.085625 0.090000
0 0.341562 0.455417 0.064375 0.085833
0 0.254063 0.401250 0.055625 0.110833
2 0.147500 0.428333 0.082500 0.113333
0 0.485938 0.062500 0.068125 0.093333
0 0.437812 0.518333 0.070625 0.093333
0 0.755625 0.523750 0.077500 0.099167
0 0.789062 0.953333 0.070625 0.093333
