0 0.257500 0.906667 0.066250 0.093333
0 0.102188 0.804583 0.073125 0.079167
0 0.586875 0.715833 0.067500 0.078333
0 0.429688 0.755833 0.073125 0.093333
0 0.812187 0.511667 0.085625 0.093333
0 0.210938 0.627500 0.075625 0.090000
0 0.593125 0.509167 0.075000 0.093333
0 0.681562 0.877917 0.070625 0.072500
0 0.392813 0.246667 0.073125 0.096667
0 0.769062 0.422917 0.085625 0.094167
0 0.553125 0.288333 0.068750 0.090000
0 0.502500 0.720833 0.070000 0.078333
0 0.065000 0.579583 0.078750 0.085833
0 0.182188 0.273333 0.073125 0.078333
0 0.879375 0.233750 0.078750 0.085833
0 0.778438 0.182917 0.076875 0.099167
0 0.298438 0.464167 0.071875 0.096667
0 0.781250 0.291667 0.080000 0.081667
0 0.831250 0.077917 0.071250 0.099167
0 0.137813 0.566667 0.083125 0.081667
0 0.341875 0.210000 0.078750 0.075000
0 0.181562 0.440417 0.061875 0.090833
0 0.958125 0.906250 0.070000 0.097500
0 0.175625 0.355000 0.082500 0.078333
0 0.879062 0.101667 0.068125 0.093333
0 0.726250 0.634167 0.078750 0.111667
0 0.131875 0.423333 0.073750 0.098333
0 0.914375 0.528333 0.075000 0.095000
0 0.525937 0.558333 0.074375 0.083333
0 0.627812 0.310000 0.081875 0.111667
0 0.176563 0.200417 0.083125 0.072500
0 0.614688 0.836250 0.070625 0.090833
0 0.094375 0.100833 0.082500 0.076667
0 0.840313 0.330417 0.105625 0.077500
0 0.099375 0.165417 0.081250 0.072500
0 0.450625 0.176250 0.096250 0.085833
0 0.070312 0.292917 0.065625 0.099167
0 0.118125 0.506250 0.088750 0.070833
0 0.935312 0.579583 0.084375 0.069167
0 0.641250 0.801250 0.067500 0.095833
0 0.072188 0.373333 0.091875 0.063333
0 0.227187 0.171250 0.071875 0.095833
0 0.040313 0.955833 0.070625 0.086667
0 0.398750 0.961667 0.077500 0.075000
0 0.286875 0.289583 0.080000 0.099167
