0 0.624062 0.526667 0.078125 0.105000
0 0.432188 0.467917 0.074375 0.084167
0 0.422500 0.371667 0.073750 0.100000
0 0.762188 0.581250 0.068125 0.094167
0 0.321875 0.263333 0.071250 0.086667
0 0.131562 0.229167 0.065625 0.081667
0 0.742500 0.667500 0.065000 0.085000
0 0.957187 0.355417 0.069375 0.090833
0 0.960625 0.440833 0.066250 0.088333
0 0.922500 0.618750 0.078750 0.092500
0 0.359687 0.576250 0.053125 0.065833
0 0.875625 0.071667 0.068750 0.081667
0 0.440937 0.259583 0.063125 0.092500
0 0.514375 0.372917 0.060000 0.079167
0 0.081562 0.733333 0.085625 0.103333
0 0.142813 0.305000 0.069375 0.090000
1 0.850625 0.180833 0.083750 0.098333
0 0.506563 0.078333 0.064375 0.100000
0 0.335625 0.164583 0.065000 0.089167
0 0.060625 0.643333 0.063750 0.073333
0 0.084375 0.870000 0.061250 0.081667
0 0.696562 0.768750 0.060625 0.090833
1 0.902500 0.906250 0.086250 0.112500
0 0.752188 0.414583 0.066875 0.085833
0 0.142187 0.092083 0.064375 0.084167
0 0.697500 0.522917 0.065000 0.097500
0 0.535000 0.656250 0.075000 0.100833
0 0.214375 0.367917 0.076250 0.107500
0 0.500938 0.447083 0.069375 0.097500
0 0.287500 0.381250 0.066250 0.090833
0 0.262813 0.737500 0.079375 0.096667
0 0.438437 0.620000 0.074375 0.095000
0 0.394062 0.822500 0.076875 0.101667
0 0.748437 0.900000 0.071875 0.096667
0 0.722812 0.851250 0.073125 0.094167
0 0.777813 0.179583 0.065625 0.080833
0 0.344375 0.495417 0.072500 0.094167
0 0.690312 0.497500 0.065625 0.088333
0 0.245625 0.652083 0.073750 0.084167
0 0.500000 0.565000 0.065000 0.088333
0 0.805312 0.509583 0.060625 0.074167
0 0.162500 0.520000 0.080000 0.103333
0 0.266250 0.093333 0.067500 0.093333
0 0.831562 0.457917 0.069375 0.085833
0 0.260313 0.154583 0.059375 0.080833
0 0.504062 0.238333 0.078125 0.096667
0 0.184062 0.599583 0.068125 0.087500
4 0.193125 0.057917 0.073750 0.104167
0 0.055938 0.500833 0.070625 0.090000
0 0.930937 0.150000 0.073125 0.095000
0 0.664687 0.853333 0.073125 0.101667
0 0.582500 0.407917 0.071250 0.080833
0 0.518750 0.728333 0.070000 0.088333
0 0.337500 0.347083 0.066250 0.084167
0 0.021875 0.795833 0.042500 0.086667
0 0.330000 0.387917 0.081250 0.100833
0 0.967812 0.853750 0.064375 0.092500
0 0.246875 0.578750 0.063750 0.087500
0 0.445312 0.841667 0.058125 0.090000
0 0.388125 0.215000 0.061250 0.080000
0 0.944688 0.226250 0.058125 0.097500
0 0.863750 0.553750 0.070000 0.090833
0 0.886563 0.248333 0.073125 0.086667
1 0.371875 0.096250 0.053750 0.124167
1 0.800625 0.395833 0.077500 0.110000
1 0.464687 0.543750 0.081875 0.079167
0 0.119063 0.055417 0.064375 0.085833
0 0.500000 0.795833 0.066250 0.083333
0 0.427187 0.926250 0.073125 0.094167
0 0.880938 0.507917 0.064375 0.085833
0 0.895000 0.559167 0.071250 0.105000
0 0.911250 0.237083 0.076250 0.089167
0 0.424687 0.088333 0.068125 0.095000
0 0.441250 0.050833 0.063750 0.080000
0 0.395625 0.186250 0.058750 0.084167
0 0.222500 0.437500 0.065000 0.101667
0 0.249688 0.492917 0.085625 0.084167
0 0.123125 0.907917 0.056250 0.087500
0 0.152188 0.902500 0.083125 0.076667
0 0.570000 0.365417 0.057500 0.085833
0 0.183125 0.864167 0.075000 0.078333
0 0.195000 0.523750 0.075000 0.089167
