0 0.825000 0.257917 0.071250 0.099167
0 0.341875 0.192083 0.066250 0.095833
0 0.279687 0.120417 0.066875 0.090833
0 0.866875 0.101250 0.065000 0.095833
0 0.340625 0.887917 0.071250 0.087500
0 0.709063 0.295833 0.076875 0.101667
0 0.315625 0.786250 0.072500 0.095833
0 0.955000 0.507083 0.061250 0.079167
0 0.921562 0.418333 0.075625 0.100000
0 0.731875 0.742083 0.063750 0.085833
0 0.415938 0.692083 0.075625 0.079167
0 0.243750 0.494167 0.056250 0.081667
0 0.126875 0.428750 0.066250 0.075833
0 0.445937 0.249167 0.078125 0.096667
0 0.663750 0.050833 0.061250 0.078333
0 0.655625 0.869167 0.072500 0.076667
0 0.130000 0.332917 0.073750 0.094167
0 0.164062 0.596250 0.079375 0.092500
0 0.368750 0.555000 0.068750 0.081667
0 0.557187 0.106250 0.080625 0.089167
0 0.809688 0.708750 0.081875 0.090833
0 0.566250 0.920417 0.070000 0.084167
0 0.504375 0.784167 0.067500 0.098333
0 0.170937 0.501667 0.071875 0.086667
0 0.424375 0.415000 0.077500 0.101667
0 0.288750 0.657500 0.068750 0.095000
0 0.748437 0.179167 0.084375 0.110000
0 0.573750 0.725417 0.071250 0.092500
0 0.794687 0.850000 0.073125 0.081667
0 0.700000 0.150833 0.063750 0.083333
0 0.210938 0.781667 0.076875 0.100000
0 0.441563 0.142917 0.079375 0.092500
0 0.485625 0.342083 0.077500 0.092500
0 0.753125 0.945417 0.067500 0.107500
0 0.765000 0.552500 0.080000 0.088333
0 0.950937 0.664167 0.060625 0.078333
0 0.910000 0.194583 0.072500 0.112500
0 0.196875 0.683750 0.058750 0.079167
0 0.079687 0.754583 0.075625 0.099167
0 0.248438 0.581250 0.069375 0.082500
0 0.842187 0.787500 0.083125 0.086667
0 0.084375 0.241667 0.080000 0.100000
0 0.196563 0.094583 0.094375 0.105833
0 0.532188 0.691667 0.055625 0.098333
0 0.489063 0.085417 0.079375 0.109167
0 0.918125 0.595000 0.098750 0.078333
0 0.342187 0.629167 0.078125 0.101667
0 0.808125 0.508750 0.076250 0.082500
3 0.458750 0.549583 0.097500 0.112500
5 0.623750 0.586667 0.052500 0.065000
