0 0.570312 0.695417 0.070625 0.089167
0 0.896875 0.832917 0.071250 0.097500
0 0.595625 0.600000 0.076250 0.096667
0 0.470625 0.177083 0.058750 0.095833
0 0.517813 0.259583 0.060625 0.080833
0 0.409687 0.749583 0.069375 0.095833
0 0.935312 0.292917 0.078125 0.095833
0 0.937187 0.542917 0.076875 0.085833
0 0.309063 0.175000 0.051875 0.081667
0 0.415000 0.609583 0.056250 0.074167
0 0.763125 0.592500 0.072500 0.098333
0 0.064062 0.254583 0.063125 0.092500
0 0.235625 0.688333 0.065000 0.076667
0 0.323437 0.091667 0.069375 0.083333
0 0.128438 0.889167 0.070625 0.080000
0 0.478125 0.422500 0.068750 0.101667
0 0.746250 0.818750 0.060000 0.079167
0 0.406562 0.220833 0.055625 0.081667
0 0.381563 0.468333 0.054375 0.080000
0 0.049375 0.733750 0.062500 0.069167
0 0.771875 0.255417 0.058750 0.090833
0 0.828750 0.436250 0.053750 0.072500
0 0.808438 0.850417 0.061875 0.075833
0 0.345313 0.321667 0.068125 0.080000
0 0.196250 0.176250 0.050000 0.069167
0 0.130938 0.212500 0.063125 0.073333
0 0.392188 0.144583 0.064375 0.084167
0 0.503125 0.690417 0.065000 0.082500
1 0.941875 0.447917 0.066250 0.112500
0 0.680625 0.823333 0.073750 0.091667
0 0.261250 0.949583 0.063750 0.094167
0 0.153125 0.628333 0.055000 0.078333
0 0.592187 0.299167 0.063125 0.078333
0 0.195000 0.880000 0.068750 0.083333
0 0.033438 0.871250 0.061875 0.084167
0 0.395313 0.898333 0.061875 0.076667
3 0.732500 0.324167 0.088750 0.105000
0 0.643437 0.319167 0.069375 0.083333
0 0.304375 0.518333 0.066250 0.081667
0 0.522500 0.831250 0.062500 0.074167
0 0.353125 0.572917 0.062500 0.094167
0 0.818438 0.058333 0.070625 0.085000
0 0.580313 0.874583 0.064375 0.082500
0 0.813750 0.297917 0.065000 0.087500
0 0.747812 0.923333 0.054375 0.078333
0 0.845625 0.216250 0.072500 0.102500
0 0.083750 0.604167 0.053750 0.076667
0 0.236563 0.352083 0.050625 0.069167
1 0.207813 0.592500 0.075625 0.101667
0 0.702500 0.381250 0.052500 0.082500
1 0.070312 0.440000 0.074375 0.108333
0 0.316250 0.926667 0.052500 0.065000
0 0.698125 0.616667 0.056250 0.078333
0 0.105625 0.535000 0.060000 0.066667
0 0.434063 0.496250 0.063125 0.089167
0 0.258125 0.552500 0.058750 0.070000
0 0.494688 0.923333 0.061875 0.096667
0 0.683125 0.050000 0.060000 0.076667
0 0.597500 0.519167 0.066250 0.066667
0 0.430000 0.118333 0.052500 0.081667
0 0.118125 0.782083 0.053750 0.065833
0 0.927188 0.751250 0.064375 0.084167
0 0.460313 0.880833 0.059375 0.083333
0 0.246250 0.168750 0.061250 0.079167
0 0.869375 0.751667 0.055000 0.076667
0 0.258750 0.268750 0.068750 0.072500
0 0.099375 0.103333 0.058750 0.095000
0 0.415938 0.837500 0.055625 0.073333
0 0.768437 0.070417 0.060625 0.085833
0 0.410938 0.416250 0.068125 0.084167
0 0.881875 0.593750 0.067500 0.054167
0 0.201563 0.791250 0.054375 0.075833
0 0.935312 0.691667 0.059375 0.080000
0 0.065625 0.671667 0.053750 0.065000
0 0.644687 0.884583 0.056875 0.079167
0 0.391250 0.124583 0.063750 0.094167
0 0.186250 0.279583 0.052500 0.107500
0 0.627500 0.407917 0.058750 0.077500
0 0.033438 0.799583 0.059375 0.070833
0 0.120625 0.425833 0.053750 0.070000
0 0.248438 0.477500 0.048125 0.063333
0 0.362500 0.636250 0.052500 0.067500
0 0.551875 0.943333 0.050000 0.073333
0 0.660000 0.939167 0.048750 0.056667
0 0.877812 0.470833 0.045625 0.141667
0 0.971562 0.088750 0.056875 0.079167
0 0.810937 0.149583 0.063125 0.090833
0 0.685937 0.455417 0.081875 0.054167
0 0.720938 0.088750 0.058125 0.080833
0 0.723750 0.147083 0.063750 0.064167
0 0.808750 0.528750 0.052500 0.125833
0 0.649062 0.627917 0.040625 0.080833
0 0.326562 0.454167 0.056875 0.076667
0 0.342187 0.397500 0.058125 0.068333
0 0.796250 0.734583 0.057500 0.075833
0 0.820312 0.767083 0.046875 0.067500
0 0.834063 0.680000 0.060625 0.070000
0 0.838750 0.560833 0.058750 0.071667
0 0.821875 0.622917 0.052500 0.065833
0 0.466875 0.838750 0.057500 0.085833
0 0.530312 0.896250 0.063125 0.079167
0 0.140625 0.682917 0.050000 0.060833
0 0.042813 0.075000 0.064375 0.071667
0 0.044375 0.132500 0.058750 0.093333
0 0.167813 0.067500 0.059375 0.066667
0 0.125625 0.032917 0.071250 0.065833
0 0.245000 0.104167 0.055000 0.075000
0 0.137813 0.119167 0.051875 0.066667
0 0.189688 0.113750 0.059375 0.077500
0 0.335000 0.948333 0.048750 0.061667
0 0.706875 0.931250 0.053750 0.109167
