0 0.448125 0.647917 0.070000 0.100833
0 0.059375 0.102083 0.062500 0.075833
0 0.435625 0.851250 0.082500 0.104167
0 0.539687 0.910000 0.064375 0.091667
0 0.584375 0.738750 0.070000 0.079167
0 0.369375 0.834167 0.073750 0.100000
0 0.433125 0.380417 0.076250 0.099167
0 0.145625 0.464583 0.078750 0.104167
0 0.616563 0.892917 0.080625 0.104167
0 0.758750 0.315833 0.077500 0.108333
0 0.488750 0.293750 0.075000 0.095833
0 0.686562 0.574167 0.074375 0.108333
0 0.541562 0.538750 0.073125 0.095833
0 0.894375 0.785833 0.076250 0.101667
0 0.715000 0.810833 0.078750 0.100000
0 0.551562 0.411667 0.066875 0.093333
0 0.574375 0.619583 0.073750 0.095833
0 0.043437 0.889167 0.073125 0.101667
0 0.336250 0.745417 0.071250 0.092500
0 0.755938 0.416250 0.081875 0.104167
0 0.240000 0.270000 0.070000 0.090000
0 0.223125 0.139583 0.068750 0.102500
0 0.490625 0.914167 0.065000 0.076667
0 0.124375 0.375417 0.077500 0.099167
0 0.210938 0.567917 0.080625 0.105833
0 0.642188 0.108750 0.079375 0.100833
0 0.593437 0.801667 0.071875 0.101667
1 0.213438 0.648750 0.100625 0.077500
1 0.905000 0.503333 0.083750 0.120000
0 0.276250 0.203750 0.072500 0.099167
0 0.677500 0.477917 0.077500 0.102500
0 0.335000 0.090417 0.075000 0.090833
0 0.395625 0.752917 0.058750 0.077500
0 0.494688 0.467083 0.075625 0.104167
0 0.565000 0.677083 0.070000 0.084167
1 0.610313 0.503333 0.090625 0.108333
1 0.467500 0.540000 0.098750 0.110000
1 0.502812 0.677083 0.079375 0.074167
5 0.057500 0.372917 0.063750 0.110833
1 0.162188 0.203750 0.086875 0.132500
1 0.454688 0.079583 0.090625 0.105833
0 0.177187 0.301250 0.070625 0.095833
0 0.293125 0.671667 0.065000 0.085000
0 0.367500 0.199167 0.066250 0.088333
0 0.412813 0.201250 0.071875 0.095833
0 0.461562 0.141667 0.068125 0.090000
0 0.740938 0.519167 0.070625 0.071667
0 0.625313 0.555417 0.060625 0.094167
0 0.514062 0.622500 0.056875 0.085000
0 0.718750 0.892500 0.066250 0.088333
0 0.941875 0.844167 0.065000 0.075000
0 0.884687 0.872500 0.066875 0.086667
0 0.295312 0.886667 0.058125 0.088333
0 0.257812 0.167917 0.068125 0.094167
0 0.324375 0.124583 0.073750 0.077500
0 0.510000 0.738333 0.053750 0.071667
0 0.517188 0.817917 0.068125 0.079167
0 0.482187 0.790000 0.058125 0.100000
0 0.817500 0.573333 0.062500 0.081667
0 0.794687 0.610000 0.061875 0.083333
