0 0.153125 0.768333 0.082500 0.085000
0 0.236875 0.489583 0.076250 0.094167
0 0.696875 0.530833 0.081250 0.115000
0 0.199687 0.585417 0.076875 0.102500
0 0.321875 0.087500 0.085000 0.098333
0 0.350625 0.856667 0.068750 0.090000
0 0.181250 0.857500 0.087500 0.100000
0 0.750000 0.890417 0.082500 0.109167
0 0.512188 0.335833 0.076875 0.111667
0 0.176250 0.689167 0.067500 0.088333
0 0.243438 0.677083 0.073125 0.104167
0 0.271875 0.877917 0.088750 0.099167
0 0.824375 0.715833 0.078750 0.100000
0 0.898438 0.602917 0.076875 0.100833
0 0.550000 0.498750 0.067500 0.127500
0 0.373125 0.380417 0.078750 0.110833
0 0.821250 0.487917 0.077500 0.109167
0 0.629062 0.510000 0.068125 0.093333
0 0.477187 0.602917 0.078125 0.100833
0 0.668750 0.891667 0.080000 0.101667
0 0.037812 0.257500 0.074375 0.110000
0 0.634375 0.189583 0.070000 0.105833
0 0.458437 0.500000 0.075625 0.101667
0 0.280625 0.540000 0.078750 0.116667
0 0.187812 0.229583 0.066875 0.094167
0 0.299375 0.194167 0.081250 0.108333
0 0.547188 0.169583 0.076875 0.104167
0 0.947500 0.358750 0.090000 0.085833
0 0.410313 0.816250 0.080625 0.100833
0 0.487187 0.699167 0.073125 0.095000
0 0.585625 0.809167 0.072500 0.113333
0 0.220000 0.142500 0.088750 0.096667
0 0.255937 0.238750 0.080625 0.100833
0 0.719688 0.700000 0.074375 0.098333
0 0.939688 0.236667 0.081875 0.101667
0 0.385313 0.470000 0.078125 0.101667
0 0.305000 0.668333 0.068750 0.125000
0 0.781563 0.640000 0.073125 0.118333
0 0.690625 0.151250 0.063750 0.100833
0 0.800312 0.283333 0.059375 0.116667
0 0.098750 0.325833 0.080000 0.115000
0 0.536250 0.735833 0.093750 0.078333
0 0.762813 0.208750 0.071875 0.135833
1 0.370312 0.549583 0.111875 0.127500
0 0.385937 0.281667 0.095625 0.090000
0 0.469687 0.423333 0.099375 0.093333
0 0.415000 0.637083 0.077500 0.099167
0 0.627812 0.759583 0.063125 0.120833
0 0.135625 0.457500 0.068750 0.088333
0 0.541562 0.795417 0.076875 0.092500
0 0.236250 0.380417 0.076250 0.117500
0 0.732187 0.604167 0.093125 0.120000
0 0.255625 0.320833 0.101250 0.078333
0 0.370000 0.686667 0.071250 0.141667
0 0.870313 0.149583 0.100625 0.089167
0 0.153750 0.384583 0.087500 0.084167
0 0.190938 0.448333 0.061875 0.125000
1 0.691250 0.777083 0.112500 0.160833
0 0.320312 0.957917 0.088125 0.082500
