0 0.858125 0.252917 0.060000 0.084167
0 0.869687 0.137083 0.059375 0.089167
0 0.898750 0.695417 0.066250 0.100833
0 0.723437 0.348333 0.063125 0.086667
0 0.441250 0.453333 0.068750 0.081667
0 0.184688 0.853750 0.075625 0.085833
0 0.366875 0.480417 0.063750 0.082500
0 0.142813 0.587917 0.074375 0.097500
0 0.322813 0.841667 0.071875 0.090000
0 0.950000 0.612500 0.071250 0.093333
0 0.277500 0.497083 0.063750 0.097500
0 0.365938 0.288750 0.071875 0.104167
0 0.484063 0.100833 0.071875 0.086667
0 0.736563 0.670000 0.064375 0.080000
0 0.111250 0.405833 0.067500 0.098333
0 0.571875 0.365000 0.065000 0.093333
0 0.503437 0.684167 0.061875 0.078333
0 0.117188 0.137917 0.066875 0.095833
0 0.538750 0.608333 0.061250 0.085000
0 0.785000 0.298750 0.066250 0.089167
0 0.925312 0.214583 0.060625 0.094167
0 0.376875 0.744167 0.063750 0.088333
0 0.059062 0.314167 0.060625 0.090000
0 0.285625 0.312083 0.073750 0.100833
0 0.815312 0.592083 0.073125 0.074167
0 0.342813 0.388750 0.071875 0.090833
0 0.748125 0.509583 0.070000 0.100833
0 0.279375 0.393750 0.067500 0.082500
0 0.044375 0.070000 0.070000 0.098333
0 0.399375 0.201667 0.058750 0.073333
0 0.618750 0.809167 0.071250 0.098333
0 0.497812 0.788333 0.064375 0.070000
0 0.812187 0.676667 0.070625 0.085000
0 0.702187 0.073333 0.060625 0.078333
0 0.633437 0.067500 0.070625 0.095000
0 0.651875 0.372083 0.070000 0.102500
0 0.512188 0.417917 0.069375 0.089167
0 0.411250 0.108750 0.062500 0.090833
0 0.441250 0.359583 0.065000 0.094167
0 0.140313 0.492500 0.064375 0.085000
0 0.237187 0.605417 0.065625 0.089167
0 0.208437 0.516667 0.068125 0.088333
0 0.625625 0.912917 0.071250 0.085833
0 0.425938 0.540833 0.065625 0.083333
0 0.851562 0.448750 0.074375 0.095833
0 0.940937 0.118333 0.069375 0.085000
0 0.467187 0.603750 0.070625 0.084167
0 0.139687 0.927917 0.063125 0.080833
0 0.582500 0.191250 0.066250 0.089167
0 0.063125 0.582917 0.063750 0.085833
0 0.653125 0.549167 0.070000 0.096667
0 0.229375 0.401667 0.060000 0.091667
0 0.087500 0.880417 0.061250 0.075833
0 0.478125 0.907083 0.052500 0.090833
0 0.829688 0.379583 0.071875 0.097500
0 0.379375 0.615000 0.062500 0.091667
0 0.870313 0.802500 0.063125 0.081667
0 0.069062 0.682083 0.065625 0.082500
0 0.340000 0.938750 0.068750 0.080833
0 0.565312 0.074167 0.063125 0.101667
0 0.742812 0.253750 0.063125 0.079167
0 0.560625 0.847083 0.062500 0.095833
0 0.349062 0.116250 0.066875 0.100833
0 0.839688 0.762500 0.073125 0.091667
0 0.045312 0.806250 0.058125 0.077500
0 0.405000 0.895417 0.066250 0.090833
0 0.544063 0.266667 0.070625 0.081667
0 0.416875 0.651250 0.061250 0.097500
0 0.325937 0.690833 0.061875 0.081667
0 0.046875 0.212083 0.051250 0.085833
0 0.677813 0.880417 0.064375 0.094167
0 0.936250 0.915417 0.076250 0.084167
0 0.191875 0.751667 0.070000 0.081667
0 0.107188 0.248333 0.060625 0.083333
0 0.691875 0.781250 0.061250 0.077500
0 0.946562 0.335417 0.061875 0.084167
0 0.236250 0.097917 0.065000 0.077500
0 0.173125 0.289167 0.070000 0.085000
0 0.591250 0.722917 0.055000 0.085833
0 0.947187 0.472500 0.069375 0.101667
0 0.604688 0.450000 0.066875 0.086667
0 0.839688 0.043750 0.071875 0.087500
0 0.741563 0.936250 0.073125 0.099167
0 0.822812 0.903750 0.071875 0.082500
0 0.038437 0.422083 0.064375 0.094167
0 0.645938 0.314167 0.075625 0.091667
0 0.950000 0.778333 0.072500 0.078333
0 0.651875 0.204167 0.071250 0.098333
0 0.265000 0.887917 0.063750 0.087500
0 0.187812 0.170833 0.060625 0.100000
0 0.286875 0.672917 0.077500 0.087500
0 0.144063 0.840000 0.068125 0.091667
0 0.237187 0.918750 0.070625 0.082500
0 0.327500 0.196250 0.067500 0.080833
0 0.429375 0.949583 0.065000 0.095833
0 0.170313 0.040000 0.074375 0.080000
0 0.572812 0.135417 0.060625 0.089167
0 0.920312 0.302917 0.076875 0.084167
0 0.492812 0.187500 0.060625 0.066667
0 0.851875 0.921250 0.070000 0.100833
0 0.478125 0.271250 0.053750 0.087500
0 0.964375 0.829583 0.070000 0.080833
0 0.966250 0.509167 0.063750 0.085000
0 0.278438 0.233333 0.056875 0.078333
1 0.572187 0.769583 0.053125 0.069167
1 0.204687 0.224583 0.056875 0.085833
1 0.505625 0.231250 0.060000 0.080833
0 0.052500 0.162083 0.060000 0.075833
0 0.127812 0.275417 0.050625 0.089167
0 0.177813 0.711250 0.058125 0.070833
0 0.025625 0.722917 0.048750 0.094167
0 0.069375 0.780833 0.050000 0.098333
0 0.501250 0.909583 0.051250 0.085833
0 0.686562 0.742083 0.055625 0.059167
0 0.587187 0.489167 0.065625 0.080000
0 0.525000 0.705000 0.058750 0.068333
0 0.495000 0.823750 0.075000 0.065833
0 0.828438 0.864583 0.068125 0.075833
0 0.253750 0.133333 0.058750 0.091667
0 0.717187 0.100000 0.063125 0.075000
0 0.651250 0.160000 0.060000 0.068333
0 0.240000 0.237083 0.053750 0.100833
0 0.928125 0.357083 0.061250 0.092500
0 0.292187 0.042083 0.054375 0.082500
0 0.443750 0.263750 0.047500 0.074167
