0 0.119375 0.605000 0.062500 0.096667
0 0.461250 0.851667 0.063750 0.083333
0 0.760312 0.744583 0.065625 0.095833
0 0.820625 0.927917 0.068750 0.102500
0 0.199375 0.445000 0.073750 0.090000
0 0.575625 0.655417 0.073750 0.095833
3 0.133750 0.776667 0.080000 0.086667
0 0.745625 0.366250 0.065000 0.070833
0 0.110000 0.147083 0.073750 0.085833
0 0.048438 0.600417 0.070625 0.092500
0 0.947500 0.792083 0.067500 0.090833
0 0.562813 0.570000 0.071875 0.081667
0 0.482812 0.441667 0.059375 0.083333
0 0.358438 0.141667 0.060625 0.078333
0 0.168750 0.271250 0.062500 0.074167
0 0.906563 0.728750 0.053125 0.069167
0 0.184062 0.605000 0.076875 0.098333
0 0.218750 0.075000 0.062500 0.078333
0 0.638125 0.689583 0.060000 0.087500
0 0.179375 0.368333 0.063750 0.071667
0 0.508125 0.619583 0.070000 0.082500
0 0.775312 0.560417 0.064375 0.077500
0 0.455937 0.574167 0.071875 0.080000
0 0.326875 0.622500 0.072500 0.085000
0 0.122188 0.400000 0.069375 0.095000
0 0.238437 0.907500 0.055625 0.081667
0 0.832187 0.535417 0.055625 0.074167
0 0.684375 0.825833 0.058750 0.075000
0 0.550937 0.878750 0.074375 0.097500
0 0.049063 0.880833 0.065625 0.085000
0 0.204687 0.789167 0.060625 0.083333
1 0.346562 0.067083 0.080625 0.087500
0 0.900312 0.117500 0.078125 0.081667
0 0.574063 0.440417 0.053125 0.072500
1 0.540312 0.256667 0.083125 0.110000
0 0.536875 0.832917 0.066250 0.075833
0 0.517500 0.366667 0.046250 0.060000
0 0.594375 0.335000 0.061250 0.073333
0 0.393750 0.715417 0.060000 0.077500
0 0.678750 0.495833 0.047500 0.081667
1 0.043437 0.167917 0.063125 0.090833
0 0.815625 0.390833 0.060000 0.073333
0 0.814375 0.772917 0.056250 0.075833
0 0.322188 0.732917 0.064375 0.082500
0 0.226562 0.252917 0.059375 0.072500
0 0.610313 0.925000 0.051875 0.075000
0 0.421563 0.892500 0.075625 0.098333
0 0.225000 0.547917 0.058750 0.072500
0 0.740938 0.159583 0.070625 0.090833
0 0.904062 0.839167 0.061875 0.083333
0 0.261250 0.193750 0.055000 0.062500
0 0.875625 0.502917 0.051250 0.069167
0 0.928750 0.201667 0.061250 0.076667
0 0.692813 0.413333 0.079375 0.086667
0 0.262188 0.814583 0.063125 0.087500
0 0.564375 0.050833 0.063750 0.075000
0 0.053125 0.065417 0.061250 0.072500
0 0.116562 0.314167 0.051875 0.073333
0 0.655625 0.899583 0.068750 0.092500
0 0.171250 0.692917 0.053750 0.072500
1 0.948750 0.587917 0.090000 0.117500
0 0.604375 0.243750 0.060000 0.090833
0 0.856250 0.732500 0.046250 0.086667
0 0.441563 0.527500 0.063125 0.070000
0 0.572500 0.184167 0.053750 0.061667
0 0.662813 0.167500 0.075625 0.098333
0 0.751563 0.240000 0.049375 0.068333
0 0.885625 0.260000 0.052500 0.066667
1 0.752188 0.914167 0.061875 0.101667
0 0.631875 0.810833 0.053750 0.090000
0 0.445625 0.958333 0.055000 0.073333
0 0.797813 0.650417 0.074375 0.077500
0 0.420625 0.455833 0.061250 0.070000
0 0.133750 0.898750 0.061250 0.082500
0 0.653750 0.738750 0.058750 0.079167
0 0.257812 0.410833 0.053125 0.073333
0 0.258750 0.617083 0.061250 0.075833
0 0.315937 0.185833 0.045625 0.070000
1 0.703125 0.185833 0.083750 0.096667
1 0.536250 0.449167 0.061250 0.113333
0 0.695312 0.900000 0.059375 0.073333
0 0.884062 0.403333 0.048125 0.066667
0 0.214062 0.324583 0.056875 0.064167
0 0.181875 0.195417 0.055000 0.065833
0 0.164375 0.106667 0.051250 0.081667
0 0.500000 0.042500 0.067500 0.081667
0 0.056875 0.096667 0.062500 0.071667
0 0.785312 0.188750 0.058125 0.064167
0 0.803125 0.247500 0.051250 0.068333
0 0.812187 0.044167 0.066875 0.073333
0 0.960313 0.151250 0.050625 0.067500
0 0.187812 0.934167 0.046875 0.070000
0 0.276250 0.680000 0.051250 0.068333
0 0.085625 0.823333 0.055000 0.075000
0 0.147500 0.852917 0.062500 0.062500
0 0.209687 0.755417 0.048125 0.075833
0 0.280313 0.547917 0.045625 0.064167
0 0.364687 0.285000 0.060625 0.056667
0 0.757188 0.484167 0.055625 0.070000
0 0.637188 0.290833 0.048125 0.065000
0 0.393750 0.630833 0.056250 0.083333
0 0.362812 0.638333 0.068125 0.105000
0 0.220000 0.680833 0.052500 0.061667
0 0.849375 0.295417 0.063750 0.065833
0 0.718125 0.090417 0.053750 0.064167
0 0.636563 0.084167 0.046875 0.058333
0 0.254063 0.480833 0.049375 0.070000
0 0.677188 0.110417 0.056875 0.080833
0 0.767188 0.311667 0.058125 0.075000
0 0.814375 0.327500 0.053750 0.073333
0 0.500000 0.309583 0.056250 0.067500
0 0.600000 0.127500 0.055000 0.081667
0 0.396875 0.035833 0.053750 0.068333
0 0.872500 0.059167 0.065000 0.070000
