0 0.491250 0.775833 0.060000 0.076667
0 0.281250 0.737500 0.058750 0.076667
0 0.427812 0.331250 0.060625 0.084167
0 0.252812 0.383750 0.066875 0.080833
0 0.534375 0.282500 0.073750 0.101667
0 0.940625 0.367500 0.062500 0.083333
4 0.827187 0.715833 0.083125 0.095000
0 0.186250 0.227500 0.066250 0.085000
0 0.517188 0.707083 0.065625 0.079167
0 0.318437 0.537500 0.071875 0.093333
0 0.787500 0.255417 0.070000 0.085833
0 0.142500 0.508750 0.068750 0.089167
0 0.701875 0.647917 0.062500 0.092500
0 0.329688 0.916250 0.058125 0.094167
0 0.118750 0.593750 0.072500 0.097500
0 0.554688 0.580000 0.066875 0.081667
0 0.145625 0.081667 0.072500 0.100000
4 0.337187 0.690417 0.075625 0.112500
0 0.534062 0.871667 0.076875 0.086667
0 0.913125 0.464167 0.056250 0.086667
0 0.630625 0.856667 0.073750 0.103333
0 0.269688 0.312083 0.063125 0.084167
0 0.885938 0.195000 0.061875 0.080000
0 0.936875 0.106250 0.077500 0.099167
0 0.314375 0.154167 0.057500 0.095000
0 0.803750 0.480417 0.057500 0.077500
0 0.215312 0.104167 0.061875 0.086667
0 0.551562 0.149167 0.069375 0.088333
0 0.574063 0.077500 0.068125 0.093333
0 0.785312 0.550833 0.064375 0.076667
0 0.846562 0.428750 0.064375 0.094167
0 0.860625 0.325833 0.051250 0.108333
0 0.827187 0.622917 0.064375 0.104167
0 0.264688 0.938333 0.068125 0.096667
0 0.736875 0.331667 0.057500 0.078333
4 0.753125 0.410000 0.080000 0.090000
