0 0.235313 0.704583 0.064375 0.085833
0 0.297500 0.612917 0.075000 0.090833
0 0.137500 0.518333 0.078750 0.090000
0 0.930000 0.467917 0.067500 0.095833
0 0.582187 0.897500 0.071875 0.098333
0 0.187188 0.119583 0.079375 0.102500
0 0.662500 0.647500 0.067500 0.101667
0 0.132812 0.733750 0.079375 0.084167
0 0.872500 0.297917 0.070000 0.089167
0 0.530937 0.567083 0.081875 0.082500
0 0.291250 0.376250 0.071250 0.102500
0 0.165000 0.815417 0.076250 0.092500
0 0.364687 0.377917 0.078125 0.094167
0 0.352500 0.901250 0.075000 0.102500
0 0.822500 0.241250 0.070000 0.112500
0 0.839375 0.612917 0.076250 0.109167
0 0.788438 0.163333 0.063125 0.098333
0 0.644687 0.814583 0.064375 0.125833
0 0.558750 0.239167 0.077500 0.108333
0 0.391562 0.642083 0.080625 0.102500
0 0.702187 0.207917 0.103125 0.090833
0 0.686562 0.057083 0.075625 0.084167
0 0.685625 0.157917 0.086250 0.100833
6 0.768125 0.690833 0.113750 0.098333
