0 0.245625 0.670417 0.071250 0.090833
0 0.620000 0.575833 0.066250 0.085000
0 0.640312 0.067083 0.060625 0.077500
0 0.071250 0.727083 0.071250 0.090833
0 0.054375 0.072917 0.065000 0.085833
0 0.668125 0.857500 0.061250 0.093333
0 0.280313 0.852500 0.065625 0.093333
0 0.211875 0.430417 0.072500 0.095833
0 0.406250 0.086667 0.063750 0.075000
0 0.888125 0.615417 0.072500 0.095833
0 0.663750 0.155000 0.072500 0.091667
0 0.665625 0.491250 0.077500 0.100833
0 0.949375 0.800833 0.071250 0.093333
0 0.889062 0.335417 0.068125 0.089167
0 0.796250 0.598333 0.076250 0.098333
0 0.345000 0.496667 0.070000 0.086667
0 0.730625 0.108333 0.072500 0.095000
0 0.507188 0.718750 0.068125 0.090833
0 0.621250 0.267083 0.055000 0.077500
0 0.093125 0.443750 0.065000 0.090833
0 0.490312 0.138333 0.064375 0.093333
0 0.248750 0.297500 0.072500 0.081667
0 0.286250 0.140000 0.066250 0.081667
0 0.355938 0.662500 0.071875 0.088333
0 0.613125 0.192083 0.057500 0.079167
0 0.216875 0.189167 0.073750 0.096667
0 0.050937 0.312500 0.071875 0.086667
0 0.919375 0.915000 0.057500 0.085000
0 0.590938 0.772500 0.068125 0.091667
0 0.511250 0.501667 0.060000 0.073333
0 0.135000 0.641250 0.056250 0.077500
0 0.275625 0.424583 0.065000 0.087500
0 0.464062 0.422083 0.069375 0.082500
0 0.953125 0.660417 0.070000 0.095833
0 0.866250 0.953333 0.066250 0.076667
0 0.575313 0.063333 0.070625 0.101667
0 0.219062 0.551250 0.064375 0.092500
0 0.499063 0.289167 0.065625 0.098333
0 0.131250 0.839167 0.076250 0.095000
0 0.842187 0.531667 0.066875 0.083333
0 0.464062 0.843333 0.079375 0.095000
0 0.115312 0.370833 0.060625 0.085000
0 0.210000 0.613333 0.075000 0.091667
0 0.116562 0.512917 0.065625 0.080833
0 0.160312 0.565833 0.068125 0.085000
0 0.783750 0.792917 0.070000 0.079167
0 0.555312 0.204167 0.059375 0.095000
0 0.289062 0.545833 0.070625 0.083333
0 0.864688 0.239167 0.066875 0.088333
0 0.512188 0.890417 0.066875 0.089167
0 0.873125 0.489167 0.065000 0.093333
0 0.443750 0.802500 0.065000 0.086667
0 0.923750 0.519167 0.063750 0.088333
0 0.534062 0.462917 0.073125 0.089167
0 0.341562 0.605000 0.074375 0.071667
0 0.842500 0.742917 0.060000 0.084167
0 0.857500 0.100833 0.072500 0.125000
0 0.828125 0.309167 0.072500 0.071667
0 0.460625 0.677917 0.082500 0.089167
0 0.537813 0.867083 0.065625 0.080833
0 0.289062 0.067083 0.065625 0.069167
0 0.175937 0.818750 0.064375 0.084167
0 0.524687 0.109583 0.064375 0.095833
0 0.540937 0.959167 0.063125 0.076667
0 0.435625 0.748750 0.061250 0.077500
0 0.217500 0.859167 0.052500 0.083333
0 0.554688 0.155000 0.069375 0.083333
0 0.846875 0.278750 0.073750 0.089167
0 0.482812 0.298333 0.070625 0.110000
