0 0.103438 0.889167 0.066875 0.093333
0 0.815000 0.414167 0.062500 0.085000
0 0.475625 0.338333 0.065000 0.105000
0 0.275000 0.312500 0.067500 0.086667
0 0.209375 0.930833 0.060000 0.086667
0 0.685625 0.385833 0.048750 0.085000
0 0.640625 0.780833 0.068750 0.085000
0 0.937813 0.517500 0.061875 0.085000
0 0.800937 0.647083 0.069375 0.104167
0 0.665625 0.161250 0.070000 0.082500
0 0.364687 0.595000 0.069375 0.093333
0 0.086563 0.804583 0.061875 0.090833
0 0.460313 0.780417 0.060625 0.097500
0 0.830937 0.147083 0.055625 0.089167
0 0.250937 0.378333 0.058125 0.105000
0 0.270000 0.689167 0.062500 0.085000
0 0.615000 0.853333 0.068750 0.090000
0 0.100312 0.242917 0.065625 0.084167
0 0.387500 0.912083 0.071250 0.070833
0 0.651250 0.319167 0.060000 0.096667
0 0.145625 0.557917 0.057500 0.095833
0 0.328437 0.050833 0.060625 0.091667
0 0.180938 0.120417 0.071875 0.099167
0 0.829375 0.815000 0.060000 0.073333
0 0.757500 0.340833 0.066250 0.091667
0 0.358438 0.522083 0.063125 0.105833
0 0.740000 0.422500 0.066250 0.073333
0 0.318750 0.439583 0.060000 0.087500
0 0.450000 0.873333 0.062500 0.078333
0 0.345625 0.331667 0.066250 0.071667
0 0.869375 0.323333 0.061250 0.103333
0 0.470938 0.477917 0.066875 0.095833
0 0.762500 0.495000 0.081250 0.085000
0 0.880000 0.462083 0.072500 0.109167
0 0.066250 0.647500 0.068750 0.108333
0 0.511250 0.534583 0.067500 0.099167
0 0.736563 0.676250 0.061875 0.080833
0 0.621875 0.428333 0.087500 0.103333
0 0.738437 0.762917 0.076875 0.072500
0 0.207500 0.572917 0.067500 0.092500
0 0.697187 0.741250 0.073125 0.087500
0 0.157188 0.281667 0.074375 0.083333
0 0.240625 0.840417 0.061250 0.077500
0 0.797813 0.281250 0.068125 0.095833
0 0.480312 0.147083 0.075625 0.085833
0 0.224375 0.061250 0.065000 0.079167
0 0.110000 0.722500 0.051250 0.101667
0 0.585313 0.517917 0.066875 0.075833
0 0.503437 0.435000 0.061875 0.081667
0 0.649062 0.223333 0.063125 0.096667
0 0.714688 0.096250 0.058125 0.082500
0 0.400938 0.675417 0.068125 0.074167
0 0.813438 0.730833 0.068125 0.085000
0 0.068750 0.077083 0.060000 0.092500
0 0.676562 0.918750 0.064375 0.072500
0 0.583750 0.107500 0.067500 0.085000
0 0.375937 0.140417 0.065625 0.074167
0 0.594688 0.189583 0.070625 0.079167
0 0.457188 0.591667 0.076875 0.090000
0 0.515000 0.760000 0.061250 0.088333
0 0.034063 0.351250 0.068125 0.095833
0 0.635625 0.487500 0.056250 0.075000
0 0.456250 0.712917 0.063750 0.114167
0 0.893750 0.104583 0.067500 0.130833
0 0.946250 0.207083 0.061250 0.090833
0 0.766250 0.856667 0.070000 0.091667
0 0.191875 0.667917 0.082500 0.084167
0 0.633750 0.673333 0.063750 0.081667
0 0.476875 0.253333 0.056250 0.091667
0 0.285000 0.613750 0.058750 0.074167
0 0.081875 0.533333 0.050000 0.091667
0 0.810937 0.929167 0.078125 0.086667
0 0.147187 0.655417 0.074375 0.102500
0 0.725938 0.274583 0.063125 0.105833
0 0.541875 0.215833 0.071250 0.083333
0 0.750938 0.560000 0.078125 0.103333
0 0.581250 0.954583 0.071250 0.089167
0 0.835000 0.528333 0.061250 0.078333
0 0.491875 0.059583 0.063750 0.080833
0 0.540000 0.865417 0.066250 0.084167
0 0.327813 0.771250 0.069375 0.082500
0 0.396875 0.392500 0.061250 0.088333
0 0.202187 0.203333 0.055625 0.080000
0 0.890938 0.874583 0.068125 0.070833
0 0.548750 0.480417 0.077500 0.079167
0 0.733750 0.206667 0.052500 0.108333
0 0.865938 0.616250 0.063125 0.092500
0 0.682187 0.527917 0.064375 0.079167
0 0.121563 0.455833 0.073125 0.105000
0 0.140625 0.201667 0.060000 0.110000
0 0.415000 0.244167 0.070000 0.110000
0 0.940312 0.314167 0.065625 0.080000
0 0.260625 0.138333 0.061250 0.081667
0 0.368437 0.231250 0.061875 0.094167
0 0.544375 0.358333 0.065000 0.080000
0 0.955625 0.080000 0.078750 0.086667
0 0.201875 0.435417 0.061250 0.104167
0 0.585625 0.261667 0.051250 0.090000
0 0.525937 0.613333 0.076875 0.083333
0 0.177187 0.793333 0.080625 0.086667
0 0.902188 0.208750 0.069375 0.074167
0 0.570625 0.711250 0.063750 0.124167
0 0.427187 0.121667 0.081875 0.091667
0 0.960938 0.834167 0.064375 0.118333
0 0.426250 0.424583 0.073750 0.082500
0 0.721875 0.840000 0.093750 0.091667
0 0.347813 0.671667 0.061875 0.095000
0 0.302187 0.193750 0.061875 0.084167
0 0.430000 0.522083 0.066250 0.084167
0 0.568125 0.617083 0.070000 0.084167
0 0.091563 0.154167 0.064375 0.068333
0 0.313437 0.915833 0.058125 0.086667
0 0.071875 0.465833 0.050000 0.108333
0 0.150000 0.370417 0.045000 0.062500
0 0.054375 0.677500 0.068750 0.078333
0 0.095000 0.419167 0.052500 0.088333
0 0.085000 0.572083 0.052500 0.085833
0 0.177500 0.473333 0.060000 0.078333
0 0.171250 0.260000 0.068750 0.075000
0 0.233750 0.222500 0.050000 0.106667
0 0.145625 0.097083 0.060000 0.105833
0 0.129375 0.041667 0.061250 0.083333
0 0.083437 0.105417 0.061875 0.074167
0 0.258437 0.063333 0.065625 0.080000
0 0.285000 0.096250 0.056250 0.070833
0 0.406562 0.064583 0.066875 0.084167
0 0.614062 0.102500 0.063125 0.071667
0 0.819063 0.123750 0.064375 0.095833
0 0.693438 0.038750 0.064375 0.074167
0 0.695000 0.075417 0.052500 0.085833
0 0.897813 0.121250 0.050625 0.097500
0 0.818750 0.257083 0.057500 0.072500
0 0.757188 0.194167 0.063125 0.091667
0 0.945625 0.402500 0.062500 0.081667
0 0.283750 0.505000 0.072500 0.103333
0 0.271562 0.724583 0.051875 0.082500
0 0.252500 0.606667 0.060000 0.085000
0 0.324375 0.414167 0.071250 0.101667
0 0.705937 0.556250 0.063125 0.075833
0 0.866563 0.501250 0.058125 0.072500
0 0.958125 0.627500 0.081250 0.108333
0 0.941562 0.583750 0.054375 0.097500
0 0.724063 0.437083 0.056875 0.074167
0 0.546875 0.281667 0.068750 0.095000
0 0.581562 0.306667 0.065625 0.071667
0 0.565000 0.391250 0.067500 0.082500
0 0.335000 0.243750 0.065000 0.064167
0 0.310000 0.228750 0.062500 0.069167
0 0.247500 0.157083 0.060000 0.070833
0 0.391562 0.346250 0.071875 0.072500
0 0.414375 0.257917 0.062500 0.082500
0 0.431875 0.209583 0.058750 0.090833
0 0.465625 0.217917 0.060000 0.077500
0 0.770625 0.160833 0.058750 0.096667
0 0.966562 0.162500 0.058125 0.081667
0 0.892188 0.172500 0.053125 0.090000
0 0.904062 0.280833 0.074375 0.078333
0 0.930312 0.350417 0.065625 0.075833
0 0.690937 0.362917 0.046875 0.082500
0 0.898750 0.946667 0.051250 0.086667
0 0.710625 0.906250 0.056250 0.087500
0 0.828750 0.886667 0.060000 0.070000
0 0.904375 0.777083 0.068750 0.084167
0 0.698750 0.644583 0.071250 0.100833
0 0.661563 0.661667 0.063125 0.081667
0 0.605625 0.597917 0.066250 0.072500
0 0.435625 0.612500 0.060000 0.078333
0 0.343438 0.731250 0.073125 0.095833
0 0.389062 0.716250 0.053125 0.084167
0 0.463438 0.900833 0.058125 0.076667
0 0.288750 0.907083 0.062500 0.087500
0 0.302812 0.865833 0.059375 0.085000
0 0.385313 0.885000 0.055625 0.078333
0 0.529062 0.820417 0.066875 0.100833
0 0.556562 0.812083 0.058125 0.085833
0 0.846875 0.759167 0.068750 0.081667
0 0.174063 0.850417 0.054375 0.074167
0 0.034063 0.958333 0.063125 0.080000
0 0.175625 0.752500 0.066250 0.080000
0 0.212812 0.770417 0.079375 0.077500
0 0.870938 0.658750 0.066875 0.087500
0 0.888125 0.693750 0.058750 0.072500
0 0.905937 0.723750 0.063125 0.087500
0 0.945625 0.789583 0.071250 0.074167
0 0.416250 0.570417 0.050000 0.077500
