0 0.492500 0.728333 0.067500 0.098333
0 0.475625 0.835000 0.065000 0.085000
0 0.175000 0.297500 0.070000 0.085000
0 0.933438 0.900833 0.059375 0.086667
0 0.096875 0.464167 0.057500 0.085000
0 0.755000 0.384583 0.063750 0.097500
0 0.127812 0.128750 0.064375 0.082500
0 0.214375 0.110000 0.066250 0.088333
0 0.155938 0.425000 0.063125 0.093333
0 0.525937 0.907917 0.065625 0.095833
0 0.537188 0.793333 0.054375 0.081667
0 0.361250 0.760417 0.053750 0.072500
0 0.694063 0.817500 0.076875 0.108333
0 0.049375 0.830417 0.071250 0.104167
0 0.467813 0.589583 0.061875 0.090833
0 0.868437 0.294583 0.069375 0.082500
0 0.820625 0.360000 0.072500 0.093333
0 0.306563 0.197500 0.059375 0.083333
0 0.262500 0.042917 0.050000 0.074167
0 0.688125 0.736250 0.057500 0.084167
0 0.190625 0.685833 0.071250 0.090000
0 0.040938 0.645000 0.070625 0.088333
0 0.421875 0.775833 0.056250 0.085000
0 0.822812 0.443750 0.054375 0.069167
0 0.055313 0.083750 0.064375 0.084167
0 0.689063 0.081250 0.065625 0.085833
0 0.380937 0.252917 0.059375 0.082500
0 0.657813 0.667500 0.058125 0.081667
0 0.128125 0.362083 0.056250 0.090833
0 0.053750 0.913750 0.055000 0.084167
0 0.627812 0.912083 0.071875 0.085833
0 0.116875 0.654583 0.066250 0.089167
0 0.816562 0.146667 0.058125 0.088333
0 0.659375 0.162917 0.070000 0.077500
0 0.451875 0.441667 0.060000 0.071667
0 0.512188 0.199583 0.064375 0.087500
0 0.156250 0.209167 0.065000 0.086667
0 0.574063 0.332500 0.065625 0.078333
0 0.911875 0.659583 0.050000 0.092500
0 0.420312 0.914583 0.066875 0.077500
0 0.205000 0.599167 0.057500 0.065000
0 0.080625 0.205000 0.072500 0.081667
0 0.872500 0.564583 0.057500 0.070833
0 0.326250 0.683333 0.087500 0.076667
0 0.790937 0.615417 0.056875 0.075833
0 0.411250 0.680417 0.062500 0.084167
0 0.055000 0.526667 0.061250 0.085000
0 0.832187 0.202083 0.059375 0.090833
0 0.433437 0.535417 0.070625 0.097500
0 0.461562 0.139583 0.054375 0.084167
0 0.539687 0.590417 0.064375 0.087500
0 0.910000 0.398333 0.057500 0.076667
0 0.434063 0.207083 0.055625 0.087500
0 0.610938 0.303333 0.053125 0.080000
0 0.316250 0.837500 0.070000 0.093333
0 0.225938 0.215417 0.073125 0.082500
0 0.720625 0.638333 0.063750 0.095000
0 0.533750 0.432083 0.065000 0.072500
0 0.371563 0.167917 0.065625 0.087500
0 0.887813 0.173333 0.055625 0.086667
0 0.491875 0.333333 0.058750 0.071667
0 0.437188 0.050833 0.075625 0.090000
0 0.623125 0.738750 0.071250 0.080833
0 0.784062 0.898750 0.063125 0.087500
0 0.240313 0.153750 0.064375 0.084167
0 0.333125 0.369167 0.062500 0.076667
0 0.310937 0.452917 0.063125 0.095833
0 0.325937 0.097083 0.065625 0.084167
0 0.775937 0.299167 0.054375 0.080000
0 0.251250 0.471250 0.056250 0.070833
0 0.217188 0.912083 0.055625 0.070833
0 0.119063 0.819167 0.061875 0.068333
0 0.371563 0.564583 0.068125 0.082500
0 0.270937 0.557500 0.071875 0.085000
0 0.836562 0.844167 0.069375 0.085000
0 0.881563 0.918333 0.074375 0.090000
0 0.593125 0.938750 0.063750 0.077500
0 0.193438 0.517083 0.046875 0.082500
0 0.543125 0.514583 0.060000 0.075833
0 0.264375 0.727917 0.060000 0.072500
0 0.896563 0.121250 0.058125 0.079167
0 0.148438 0.749167 0.063125 0.090000
0 0.422187 0.362083 0.058125 0.072500
0 0.579688 0.590833 0.063125 0.078333
0 0.785000 0.269583 0.050000 0.085833
0 0.636563 0.817500 0.059375 0.071667
0 0.262500 0.341667 0.060000 0.081667
0 0.613125 0.554583 0.060000 0.075833
0 0.630000 0.450417 0.066250 0.082500
0 0.840313 0.708333 0.065625 0.073333
0 0.076250 0.549167 0.072500 0.083333
0 0.085938 0.352083 0.060625 0.090833
0 0.190000 0.840833 0.057500 0.070000
0 0.723437 0.470417 0.061875 0.092500
0 0.956250 0.048333 0.061250 0.076667
0 0.120938 0.282917 0.065625 0.065833
0 0.687813 0.280000 0.073125 0.086667
0 0.591562 0.669583 0.060625 0.099167
0 0.516563 0.067500 0.060625 0.081667
0 0.535312 0.665000 0.069375 0.095000
0 0.772813 0.535833 0.063125 0.083333
0 0.192812 0.210833 0.064375 0.093333
0 0.694063 0.887917 0.054375 0.075833
0 0.605625 0.200833 0.057500 0.075000
0 0.938438 0.812500 0.068125 0.075000
0 0.706875 0.305833 0.060000 0.081667
0 0.041875 0.419583 0.052500 0.100833
0 0.275625 0.942083 0.055000 0.077500
0 0.444375 0.287083 0.062500 0.082500
0 0.689063 0.390833 0.059375 0.095000
0 0.069687 0.760000 0.074375 0.083333
0 0.892188 0.499583 0.055625 0.072500
0 0.845625 0.641667 0.061250 0.111667
0 0.346250 0.588333 0.050000 0.076667
0 0.550937 0.384167 0.063125 0.086667
0 0.311250 0.249167 0.055000 0.073333
0 0.951875 0.451667 0.061250 0.083333
0 0.230937 0.355417 0.066875 0.090833
0 0.497188 0.453333 0.059375 0.091667
0 0.355625 0.912500 0.053750 0.098333
0 0.585000 0.830417 0.068750 0.079167
0 0.395937 0.041250 0.064375 0.082500
1 0.623750 0.081250 0.087500 0.080833
0 0.062812 0.180000 0.074375 0.078333
0 0.140937 0.122917 0.053125 0.074167
0 0.967187 0.230417 0.056875 0.080833
0 0.772813 0.078750 0.059375 0.059167
1 0.610625 0.127500 0.096250 0.080000
1 0.401562 0.848750 0.088125 0.100833
1 0.210938 0.762917 0.073125 0.127500
0 0.275938 0.822083 0.063125 0.077500
0 0.104063 0.548750 0.065625 0.084167
0 0.032188 0.337917 0.055625 0.082500
0 0.097812 0.260417 0.070625 0.085833
0 0.235313 0.241667 0.055625 0.080000
0 0.387813 0.140000 0.064375 0.081667
0 0.346250 0.092500 0.067500 0.078333
0 0.443437 0.166667 0.055625 0.073333
0 0.380000 0.293333 0.060000 0.098333
0 0.297812 0.339167 0.069375 0.083333
0 0.338750 0.407500 0.060000 0.080000
0 0.323750 0.491667 0.052500 0.083333
0 0.763750 0.702917 0.061250 0.095833
0 0.239375 0.435000 0.076250 0.070000
0 0.222188 0.404167 0.061875 0.080000
0 0.173125 0.040000 0.080000 0.080000
0 0.870938 0.087083 0.064375 0.085833
0 0.940625 0.054583 0.052500 0.062500
0 0.812813 0.053333 0.056875 0.076667
0 0.969063 0.364583 0.055625 0.085833
0 0.965938 0.417500 0.063125 0.091667
0 0.892500 0.405833 0.060000 0.071667
0 0.801875 0.448333 0.061250 0.070000
0 0.894687 0.581667 0.064375 0.078333
0 0.932187 0.652083 0.049375 0.074167
0 0.964375 0.805000 0.053750 0.090000
0 0.810625 0.935417 0.061250 0.084167
0 0.471875 0.933750 0.058750 0.072500
0 0.253437 0.917083 0.066875 0.092500
0 0.079375 0.916250 0.063750 0.080833
0 0.101562 0.755833 0.074375 0.068333
0 0.260000 0.682917 0.055000 0.070833
0 0.167187 0.773750 0.059375 0.072500
0 0.167813 0.866667 0.058125 0.086667
0 0.135000 0.881667 0.058750 0.076667
0 0.345000 0.866667 0.058750 0.088333
0 0.179063 0.535417 0.064375 0.075833
0 0.299375 0.537083 0.067500 0.079167
0 0.135625 0.561250 0.068750 0.074167
0 0.291250 0.627500 0.057500 0.075000
0 0.612812 0.426667 0.048125 0.073333
0 0.391875 0.543750 0.058750 0.067500
0 0.432812 0.672500 0.051875 0.065000
0 0.506563 0.515000 0.078125 0.070000
0 0.522500 0.627500 0.050000 0.063333
0 0.636563 0.595833 0.058125 0.080000
0 0.910625 0.187917 0.056250 0.074167
0 0.904375 0.214167 0.057500 0.085000
0 0.502812 0.312083 0.056875 0.072500
0 0.414687 0.394583 0.064375 0.087500
0 0.402813 0.342917 0.059375 0.090833
0 0.914375 0.482500 0.073750 0.093333
0 0.858125 0.620833 0.058750 0.083333
0 0.857187 0.733333 0.056875 0.083333
0 0.837187 0.740000 0.059375 0.066667
0 0.872812 0.828750 0.063125 0.072500
0 0.888437 0.962083 0.051875 0.069167
0 0.905000 0.816250 0.065000 0.065833
0 0.639375 0.555417 0.076250 0.059167
0 0.572812 0.686667 0.063125 0.073333
0 0.590000 0.730417 0.065000 0.085833
0 0.440625 0.762917 0.050000 0.067500
0 0.134063 0.653333 0.054375 0.076667
0 0.679375 0.965833 0.056250 0.065000
0 0.739062 0.615000 0.053125 0.091667
0 0.768437 0.461250 0.074375 0.075833
0 0.650625 0.473333 0.047500 0.070000
0 0.718750 0.577083 0.060000 0.080833
0 0.783750 0.585833 0.052500 0.085000
0 0.726562 0.531250 0.064375 0.084167
0 0.617812 0.827500 0.069375 0.078333
0 0.965625 0.721667 0.066250 0.083333
0 0.302500 0.960000 0.050000 0.065000
0 0.589375 0.190833 0.061250 0.068333
0 0.941250 0.486667 0.048750 0.058333
0 0.728437 0.900000 0.034375 0.086667
0 0.325313 0.611250 0.055625 0.060833
0 0.649375 0.628750 0.056250 0.087500
0 0.561875 0.192083 0.050000 0.072500
0 0.751563 0.182917 0.065625 0.072500
0 0.764062 0.202083 0.056875 0.072500
0 0.780000 0.234583 0.055000 0.075833
0 0.670625 0.221250 0.061250 0.057500
0 0.676875 0.333333 0.060000 0.080000
0 0.525312 0.111250 0.055625 0.074167
0 0.480000 0.257083 0.055000 0.095833
0 0.521250 0.091667 0.057500 0.083333
0 0.276562 0.058750 0.064375 0.075833
0 0.703438 0.433333 0.061875 0.085000
0 0.619375 0.268750 0.050000 0.090833
0 0.691875 0.850417 0.058750 0.067500
0 0.832812 0.223750 0.051875 0.082500
0 0.809063 0.125833 0.055625 0.071667
