0 0.468125 0.567500 0.076250 0.105000
0 0.688438 0.628333 0.083125 0.108333
3 0.306250 0.610000 0.085000 0.118333
0 0.786875 0.392083 0.067500 0.089167
0 0.289062 0.395417 0.063125 0.084167
0 0.373125 0.482083 0.078750 0.090833
0 0.220312 0.204583 0.068125 0.094167
0 0.249062 0.112917 0.070625 0.100833
0 0.708125 0.294167 0.072500 0.105000
0 0.578125 0.869583 0.082500 0.084167
0 0.615000 0.587917 0.071250 0.099167
0 0.173750 0.724583 0.071250 0.100833
0 0.489375 0.458333 0.065000 0.091667
0 0.092813 0.878750 0.074375 0.094167
0 0.925312 0.806667 0.076875 0.103333
3 0.404062 0.205417 0.088125 0.129167
0 0.826875 0.840417 0.082500 0.109167
0 0.443437 0.097500 0.070625 0.096667
0 0.117813 0.386667 0.075625 0.101667
0 0.093125 0.484583 0.076250 0.107500
0 0.784687 0.096250 0.079375 0.112500
0 0.657813 0.080000 0.075625 0.096667
0 0.610625 0.785417 0.081250 0.085833
0 0.910000 0.331250 0.075000 0.109167
0 0.380937 0.389583 0.069375 0.092500
0 0.293125 0.855833 0.077500 0.110000
0 0.351250 0.067917 0.075000 0.092500
0 0.804688 0.664583 0.074375 0.105833
0 0.235937 0.887917 0.073125 0.104167
0 0.946562 0.699583 0.075625 0.112500
0 0.490938 0.761667 0.070625 0.103333
0 0.031875 0.072500 0.061250 0.075000
0 0.545312 0.292083 0.076875 0.102500
0 0.298750 0.700417 0.083750 0.087500
0 0.489687 0.320000 0.070625 0.093333
0 0.575625 0.065833 0.075000 0.093333
0 0.530000 0.183333 0.080000 0.093333
0 0.897188 0.527917 0.065625 0.135833
2 0.587500 0.175833 0.092500 0.135000
0 0.681562 0.208750 0.058125 0.077500
0 0.583125 0.744583 0.072500 0.100833
0 0.872812 0.159167 0.093125 0.088333
0 0.315000 0.809167 0.092500 0.106667
0 0.559688 0.944167 0.096875 0.088333
0 0.898438 0.251250 0.076875 0.114167
0 0.866563 0.057083 0.086875 0.105833
0 0.966875 0.531667 0.063750 0.113333
0 0.155312 0.933333 0.071875 0.113333
5 0.109063 0.245833 0.098125 0.143333
