0 0.760312 0.861250 0.085625 0.089167
0 0.035937 0.580000 0.071875 0.091667
0 0.440625 0.190417 0.081250 0.092500
0 0.087500 0.499167 0.070000 0.096667
0 0.350313 0.715833 0.076875 0.093333
0 0.090625 0.162917 0.071250 0.090833
0 0.770625 0.664167 0.075000 0.100000
0 0.640625 0.080000 0.076250 0.105000
0 0.615938 0.687083 0.075625 0.105833
0 0.799687 0.114583 0.073125 0.092500
0 0.576250 0.378333 0.076250 0.090000
0 0.725938 0.595000 0.074375 0.096667
0 0.479687 0.606250 0.074375 0.109167
0 0.560625 0.549167 0.083750 0.108333
0 0.300938 0.628333 0.085625 0.101667
0 0.662188 0.644167 0.083125 0.093333
0 0.505000 0.363750 0.072500 0.099167
0 0.197813 0.553750 0.076875 0.107500
0 0.432500 0.505417 0.075000 0.094167
0 0.102813 0.323333 0.074375 0.098333
0 0.688750 0.316250 0.083750 0.099167
0 0.449688 0.072917 0.084375 0.102500
0 0.936250 0.171667 0.066250 0.088333
0 0.348438 0.456250 0.079375 0.102500
0 0.237813 0.373750 0.080625 0.104167
0 0.510938 0.135000 0.079375 0.100000
0 0.114062 0.917500 0.080625 0.106667
0 0.855313 0.486250 0.070625 0.109167
0 0.064375 0.204167 0.073750 0.105000
0 0.602187 0.210833 0.066875 0.095000
0 0.895000 0.920000 0.081250 0.090000
0 0.334688 0.187500 0.071875 0.088333
0 0.696875 0.132500 0.067500 0.105000
2 0.196875 0.226667 0.096250 0.113333
0 0.419375 0.932500 0.075000 0.098333
0 0.230000 0.102500 0.088750 0.098333
0 0.736875 0.201667 0.075000 0.100000
0 0.094062 0.058333 0.079375 0.106667
0 0.499688 0.478750 0.070625 0.095833
0 0.673125 0.227917 0.075000 0.090833
0 0.245625 0.924167 0.062500 0.110000
0 0.762500 0.950000 0.080000 0.088333
0 0.920625 0.700417 0.065000 0.105833
0 0.445000 0.659583 0.075000 0.102500
0 0.613437 0.310000 0.063125 0.095000
0 0.818125 0.519583 0.067500 0.110833
0 0.280313 0.916667 0.064375 0.095000
0 0.913750 0.596667 0.075000 0.100000
0 0.292187 0.045000 0.076875 0.075000
0 0.136875 0.458333 0.066250 0.118333
0 0.210625 0.147500 0.080000 0.090000
0 0.204687 0.300833 0.073125 0.088333
1 0.850938 0.694583 0.080625 0.149167
1 0.432812 0.395833 0.088125 0.130000
