0 0.039688 0.653333 0.061875 0.085000
0 0.131250 0.678750 0.072500 0.085833
0 0.906250 0.846667 0.077500 0.086667
0 0.259375 0.242917 0.076250 0.085833
0 0.941250 0.717500 0.071250 0.090000
0 0.369375 0.195000 0.071250 0.103333
0 0.960313 0.248750 0.069375 0.089167
0 0.055625 0.287083 0.066250 0.090833
0 0.428438 0.924167 0.070625 0.076667
0 0.699375 0.580417 0.067500 0.084167
0 0.278750 0.452500 0.077500 0.091667
0 0.457188 0.850833 0.071875 0.081667
0 0.319375 0.563333 0.061250 0.088333
0 0.127812 0.105833 0.069375 0.095000
0 0.194688 0.185833 0.063125 0.078333
0 0.798438 0.427500 0.070625 0.093333
0 0.352500 0.292083 0.067500 0.097500
0 0.416563 0.551250 0.073125 0.112500
0 0.221875 0.880000 0.073750 0.088333
0 0.430937 0.727083 0.071875 0.100833
0 0.198437 0.645417 0.060625 0.072500
1 0.888437 0.345417 0.076875 0.117500
0 0.287813 0.377917 0.071875 0.099167
0 0.246250 0.900000 0.073750 0.095000
0 0.262188 0.175833 0.068125 0.086667
1 0.839688 0.276250 0.088125 0.099167
0 0.080312 0.203333 0.071875 0.093333
0 0.420625 0.234583 0.066250 0.090833
0 0.477187 0.169167 0.069375 0.086667
0 0.260625 0.548750 0.073750 0.092500
0 0.565000 0.235417 0.067500 0.097500
0 0.816562 0.771250 0.078125 0.107500
0 0.663125 0.063333 0.073750 0.086667
0 0.071875 0.169167 0.070000 0.088333
0 0.361250 0.597500 0.072500 0.098333
0 0.208437 0.044167 0.073125 0.085000
0 0.230000 0.798750 0.052500 0.097500
0 0.036250 0.815417 0.071250 0.087500
0 0.383437 0.505833 0.084375 0.095000
1 0.675000 0.845000 0.082500 0.138333
1 0.294063 0.085000 0.101875 0.101667
1 0.225938 0.516250 0.085625 0.119167
1 0.318125 0.726250 0.096250 0.094167
1 0.195937 0.723750 0.063125 0.107500
0 0.255312 0.695000 0.066875 0.078333
0 0.663125 0.715417 0.066250 0.090833
0 0.620938 0.716667 0.063125 0.096667
0 0.634375 0.804167 0.068750 0.100000
0 0.711250 0.771667 0.063750 0.081667
0 0.757188 0.796667 0.051875 0.078333
0 0.845938 0.180000 0.066875 0.093333
0 0.884375 0.195833 0.057500 0.078333
0 0.677188 0.650000 0.054375 0.080000
