1 0.079375 0.448750 0.095000 0.117500
0 0.660937 0.705000 0.070625 0.096667
0 0.583750 0.680833 0.077500 0.098333
0 0.606875 0.582500 0.078750 0.095000
0 0.265625 0.109583 0.076250 0.107500
0 0.500313 0.648333 0.066875 0.093333
0 0.513437 0.737917 0.070625 0.095833
0 0.447500 0.698750 0.080000 0.100833
0 0.772813 0.715417 0.076875 0.102500
0 0.802500 0.481250 0.075000 0.097500
0 0.337500 0.277500 0.073750 0.101667
0 0.911250 0.827083 0.078750 0.105833
0 0.273438 0.774167 0.070625 0.103333
0 0.123125 0.784167 0.075000 0.088333
0 0.893125 0.650000 0.078750 0.101667
1 0.122813 0.227083 0.085625 0.120833
0 0.139375 0.689583 0.076250 0.102500
0 0.341250 0.820833 0.081250 0.110000
0 0.397188 0.863333 0.065625 0.093333
0 0.669687 0.883333 0.069375 0.101667
0 0.751875 0.109167 0.065000 0.081667
0 0.441250 0.490417 0.078750 0.099167
0 0.657188 0.238750 0.056875 0.079167
1 0.869687 0.772083 0.065625 0.114167
0 0.903125 0.504583 0.066250 0.089167
0 0.757500 0.298333 0.076250 0.110000
0 0.056250 0.734583 0.070000 0.089167
0 0.638750 0.804583 0.056250 0.090833
1 0.137813 0.114167 0.061875 0.125000
1 0.260000 0.508333 0.076250 0.131667
1 0.470625 0.282917 0.085000 0.140833
1 0.735938 0.254583 0.103125 0.085833
1 0.755313 0.629583 0.106875 0.114167
1 0.605000 0.841667 0.078750 0.100000
0 0.889062 0.149167 0.064375 0.076667
0 0.790937 0.069583 0.068125 0.079167
0 0.836875 0.098750 0.070000 0.087500
0 0.651563 0.052500 0.089375 0.080000
0 0.826875 0.656667 0.068750 0.101667
0 0.917188 0.730833 0.059375 0.078333
0 0.097500 0.647917 0.061250 0.080833
0 0.100312 0.933333 0.061875 0.076667
0 0.328125 0.717500 0.065000 0.091667
0 0.231875 0.195833 0.065000 0.071667
0 0.189688 0.645417 0.064375 0.070833
0 0.224375 0.679167 0.077500 0.090000
0 0.214688 0.741667 0.060625 0.093333
0 0.376250 0.744167 0.060000 0.076667
0 0.810312 0.385833 0.064375 0.080000
0 0.542813 0.517917 0.066875 0.094167
0 0.043437 0.896667 0.056875 0.075000
0 0.035937 0.801667 0.064375 0.076667
0 0.072188 0.839167 0.061875 0.075000
0 0.515938 0.529583 0.069375 0.092500
