0 0.689375 0.524167 0.075000 0.098333
0 0.684688 0.300000 0.063125 0.078333
0 0.485625 0.260833 0.076250 0.095000
0 0.832812 0.830833 0.074375 0.090000
0 0.849688 0.478750 0.045625 0.064167
0 0.761250 0.783333 0.073750 0.101667
0 0.645000 0.758333 0.080000 0.085000
0 0.666250 0.181667 0.060000 0.095000
0 0.901250 0.276250 0.068750 0.090833
0 0.922188 0.492500 0.070625 0.095000
0 0.344062 0.897083 0.061875 0.109167
0 0.179375 0.193750 0.063750 0.095833
0 0.922500 0.728750 0.072500 0.090833
0 0.266562 0.622083 0.051875 0.064167
0 0.045625 0.222500 0.061250 0.093333
0 0.563438 0.407083 0.061875 0.082500
0 0.552500 0.293333 0.067500 0.100000
0 0.093750 0.448750 0.071250 0.077500
0 0.196875 0.312500 0.067500 0.083333
0 0.354375 0.205000 0.055000 0.073333
0 0.454375 0.160417 0.068750 0.112500
0 0.256875 0.545833 0.073750 0.090000
0 0.641563 0.611667 0.071875 0.080000
0 0.839375 0.330833 0.052500 0.070000
0 0.791250 0.247917 0.071250 0.087500
0 0.227187 0.112500 0.066875 0.075000
0 0.167500 0.735833 0.068750 0.066667
0 0.314375 0.741667 0.061250 0.078333
1 0.563438 0.671250 0.078125 0.112500
0 0.948438 0.165000 0.059375 0.078333
0 0.459062 0.048333 0.063125 0.078333
0 0.075938 0.537083 0.058125 0.084167
0 0.685312 0.914583 0.059375 0.089167
0 0.382812 0.518750 0.069375 0.082500
0 0.381250 0.831667 0.062500 0.071667
0 0.205625 0.435000 0.051250 0.073333
0 0.881250 0.696667 0.077500 0.088333
0 0.507188 0.929167 0.063125 0.080000
0 0.955000 0.331667 0.063750 0.068333
1 0.256250 0.075833 0.072500 0.100000
0 0.491875 0.898750 0.065000 0.084167
1 0.307188 0.116667 0.080625 0.113333
0 0.102813 0.825833 0.064375 0.073333
0 0.441875 0.701250 0.065000 0.079167
0 0.134687 0.134167 0.068125 0.075000
0 0.248750 0.712083 0.056250 0.072500
0 0.640938 0.435833 0.070625 0.076667
0 0.662500 0.684583 0.052500 0.069167
0 0.672813 0.090000 0.050625 0.060000
0 0.587500 0.820417 0.068750 0.082500
0 0.755625 0.500417 0.048750 0.067500
0 0.544375 0.494583 0.058750 0.079167
0 0.410938 0.524167 0.071875 0.066667
0 0.563750 0.917083 0.050000 0.090833
0 0.389375 0.749583 0.068750 0.079167
0 0.785625 0.452917 0.055000 0.067500
0 0.503750 0.575833 0.051250 0.070000
0 0.965313 0.257083 0.066875 0.079167
0 0.594063 0.471250 0.050625 0.064167
0 0.215312 0.349583 0.065625 0.085833
0 0.716250 0.083750 0.061250 0.080833
1 0.755313 0.909583 0.073125 0.130833
0 0.464062 0.363750 0.073125 0.064167
0 0.727187 0.141250 0.055625 0.070833
0 0.625938 0.363750 0.054375 0.079167
0 0.452500 0.207083 0.066250 0.079167
0 0.947500 0.086250 0.053750 0.060833
0 0.303438 0.227917 0.059375 0.074167
0 0.140937 0.423750 0.070625 0.075833
0 0.088750 0.177500 0.048750 0.068333
0 0.490000 0.696250 0.065000 0.077500
0 0.505625 0.487917 0.061250 0.089167
0 0.730313 0.222917 0.051875 0.077500
1 0.905625 0.586250 0.076250 0.095833
0 0.457500 0.508750 0.055000 0.064167
0 0.247812 0.952083 0.059375 0.074167
0 0.533438 0.829583 0.059375 0.074167
0 0.274062 0.448750 0.045625 0.077500
0 0.235625 0.251667 0.052500 0.066667
1 0.813750 0.211250 0.108750 0.135833
0 0.321562 0.487500 0.061875 0.068333
0 0.432812 0.641667 0.056875 0.061667
0 0.935625 0.655000 0.048750 0.073333
0 0.189375 0.800417 0.051250 0.062500
0 0.291563 0.953333 0.056875 0.068333
0 0.971250 0.594167 0.052500 0.080000
0 0.074063 0.685417 0.048125 0.084167
0 0.108438 0.726667 0.063125 0.073333
0 0.113750 0.076250 0.055000 0.077500
0 0.513437 0.059167 0.061875 0.071667
0 0.066875 0.767083 0.053750 0.072500
0 0.039688 0.780417 0.070625 0.094167
1 0.330000 0.419583 0.076250 0.132500
0 0.516875 0.347500 0.052500 0.068333
0 0.936250 0.347500 0.057500 0.071667
0 0.656563 0.449167 0.058125 0.070000
0 0.550312 0.752500 0.046875 0.075000
0 0.128438 0.960417 0.055625 0.075833
0 0.087188 0.950833 0.066875 0.091667
