0 0.618125 0.259167 0.080000 0.103333
0 0.608750 0.381667 0.077500 0.106667
0 0.549687 0.438750 0.073125 0.105833
0 0.419063 0.393750 0.070625 0.094167
0 0.340313 0.394167 0.075625 0.085000
0 0.467187 0.460833 0.070625 0.086667
0 0.455000 0.515833 0.073750 0.083333
0 0.410625 0.610000 0.071250 0.095000
0 0.536250 0.752500 0.073750 0.080000
0 0.556875 0.884583 0.066250 0.092500
0 0.490000 0.882917 0.061250 0.095833
0 0.852500 0.804583 0.080000 0.085833
0 0.753437 0.672500 0.081875 0.093333
0 0.830625 0.620000 0.086250 0.106667
0 0.936875 0.711250 0.078750 0.080833
0 0.962500 0.622500 0.073750 0.098333
0 0.961875 0.514167 0.075000 0.105000
0 0.807187 0.423750 0.066875 0.115833
0 0.710000 0.239167 0.080000 0.093333
0 0.823750 0.172500 0.076250 0.106667
0 0.849063 0.230000 0.064375 0.086667
0 0.914687 0.303750 0.086875 0.099167
0 0.903125 0.402500 0.066250 0.093333
0 0.732187 0.357917 0.081875 0.104167
0 0.774687 0.309167 0.068125 0.100000
0 0.455625 0.132083 0.077500 0.097500
0 0.420312 0.047083 0.070625 0.094167
0 0.624687 0.612083 0.076875 0.094167
0 0.289687 0.717500 0.073125 0.106667
0 0.343438 0.765417 0.068125 0.089167
0 0.378750 0.803750 0.071250 0.097500
0 0.230000 0.844583 0.081250 0.104167
0 0.768437 0.857917 0.071875 0.092500
0 0.691250 0.531667 0.073750 0.083333
0 0.684063 0.607500 0.075625 0.110000
0 0.649375 0.924583 0.062500 0.094167
0 0.698750 0.907500 0.076250 0.106667
0 0.120625 0.887917 0.073750 0.092500
0 0.057188 0.887917 0.071875 0.092500
0 0.037187 0.791250 0.069375 0.094167
0 0.141875 0.635833 0.073750 0.113333
0 0.269062 0.560417 0.071875 0.097500
0 0.064062 0.516667 0.071875 0.081667
0 0.119063 0.474167 0.070625 0.088333
0 0.193125 0.437917 0.077500 0.090833
0 0.048438 0.317917 0.091875 0.092500
0 0.062187 0.270000 0.084375 0.081667
0 0.112500 0.148333 0.076250 0.065000
0 0.049063 0.048333 0.071875 0.081667
0 0.561875 0.072083 0.080000 0.104167
0 0.185938 0.085417 0.108125 0.074167
0 0.182500 0.053333 0.072500 0.088333
0 0.875000 0.954167 0.080000 0.081667
3 0.643437 0.702500 0.090625 0.101667
0 0.240313 0.274583 0.094375 0.065833
0 0.207813 0.337500 0.079375 0.096667
0 0.321250 0.282083 0.080000 0.102500
0 0.249688 0.357917 0.073125 0.087500
0 0.285938 0.324167 0.073125 0.086667
6 0.263750 0.206667 0.115000 0.111667
0 0.199063 0.602917 0.084375 0.104167
0 0.197187 0.635417 0.078125 0.104167
