0 0.185000 0.907917 0.067500 0.087500
0 0.305937 0.100000 0.063125 0.091667
0 0.800937 0.206667 0.075625 0.103333
0 0.369375 0.068333 0.062500 0.081667
0 0.757188 0.375000 0.074375 0.083333
0 0.910312 0.369583 0.066875 0.084167
0 0.202813 0.157917 0.063125 0.082500
0 0.041250 0.426250 0.071250 0.095833
0 0.522500 0.352500 0.065000 0.091667
0 0.755313 0.127500 0.060625 0.083333
0 0.627188 0.333750 0.065625 0.097500
0 0.165313 0.610417 0.068125 0.089167
0 0.249688 0.332500 0.071875 0.090000
0 0.464687 0.874583 0.068125 0.090833
0 0.086875 0.231667 0.075000 0.090000
0 0.127812 0.139167 0.066875 0.095000
0 0.180938 0.522083 0.064375 0.102500
0 0.544375 0.836250 0.081250 0.095833
0 0.387813 0.843333 0.069375 0.088333
0 0.287500 0.636250 0.061250 0.089167
0 0.438437 0.691667 0.066875 0.088333
0 0.792188 0.301667 0.059375 0.086667
0 0.250312 0.486667 0.071875 0.086667
0 0.693125 0.211667 0.066250 0.085000
0 0.893125 0.552500 0.063750 0.083333
0 0.120938 0.536667 0.053125 0.086667
0 0.840938 0.893333 0.063125 0.091667
0 0.243125 0.845417 0.065000 0.074167
0 0.869687 0.202917 0.058125 0.095833
0 0.430000 0.617083 0.061250 0.087500
0 0.059062 0.857500 0.059375 0.083333
0 0.379375 0.172500 0.047500 0.078333
0 0.885625 0.720417 0.070000 0.085833
0 0.822500 0.665833 0.075000 0.093333
0 0.752188 0.595000 0.070625 0.088333
0 0.471562 0.316250 0.061875 0.090833
0 0.873437 0.463750 0.064375 0.087500
0 0.588750 0.298750 0.067500 0.107500
0 0.626875 0.834167 0.060000 0.083333
0 0.691875 0.663333 0.067500 0.076667
0 0.162500 0.352917 0.063750 0.102500
0 0.175000 0.812917 0.078750 0.092500
0 0.644062 0.756667 0.060625 0.108333
0 0.903750 0.826667 0.061250 0.088333
0 0.124375 0.735000 0.055000 0.098333
0 0.834063 0.150417 0.063125 0.092500
0 0.796250 0.534583 0.063750 0.077500
0 0.537813 0.266667 0.075625 0.076667
0 0.363750 0.778750 0.072500 0.084167
0 0.600000 0.127500 0.070000 0.093333
0 0.681250 0.573333 0.056250 0.068333
0 0.196563 0.421667 0.075625 0.078333
0 0.511250 0.163333 0.062500 0.093333
0 0.465938 0.464167 0.073125 0.098333
0 0.909062 0.641667 0.075625 0.085000
0 0.083125 0.323750 0.062500 0.075833
0 0.280625 0.787083 0.076250 0.075833
0 0.433437 0.126250 0.068125 0.067500
0 0.646250 0.238333 0.070000 0.088333
0 0.327813 0.527500 0.070625 0.093333
0 0.791562 0.060833 0.064375 0.110000
0 0.441563 0.911667 0.076875 0.088333
0 0.938750 0.216250 0.058750 0.070833
0 0.369688 0.572500 0.064375 0.090000
0 0.638750 0.497083 0.066250 0.089167
0 0.400000 0.421667 0.073750 0.090000
0 0.772188 0.462917 0.074375 0.090833
0 0.081562 0.630417 0.056875 0.087500
0 0.252500 0.421250 0.082500 0.077500
0 0.737187 0.865000 0.056875 0.083333
0 0.532813 0.939167 0.059375 0.088333
0 0.842812 0.805000 0.068125 0.100000
0 0.725938 0.522917 0.065625 0.099167
0 0.527188 0.507917 0.076875 0.097500
0 0.939063 0.686667 0.063125 0.105000
0 0.551250 0.459167 0.062500 0.076667
0 0.600000 0.067500 0.066250 0.086667
0 0.086563 0.511250 0.079375 0.105833
0 0.226875 0.075833 0.060000 0.080000
0 0.679063 0.820000 0.058125 0.096667
0 0.122188 0.871667 0.058125 0.081667
0 0.592187 0.729167 0.065625 0.098333
0 0.402187 0.698333 0.073125 0.096667
0 0.460000 0.364583 0.055000 0.089167
0 0.313125 0.266250 0.067500 0.099167
0 0.920937 0.285000 0.079375 0.086667
0 0.697187 0.319167 0.071875 0.100000
0 0.428125 0.246667 0.056250 0.093333
0 0.240625 0.245417 0.063750 0.087500
0 0.565000 0.092500 0.073750 0.090000
0 0.900937 0.082500 0.066875 0.066667
0 0.366563 0.436667 0.074375 0.088333
0 0.836562 0.382083 0.071875 0.094167
0 0.698750 0.489167 0.067500 0.090000
0 0.054688 0.068333 0.069375 0.103333
0 0.964688 0.582083 0.069375 0.089167
0 0.037187 0.193333 0.073125 0.098333
0 0.826562 0.505000 0.066875 0.091667
0 0.624687 0.452917 0.063125 0.087500
0 0.755313 0.748333 0.064375 0.085000
0 0.437188 0.781250 0.065625 0.072500
0 0.671562 0.101667 0.065625 0.096667
0 0.446562 0.165417 0.053125 0.084167
0 0.039688 0.111250 0.060625 0.087500
0 0.754375 0.252917 0.063750 0.094167
0 0.450313 0.050833 0.081875 0.091667
0 0.022812 0.327500 0.045625 0.106667
0 0.928438 0.128750 0.060625 0.070833
0 0.193438 0.737083 0.053125 0.075833
0 0.905000 0.942083 0.056250 0.090833
0 0.501875 0.442500 0.057500 0.093333
2 0.246250 0.717083 0.107500 0.135833
0 0.497812 0.653750 0.064375 0.087500
0 0.572187 0.566250 0.059375 0.079167
0 0.089688 0.761667 0.065625 0.065000
0 0.524062 0.695833 0.054375 0.078333
0 0.589375 0.688750 0.070000 0.089167
0 0.338750 0.290417 0.062500 0.104167
0 0.259375 0.190417 0.056250 0.069167
0 0.198750 0.040000 0.068750 0.076667
0 0.355625 0.172500 0.048750 0.081667
0 0.100937 0.370417 0.046875 0.082500
0 0.158750 0.298333 0.071250 0.078333
0 0.110625 0.650417 0.061250 0.070833
0 0.123438 0.822917 0.064375 0.075833
0 0.130938 0.961250 0.053125 0.070833
0 0.731250 0.760000 0.051250 0.091667
0 0.787813 0.755417 0.050625 0.082500
0 0.614375 0.860417 0.071250 0.085833
0 0.959063 0.877917 0.064375 0.075833
0 0.965313 0.733333 0.064375 0.086667
0 0.947812 0.312500 0.058125 0.098333
0 0.859062 0.338333 0.066875 0.096667
0 0.799375 0.818750 0.083750 0.084167
0 0.860625 0.918750 0.058750 0.070833
0 0.676875 0.607917 0.068750 0.087500
0 0.395937 0.269583 0.063125 0.089167
0 0.537813 0.189583 0.064375 0.094167
0 0.460625 0.208750 0.052500 0.085833
0 0.613437 0.217917 0.073125 0.074167
0 0.671875 0.059167 0.061250 0.095000
0 0.886250 0.129583 0.058750 0.087500
0 0.725625 0.296250 0.066250 0.094167
0 0.341562 0.595000 0.056875 0.093333
0 0.174063 0.704167 0.063125 0.078333
0 0.770000 0.865000 0.057500 0.076667
0 0.877188 0.784583 0.076875 0.099167
0 0.732812 0.407083 0.079375 0.085833
0 0.962187 0.139167 0.064375 0.068333
0 0.340938 0.745000 0.053125 0.083333
0 0.363438 0.868333 0.058125 0.083333
0 0.462187 0.773333 0.064375 0.080000
0 0.970625 0.931667 0.056250 0.083333
0 0.796562 0.953750 0.058125 0.085833
0 0.043750 0.959167 0.070000 0.078333
