0 0.469375 0.188750 0.060000 0.084167
0 0.536875 0.439583 0.062500 0.080833
0 0.830313 0.237917 0.063125 0.080833
0 0.300000 0.645833 0.077500 0.096667
0 0.189688 0.921667 0.054375 0.078333
0 0.668750 0.094167 0.055000 0.085000
0 0.454062 0.097917 0.060625 0.077500
0 0.869062 0.710417 0.069375 0.087500
0 0.497812 0.366250 0.075625 0.092500
0 0.142500 0.561667 0.065000 0.078333
0 0.910937 0.892917 0.068125 0.095833
0 0.798125 0.732500 0.061250 0.086667
0 0.352187 0.748750 0.068125 0.090833
0 0.287500 0.449167 0.067500 0.086667
0 0.835313 0.473750 0.076875 0.102500
0 0.159062 0.829583 0.059375 0.080833
0 0.949063 0.324167 0.064375 0.088333
0 0.897500 0.212917 0.071250 0.087500
0 0.114062 0.469167 0.069375 0.088333
0 0.610625 0.831250 0.060000 0.069167
0 0.112187 0.090417 0.073125 0.095833
0 0.602500 0.322083 0.071250 0.094167
0 0.283750 0.332917 0.070000 0.092500
0 0.342500 0.400000 0.066250 0.093333
0 0.124688 0.710000 0.064375 0.088333
0 0.225625 0.378333 0.072500 0.085000
0 0.861563 0.357083 0.065625 0.074167
0 0.733125 0.291250 0.067500 0.084167
0 0.434375 0.825833 0.073750 0.091667
0 0.910312 0.422500 0.066875 0.088333
0 0.153438 0.152917 0.068125 0.082500
0 0.396562 0.137083 0.061875 0.082500
0 0.159062 0.212917 0.065625 0.104167
1 0.850938 0.126667 0.085625 0.113333
0 0.709063 0.886250 0.069375 0.075833
0 0.204063 0.657917 0.066875 0.079167
1 0.699375 0.464583 0.080000 0.117500
0 0.075938 0.738333 0.053125 0.075000
0 0.377188 0.890833 0.065625 0.090000
0 0.040625 0.668333 0.055000 0.071667
0 0.484063 0.522500 0.056875 0.071667
0 0.333125 0.549583 0.063750 0.080833
0 0.659062 0.605833 0.073125 0.070000
0 0.793125 0.307500 0.056250 0.088333
0 0.778750 0.579583 0.066250 0.094167
0 0.382812 0.578333 0.061875 0.073333
0 0.774687 0.934167 0.056875 0.090000
0 0.962187 0.242917 0.056875 0.077500
0 0.683125 0.245000 0.070000 0.085000
0 0.389375 0.645000 0.052500 0.068333
0 0.122813 0.285000 0.079375 0.081667
0 0.074375 0.513333 0.052500 0.065000
0 0.135000 0.392500 0.075000 0.075000
0 0.630625 0.927083 0.077500 0.084167
0 0.164375 0.302917 0.066250 0.064167
0 0.466562 0.658333 0.083125 0.065000
0 0.675000 0.865000 0.065000 0.090000
0 0.772188 0.496250 0.055625 0.079167
0 0.748750 0.553333 0.067500 0.071667
0 0.595625 0.605833 0.053750 0.068333
0 0.670000 0.719583 0.076250 0.062500
