0 0.053125 0.485833 0.080000 0.086667
0 0.144063 0.572083 0.076875 0.104167
0 0.215938 0.661667 0.081875 0.098333
0 0.200000 0.818750 0.077500 0.092500
0 0.149375 0.765417 0.082500 0.102500
0 0.047813 0.811667 0.069375 0.100000
0 0.350313 0.741667 0.071875 0.086667
0 0.383750 0.841250 0.080000 0.097500
0 0.357812 0.906667 0.070625 0.098333
0 0.480938 0.812917 0.084375 0.102500
0 0.496250 0.740833 0.083750 0.093333
0 0.485000 0.666250 0.080000 0.074167
0 0.547500 0.648333 0.080000 0.088333
0 0.612500 0.638333 0.075000 0.076667
0 0.682813 0.672917 0.065625 0.099167
0 0.632812 0.784167 0.064375 0.083333
0 0.725625 0.768750 0.078750 0.105833
0 0.621250 0.887083 0.083750 0.107500
0 0.540937 0.903750 0.074375 0.089167
0 0.486250 0.571250 0.068750 0.115833
0 0.612812 0.532500 0.085625 0.106667
0 0.592500 0.372917 0.070000 0.092500
0 0.526875 0.214583 0.081250 0.095833
0 0.402187 0.240000 0.060625 0.081667
0 0.129062 0.331250 0.069375 0.087500
0 0.175937 0.482083 0.069375 0.094167
0 0.265937 0.463750 0.080625 0.099167
0 0.297812 0.602917 0.078125 0.104167
0 0.319688 0.517500 0.079375 0.105000
0 0.221875 0.372083 0.083750 0.090833
0 0.154375 0.206667 0.073750 0.096667
0 0.232187 0.213750 0.070625 0.090833
0 0.725313 0.443750 0.056875 0.092500
0 0.528750 0.436250 0.080000 0.090833
0 0.465000 0.462083 0.077500 0.092500
0 0.388437 0.452083 0.070625 0.104167
0 0.321875 0.394167 0.078750 0.088333
0 0.443125 0.362083 0.083750 0.112500
0 0.322500 0.134167 0.080000 0.108333
2 0.305625 0.283333 0.100000 0.130000
0 0.686875 0.166250 0.060000 0.069167
0 0.945625 0.608333 0.063750 0.101667
0 0.845938 0.489167 0.094375 0.093333
0 0.863750 0.562917 0.081250 0.095833
0 0.870625 0.801250 0.073750 0.089167
0 0.802188 0.938750 0.071875 0.100833
0 0.742812 0.933333 0.080625 0.095000
0 0.776875 0.348333 0.080000 0.103333
0 0.869062 0.353750 0.076875 0.092500
0 0.088750 0.136667 0.078750 0.103333
0 0.131875 0.100000 0.077500 0.075000
0 0.235000 0.051667 0.076250 0.088333
0 0.531250 0.056250 0.090000 0.094167
0 0.411562 0.105417 0.071875 0.090833
0 0.435000 0.137083 0.076250 0.095833
0 0.902188 0.107500 0.076875 0.105000
0 0.672500 0.325000 0.077500 0.091667
0 0.686875 0.360417 0.076250 0.102500
0 0.874375 0.702500 0.075000 0.095000
0 0.852500 0.673750 0.075000 0.119167
