0 0.579063 0.165000 0.070625 0.101667
0 0.740000 0.220833 0.077500 0.095000
1 0.833438 0.633750 0.099375 0.120833
0 0.507188 0.540833 0.068125 0.100000
0 0.149688 0.682917 0.071875 0.085833
3 0.227813 0.670417 0.078125 0.119167
0 0.210313 0.896667 0.079375 0.103333
0 0.320312 0.121667 0.078125 0.110000
0 0.318437 0.361250 0.073125 0.095833
0 0.885625 0.804167 0.076250 0.103333
0 0.644062 0.302500 0.076875 0.095000
0 0.096875 0.303750 0.065000 0.092500
0 0.663125 0.940000 0.055000 0.090000
0 0.247188 0.572500 0.064375 0.098333
0 0.818125 0.805000 0.068750 0.105000
0 0.616250 0.473333 0.076250 0.108333
0 0.315625 0.650417 0.075000 0.099167
0 0.159375 0.583333 0.085000 0.091667
0 0.293125 0.200000 0.076250 0.088333
0 0.520938 0.905000 0.075625 0.098333
0 0.859375 0.705833 0.078750 0.091667
0 0.668438 0.680417 0.078125 0.119167
0 0.799687 0.424167 0.073125 0.105000
0 0.384375 0.284167 0.061250 0.080000
0 0.466250 0.151667 0.085000 0.105000
0 0.478438 0.340000 0.080625 0.111667
0 0.478750 0.762500 0.066250 0.091667
0 0.192812 0.108333 0.069375 0.101667
0 0.834688 0.157083 0.076875 0.100833
0 0.284062 0.292083 0.079375 0.100833
0 0.097812 0.738333 0.076875 0.101667
0 0.209375 0.802083 0.088750 0.097500
0 0.103438 0.835417 0.081875 0.102500
0 0.889375 0.090417 0.066250 0.094167
0 0.514375 0.271250 0.097500 0.080833
