0 0.762500 0.161250 0.060000 0.080833
0 0.563438 0.644583 0.066875 0.095833
0 0.629687 0.356250 0.058125 0.077500
0 0.500938 0.520000 0.059375 0.085000
0 0.242500 0.141667 0.060000 0.076667
0 0.374688 0.165417 0.063125 0.080833
0 0.150312 0.809583 0.061875 0.084167
0 0.144687 0.069167 0.074375 0.088333
0 0.594375 0.054583 0.061250 0.084167
0 0.476875 0.946250 0.075000 0.097500
0 0.511250 0.088750 0.065000 0.082500
0 0.782500 0.471250 0.070000 0.099167
0 0.386562 0.700833 0.070625 0.091667
0 0.126875 0.515833 0.068750 0.095000
4 0.243125 0.783750 0.081250 0.102500
0 0.920937 0.137917 0.068125 0.097500
0 0.860938 0.324583 0.063125 0.079167
0 0.561250 0.904167 0.057500 0.090000
0 0.447813 0.331250 0.056875 0.092500
0 0.325000 0.453333 0.075000 0.095000
0 0.899375 0.570000 0.073750 0.081667
0 0.297812 0.535417 0.073125 0.089167
0 0.090000 0.934167 0.068750 0.081667
0 0.759375 0.612917 0.061250 0.094167
6 0.482500 0.823750 0.075000 0.110833
0 0.249062 0.464167 0.068125 0.086667
0 0.463750 0.154167 0.071250 0.088333
0 0.625313 0.744167 0.078125 0.095000
0 0.796562 0.248333 0.063125 0.080000
0 0.323750 0.887500 0.077500 0.103333
0 0.263750 0.625833 0.062500 0.085000
0 0.405313 0.492083 0.063125 0.087500
0 0.245938 0.211667 0.071875 0.085000
0 0.846875 0.171250 0.057500 0.074167
0 0.045000 0.165417 0.060000 0.080833
0 0.495625 0.302083 0.068750 0.092500
0 0.625938 0.228333 0.076875 0.093333
0 0.277813 0.357917 0.066875 0.090833
0 0.065000 0.487500 0.060000 0.091667
0 0.224062 0.299167 0.058125 0.083333
0 0.907188 0.159583 0.064375 0.080833
0 0.222188 0.692083 0.073125 0.069167
0 0.097187 0.439167 0.060625 0.081667
0 0.111875 0.658333 0.062500 0.078333
0 0.888125 0.652083 0.053750 0.072500
0 0.820937 0.566250 0.059375 0.087500
0 0.939375 0.455833 0.072500 0.090000
0 0.202813 0.373750 0.063125 0.085833
0 0.925625 0.242917 0.066250 0.085833
0 0.155000 0.381667 0.058750 0.093333
0 0.097500 0.356250 0.071250 0.092500
0 0.902500 0.445417 0.066250 0.089167
0 0.245312 0.057500 0.086875 0.090000
0 0.518750 0.256667 0.052500 0.070000
0 0.662188 0.857917 0.068125 0.097500
0 0.370312 0.375000 0.066875 0.061667
0 0.739688 0.855000 0.064375 0.093333
0 0.443750 0.453750 0.072500 0.100833
0 0.829688 0.089167 0.070625 0.088333
0 0.069375 0.837083 0.071250 0.072500
0 0.070312 0.770417 0.073125 0.085833
0 0.702812 0.876250 0.065625 0.097500
0 0.608750 0.922500 0.073750 0.085000
0 0.201875 0.639583 0.075000 0.095833
0 0.522813 0.061250 0.068125 0.089167
0 0.893125 0.279583 0.063750 0.087500
0 0.924063 0.337083 0.063125 0.069167
0 0.804063 0.045833 0.051875 0.078333
0 0.097187 0.913750 0.069375 0.079167
0 0.966562 0.692917 0.066875 0.090833
0 0.789062 0.962500 0.068125 0.075000
