0 0.691875 0.803750 0.075000 0.097500
0 0.362812 0.852083 0.074375 0.075833
0 0.100625 0.589167 0.070000 0.093333
0 0.843437 0.874583 0.080625 0.082500
0 0.459375 0.662083 0.072500 0.097500
0 0.787813 0.745833 0.066875 0.090000
0 0.420312 0.385000 0.065625 0.080000
0 0.448750 0.851667 0.080000 0.093333
0 0.559375 0.882083 0.080000 0.092500
0 0.128438 0.066250 0.081875 0.097500
0 0.517500 0.767917 0.067500 0.097500
0 0.669063 0.352500 0.075625 0.083333
0 0.196250 0.498750 0.077500 0.089167
0 0.786875 0.195000 0.071250 0.096667
0 0.808125 0.660000 0.067500 0.078333
0 0.727812 0.704167 0.069375 0.090000
0 0.890625 0.647500 0.075000 0.088333
0 0.132188 0.445417 0.068125 0.117500
0 0.221875 0.777917 0.078750 0.104167
0 0.960000 0.216250 0.062500 0.097500
0 0.956250 0.060833 0.070000 0.095000
0 0.060312 0.098750 0.083125 0.102500
0 0.224375 0.238333 0.088750 0.086667
0 0.301875 0.772500 0.071250 0.080000
0 0.140937 0.307917 0.080625 0.099167
0 0.407500 0.491667 0.078750 0.103333
0 0.909375 0.191667 0.070000 0.103333
0 0.961250 0.866667 0.068750 0.086667
0 0.307812 0.683750 0.073125 0.092500
0 0.462500 0.472083 0.077500 0.090833
0 0.496875 0.550833 0.103750 0.073333
0 0.424375 0.777083 0.076250 0.094167
0 0.214375 0.594583 0.071250 0.092500
0 0.760625 0.470000 0.067500 0.135000
0 0.236563 0.669583 0.084375 0.087500
