2 0.700625 0.667500 0.072500 0.113333
0 0.393125 0.524583 0.078750 0.102500
0 0.342187 0.055417 0.079375 0.097500
0 0.547188 0.390417 0.070625 0.092500
0 0.378125 0.172917 0.077500 0.097500
0 0.779375 0.811667 0.085000 0.103333
0 0.379063 0.788333 0.084375 0.105000
0 0.230625 0.440833 0.075000 0.103333
0 0.580625 0.674583 0.075000 0.099167
0 0.044375 0.261667 0.080000 0.110000
0 0.518125 0.940833 0.073750 0.098333
0 0.910000 0.497500 0.077500 0.103333
0 0.622188 0.633750 0.070625 0.097500
0 0.754062 0.422917 0.071875 0.097500
0 0.190625 0.817917 0.087500 0.114167
0 0.901563 0.650000 0.071875 0.095000
0 0.180625 0.936250 0.076250 0.095833
0 0.345313 0.455417 0.080625 0.107500
0 0.510938 0.294583 0.079375 0.097500
0 0.414062 0.648750 0.073125 0.085833
0 0.385000 0.356250 0.072500 0.092500
0 0.536875 0.586667 0.083750 0.100000
0 0.212188 0.660833 0.079375 0.105000
0 0.522500 0.068750 0.076250 0.104167
0 0.915000 0.953750 0.076250 0.092500
0 0.728750 0.767917 0.066250 0.092500
0 0.556875 0.110833 0.073750 0.111667
0 0.573125 0.787083 0.077500 0.095833
0 0.150312 0.625417 0.071875 0.102500
0 0.286562 0.532917 0.078125 0.092500
0 0.062187 0.761667 0.078125 0.106667
0 0.043750 0.442917 0.068750 0.099167
0 0.924063 0.375000 0.075625 0.106667
0 0.676562 0.145833 0.078125 0.111667
0 0.753437 0.044583 0.065625 0.087500
0 0.115312 0.445417 0.065625 0.080833
0 0.648125 0.827083 0.067500 0.095833
0 0.303750 0.638750 0.077500 0.102500
0 0.372500 0.270000 0.087500 0.090000
0 0.683750 0.520000 0.073750 0.110000
0 0.093438 0.406250 0.058125 0.110833
