0 0.232187 0.680417 0.066875 0.092500
0 0.788750 0.428333 0.071250 0.086667
0 0.278750 0.893333 0.085000 0.106667
0 0.318750 0.497083 0.063750 0.087500
0 0.400000 0.591667 0.077500 0.096667
0 0.282500 0.585417 0.078750 0.104167
0 0.455937 0.847083 0.070625 0.099167
0 0.103438 0.459167 0.071875 0.096667
0 0.092813 0.554167 0.069375 0.086667
0 0.943750 0.227500 0.060000 0.086667
0 0.356875 0.883750 0.081250 0.104167
0 0.635000 0.719583 0.078750 0.109167
0 0.861875 0.150417 0.075000 0.099167
0 0.843750 0.488750 0.078750 0.105833
0 0.215938 0.538333 0.056875 0.076667
0 0.183750 0.815417 0.077500 0.100833
0 0.788750 0.090000 0.073750 0.080000
0 0.079062 0.939167 0.066875 0.083333
0 0.256875 0.810000 0.070000 0.078333
5 0.731250 0.206667 0.067500 0.081667
0 0.685000 0.097500 0.077500 0.091667
0 0.471875 0.558333 0.073750 0.100000
0 0.941875 0.134167 0.078750 0.096667
0 0.571250 0.535833 0.078750 0.098333
0 0.882812 0.193333 0.076875 0.098333
0 0.173125 0.873750 0.075000 0.090833
0 0.736250 0.728750 0.065000 0.094167
0 0.093750 0.817500 0.070000 0.086667
0 0.400938 0.372083 0.066875 0.104167
0 0.822812 0.247500 0.069375 0.090000
0 0.527188 0.592500 0.065625 0.086667
0 0.529062 0.470417 0.071875 0.112500
0 0.203750 0.955833 0.077500 0.085000
0 0.065625 0.347083 0.060000 0.089167
0 0.512188 0.799167 0.069375 0.086667
0 0.836562 0.822500 0.073125 0.093333
0 0.228125 0.230833 0.071250 0.108333
0 0.498750 0.918750 0.056250 0.065833
0 0.838750 0.906250 0.073750 0.094167
1 0.855625 0.331667 0.098750 0.115000
0 0.065937 0.727083 0.083125 0.090833
0 0.433437 0.474583 0.073125 0.104167
0 0.118125 0.338750 0.072500 0.102500
0 0.436563 0.141250 0.070625 0.099167
0 0.781250 0.258750 0.053750 0.080833
1 0.897500 0.389167 0.097500 0.128333
1 0.607187 0.866250 0.080625 0.149167
0 0.539687 0.861250 0.056875 0.087500
0 0.566562 0.907500 0.070625 0.088333
0 0.119063 0.807500 0.070625 0.085000
1 0.466562 0.454167 0.089375 0.118333
1 0.198437 0.270833 0.088125 0.126667
0 0.095625 0.150417 0.075000 0.077500
0 0.150938 0.193750 0.089375 0.095833
0 0.122500 0.280417 0.075000 0.074167
0 0.921250 0.802917 0.072500 0.105833
