0 0.094687 0.520417 0.075625 0.097500
0 0.782813 0.394167 0.059375 0.083333
0 0.370000 0.546250 0.068750 0.084167
0 0.830000 0.179583 0.080000 0.107500
0 0.723437 0.461667 0.071875 0.095000
0 0.564063 0.770000 0.078125 0.096667
0 0.239687 0.515833 0.065625 0.085000
0 0.155000 0.607083 0.075000 0.105833
0 0.206250 0.696667 0.075000 0.101667
0 0.275625 0.689583 0.071250 0.094167
0 0.446875 0.174583 0.077500 0.104167
0 0.820937 0.539583 0.071875 0.110833
0 0.829063 0.277500 0.075625 0.091667
0 0.155312 0.450000 0.066875 0.085000
0 0.519375 0.430417 0.077500 0.102500
0 0.748437 0.100000 0.071875 0.106667
0 0.608437 0.570833 0.076875 0.096667
0 0.903125 0.255417 0.072500 0.099167
0 0.458125 0.681667 0.073750 0.111667
0 0.045937 0.430000 0.078125 0.090000
0 0.584063 0.216250 0.056875 0.084167
0 0.331875 0.631667 0.071250 0.091667
0 0.778125 0.875000 0.076250 0.106667
0 0.279062 0.874167 0.070625 0.103333
0 0.320000 0.064583 0.071250 0.100833
0 0.622500 0.446667 0.057500 0.076667
0 0.492188 0.250000 0.060625 0.076667
0 0.046562 0.584167 0.051875 0.081667
0 0.518750 0.726250 0.056250 0.075833
0 0.512813 0.929583 0.065625 0.095833
0 0.369375 0.154167 0.073750 0.091667
0 0.241563 0.440833 0.073125 0.095000
0 0.290312 0.451250 0.071875 0.094167
0 0.964688 0.401250 0.069375 0.089167
0 0.533750 0.367917 0.076250 0.100833
0 0.635000 0.808750 0.060000 0.079167
1 0.545000 0.604167 0.070000 0.118333
0 0.651563 0.374167 0.071875 0.100000
3 0.084687 0.651250 0.079375 0.104167
0 0.492188 0.340417 0.075625 0.100833
0 0.759687 0.193333 0.074375 0.100000
0 0.338750 0.298333 0.052500 0.083333
0 0.281875 0.591667 0.071250 0.101667
0 0.560625 0.856250 0.067500 0.084167
0 0.374063 0.381250 0.063125 0.092500
0 0.643437 0.094167 0.074375 0.096667
0 0.191562 0.374167 0.068125 0.088333
0 0.225625 0.295417 0.067500 0.095833
0 0.118750 0.376250 0.067500 0.092500
0 0.407500 0.307500 0.062500 0.080000
0 0.591562 0.867083 0.070625 0.097500
0 0.962187 0.510833 0.064375 0.080000
0 0.645312 0.578333 0.071875 0.100000
0 0.682813 0.461667 0.063125 0.078333
0 0.453437 0.484583 0.069375 0.079167
0 0.621875 0.650417 0.058750 0.070833
1 0.856250 0.768333 0.078750 0.096667
1 0.135313 0.791667 0.144375 0.100000
0 0.317500 0.590833 0.060000 0.083333
0 0.439688 0.582917 0.064375 0.082500
0 0.232813 0.390417 0.064375 0.085833
0 0.149375 0.348333 0.057500 0.073333
0 0.476562 0.093750 0.063125 0.094167
0 0.421875 0.262083 0.073750 0.092500
0 0.426875 0.402917 0.060000 0.089167
0 0.326250 0.396667 0.056250 0.083333
0 0.308125 0.362500 0.068750 0.098333
0 0.276250 0.327083 0.073750 0.080833
0 0.333437 0.262917 0.070625 0.084167
0 0.048125 0.764583 0.070000 0.082500
0 0.830625 0.643333 0.057500 0.078333
0 0.572187 0.299167 0.070625 0.086667
0 0.609062 0.321667 0.063125 0.086667
0 0.622500 0.160833 0.057500 0.078333
0 0.659062 0.198333 0.059375 0.076667
0 0.683125 0.122083 0.063750 0.077500
0 0.712812 0.177917 0.064375 0.085833
0 0.658438 0.278333 0.070625 0.096667
0 0.701250 0.710417 0.060000 0.084167
0 0.962812 0.671667 0.064375 0.075000
0 0.904687 0.560833 0.068125 0.083333
0 0.939375 0.328750 0.060000 0.065833
0 0.873750 0.592500 0.065000 0.095000
0 0.899062 0.666667 0.063125 0.081667
0 0.931250 0.607917 0.057500 0.064167
0 0.799063 0.713750 0.065625 0.084167
0 0.727187 0.820833 0.064375 0.095000
0 0.649687 0.719167 0.053125 0.080000
0 0.450937 0.399167 0.049375 0.078333
0 0.377812 0.847500 0.070625 0.101667
0 0.361563 0.942917 0.063125 0.082500
0 0.437188 0.891250 0.064375 0.092500
0 0.403750 0.905000 0.061250 0.101667
0 0.466562 0.855417 0.064375 0.082500
0 0.560937 0.935833 0.068125 0.081667
0 0.582812 0.957500 0.064375 0.078333
0 0.405625 0.550833 0.060000 0.078333
0 0.460625 0.510833 0.055000 0.076667
0 0.490625 0.567083 0.072500 0.085833
