0 0.251250 0.552917 0.072500 0.102500
0 0.222812 0.792500 0.074375 0.093333
0 0.189062 0.740417 0.074375 0.105833
0 0.488438 0.881250 0.079375 0.104167
0 0.898125 0.397500 0.075000 0.108333
0 0.591875 0.768333 0.072500 0.093333
0 0.793125 0.160833 0.080000 0.105000
0 0.187188 0.873333 0.078125 0.096667
0 0.705313 0.381667 0.075625 0.098333
0 0.344375 0.751250 0.076250 0.095833
0 0.127188 0.420000 0.075625 0.098333
0 0.059687 0.146667 0.079375 0.110000
0 0.780000 0.055417 0.087500 0.109167
0 0.608125 0.620417 0.085000 0.097500
0 0.763437 0.707083 0.075625 0.114167
0 0.917813 0.148333 0.080625 0.105000
0 0.350625 0.100000 0.087500 0.096667
0 0.937813 0.262917 0.079375 0.107500
0 0.699063 0.867917 0.089375 0.095833
0 0.787500 0.547917 0.076250 0.097500
0 0.591875 0.213333 0.081250 0.106667
0 0.382500 0.389583 0.077500 0.094167
0 0.560312 0.119583 0.078125 0.102500
0 0.799687 0.445417 0.073125 0.087500
0 0.630000 0.415000 0.081250 0.116667
0 0.247812 0.118333 0.075625 0.100000
0 0.431563 0.230417 0.076875 0.110833
0 0.591875 0.906667 0.073750 0.093333
0 0.804688 0.339583 0.080625 0.114167
0 0.555937 0.674167 0.069375 0.095000
0 0.268125 0.637917 0.080000 0.102500
0 0.933438 0.680417 0.071875 0.110833
0 0.201875 0.295833 0.067500 0.098333
0 0.269375 0.207083 0.087500 0.082500
0 0.060937 0.375833 0.080625 0.106667
0 0.324375 0.627083 0.075000 0.100833
0 0.118438 0.712917 0.068125 0.097500
0 0.827187 0.387083 0.081875 0.082500
0 0.772188 0.579583 0.086875 0.099167
0 0.896250 0.609167 0.082500 0.076667
0 0.523750 0.627083 0.083750 0.112500
0 0.854062 0.927917 0.058125 0.089167
0 0.343125 0.865417 0.081250 0.097500
0 0.291563 0.264583 0.075625 0.102500
0 0.401562 0.836667 0.063125 0.100000
3 0.452813 0.616667 0.099375 0.118333
0 0.465313 0.692917 0.086875 0.109167
0 0.356875 0.900417 0.063750 0.092500
