0 0.610000 0.253333 0.060000 0.085000
0 0.381563 0.591667 0.066875 0.096667
0 0.379688 0.091667 0.076875 0.108333
0 0.390937 0.484167 0.065625 0.086667
0 0.819688 0.710000 0.076875 0.101667
0 0.875313 0.436667 0.066875 0.085000
0 0.536250 0.456667 0.057500 0.080000
0 0.710313 0.532500 0.073125 0.090000
0 0.856875 0.544167 0.057500 0.081667
0 0.254375 0.116250 0.061250 0.077500
0 0.914687 0.210833 0.065625 0.095000
0 0.313750 0.591667 0.071250 0.100000
0 0.575313 0.417083 0.061875 0.074167
0 0.728125 0.205000 0.067500 0.093333
0 0.255937 0.550000 0.069375 0.090000
0 0.620938 0.646250 0.066875 0.079167
0 0.508750 0.600833 0.072500 0.091667
0 0.418750 0.705417 0.067500 0.084167
0 0.698750 0.634167 0.068750 0.073333
0 0.823750 0.097917 0.076250 0.092500
0 0.419687 0.402083 0.068125 0.085833
0 0.860938 0.237500 0.064375 0.111667
0 0.254063 0.872500 0.055625 0.098333
0 0.660312 0.694167 0.053125 0.081667
0 0.665312 0.420417 0.063125 0.075833
0 0.881563 0.113750 0.069375 0.080833
0 0.390937 0.770417 0.065625 0.090833
0 0.661250 0.167500 0.065000 0.088333
0 0.773750 0.778333 0.075000 0.090000
0 0.113750 0.707500 0.055000 0.081667
0 0.211562 0.267083 0.060625 0.090833
0 0.952812 0.576667 0.066875 0.096667
0 0.095000 0.101250 0.053750 0.082500
0 0.401250 0.355833 0.065000 0.083333
0 0.355625 0.417083 0.063750 0.084167
0 0.605313 0.542083 0.058125 0.087500
0 0.745938 0.102917 0.056875 0.084167
0 0.551875 0.215000 0.052500 0.101667
0 0.114375 0.938750 0.051250 0.070833
1 0.190312 0.905417 0.069375 0.105833
0 0.460313 0.936250 0.056875 0.085833
6 0.903125 0.625000 0.080000 0.111667
1 0.172500 0.301667 0.067500 0.120000
0 0.054688 0.700000 0.071875 0.086667
0 0.290625 0.912917 0.050000 0.072500
0 0.203125 0.146667 0.057500 0.083333
0 0.035937 0.652083 0.055625 0.079167
0 0.259062 0.165000 0.065625 0.101667
0 0.519687 0.228750 0.060625 0.094167
0 0.619375 0.371667 0.055000 0.073333
4 0.197500 0.552500 0.070000 0.140000
0 0.152500 0.878750 0.047500 0.067500
0 0.739062 0.041667 0.061875 0.081667
