0 0.821250 0.447500 0.070000 0.096667
0 0.205625 0.192500 0.068750 0.098333
0 0.485312 0.697500 0.069375 0.096667
0 0.075938 0.562500 0.074375 0.083333
0 0.195312 0.494167 0.069375 0.088333
0 0.595000 0.823750 0.067500 0.089167
0 0.563438 0.640833 0.073125 0.105000
0 0.662188 0.212500 0.071875 0.085000
0 0.514062 0.837917 0.061875 0.082500
0 0.790625 0.209167 0.068750 0.101667
0 0.315312 0.676667 0.069375 0.100000
0 0.319688 0.228750 0.065625 0.084167
0 0.722812 0.309167 0.073125 0.101667
0 0.382812 0.347917 0.071875 0.097500
0 0.746875 0.820417 0.075000 0.107500
0 0.653438 0.882083 0.058125 0.079167
0 0.759375 0.549583 0.061250 0.090833
0 0.249062 0.602500 0.078125 0.105000
0 0.171250 0.373750 0.056250 0.099167
0 0.838750 0.820417 0.075000 0.109167
0 0.367812 0.141250 0.066875 0.087500
0 0.953125 0.176250 0.058750 0.085833
0 0.310937 0.373333 0.056875 0.081667
0 0.553125 0.917500 0.068750 0.090000
0 0.106563 0.334583 0.073125 0.097500
0 0.045312 0.200833 0.059375 0.091667
0 0.265000 0.124167 0.058750 0.075000
0 0.458125 0.450833 0.068750 0.091667
0 0.162812 0.652083 0.075625 0.097500
0 0.294687 0.281250 0.066875 0.097500
0 0.174687 0.883750 0.060625 0.085833
0 0.031563 0.642917 0.060625 0.082500
0 0.912500 0.433333 0.062500 0.075000
0 0.115937 0.735000 0.059375 0.073333
0 0.457500 0.390000 0.066250 0.100000
0 0.395313 0.047500 0.058125 0.068333
0 0.058438 0.858333 0.065625 0.098333
0 0.076875 0.434167 0.063750 0.076667
0 0.674687 0.591667 0.081875 0.105000
0 0.532500 0.073750 0.062500 0.109167
0 0.093438 0.918750 0.069375 0.097500
0 0.314375 0.959583 0.060000 0.079167
0 0.357812 0.542500 0.093125 0.083333
0 0.675937 0.091250 0.069375 0.077500
0 0.941562 0.635417 0.069375 0.094167
0 0.583750 0.050417 0.058750 0.085833
0 0.937187 0.685417 0.066875 0.084167
0 0.721875 0.117917 0.052500 0.084167
0 0.737187 0.051667 0.063125 0.065000
0 0.854688 0.948333 0.088125 0.101667
0 0.619375 0.143750 0.051250 0.092500
1 0.547813 0.399167 0.101875 0.108333
0 0.322188 0.034167 0.058125 0.068333
0 0.133437 0.037917 0.061875 0.072500
0 0.029375 0.122917 0.058750 0.065833
0 0.247188 0.037917 0.059375 0.075833
0 0.105625 0.415000 0.048750 0.076667
