0 0.955937 0.489583 0.078125 0.102500
0 0.340313 0.439167 0.066875 0.075000
0 0.786875 0.490417 0.068750 0.094167
0 0.755313 0.605417 0.074375 0.094167
0 0.205000 0.899583 0.077500 0.097500
0 0.775312 0.947500 0.075625 0.103333
0 0.882812 0.335417 0.076875 0.094167
0 0.841250 0.063750 0.073750 0.102500
0 0.254688 0.513750 0.074375 0.095833
0 0.137187 0.275833 0.070625 0.096667
0 0.599375 0.820417 0.071250 0.087500
0 0.543438 0.476667 0.073125 0.098333
0 0.857812 0.655833 0.068125 0.091667
0 0.657813 0.386667 0.073125 0.095000
0 0.515625 0.647500 0.075000 0.083333
0 0.316875 0.888750 0.078750 0.089167
0 0.122813 0.865417 0.071875 0.099167
0 0.099062 0.598750 0.081875 0.099167
0 0.534062 0.946667 0.070625 0.096667
0 0.228125 0.116250 0.073750 0.090833
0 0.897500 0.448750 0.071250 0.095833
0 0.446875 0.255417 0.078750 0.102500
0 0.216875 0.426250 0.063750 0.085833
0 0.150000 0.126667 0.065000 0.101667
0 0.182188 0.621667 0.068125 0.106667
0 0.960625 0.084583 0.071250 0.109167
0 0.308750 0.557917 0.071250 0.089167
0 0.561250 0.577083 0.075000 0.095833
0 0.493125 0.552500 0.072500 0.091667
0 0.885625 0.213333 0.077500 0.100000
0 0.911563 0.716250 0.071875 0.089167
0 0.104063 0.165000 0.071875 0.088333
0 0.823750 0.550417 0.068750 0.094167
0 0.273438 0.135833 0.080625 0.106667
0 0.645000 0.525000 0.078750 0.111667
5 0.420312 0.733750 0.096875 0.155833
0 0.730313 0.685417 0.076875 0.104167
0 0.888750 0.110000 0.078750 0.100000
0 0.958438 0.332083 0.069375 0.107500
0 0.411875 0.852500 0.062500 0.095000
0 0.888437 0.556250 0.065625 0.085833
0 0.381563 0.078750 0.063125 0.105833
0 0.882812 0.800417 0.071875 0.085833
0 0.692187 0.174583 0.070625 0.090833
0 0.074688 0.149583 0.074375 0.089167
0 0.358438 0.865000 0.066875 0.103333
