0 0.528750 0.909583 0.062500 0.087500
0 0.407500 0.467083 0.081250 0.097500
1 0.312812 0.234167 0.083125 0.106667
0 0.874062 0.208750 0.069375 0.100833
0 0.219688 0.714583 0.076875 0.100833
0 0.512188 0.199583 0.066875 0.079167
0 0.404687 0.210000 0.064375 0.096667
0 0.145625 0.420000 0.077500 0.108333
0 0.739062 0.564583 0.080625 0.107500
0 0.689688 0.254167 0.074375 0.096667
0 0.290000 0.708750 0.072500 0.095833
0 0.554688 0.655833 0.070625 0.096667
1 0.911875 0.903333 0.083750 0.128333
0 0.605000 0.244583 0.076250 0.095833
0 0.640000 0.690417 0.073750 0.099167
0 0.680937 0.525000 0.060625 0.086667
0 0.122500 0.214167 0.073750 0.096667
0 0.291250 0.885000 0.075000 0.098333
0 0.597500 0.102917 0.056250 0.084167
0 0.353438 0.337917 0.066875 0.092500
0 0.253125 0.796667 0.072500 0.101667
0 0.416563 0.742917 0.054375 0.090833
0 0.446875 0.870833 0.068750 0.090000
0 0.377188 0.822500 0.069375 0.085000
0 0.846250 0.448750 0.076250 0.100833
0 0.225000 0.574167 0.076250 0.088333
0 0.890625 0.529583 0.067500 0.077500
4 0.584063 0.761250 0.106875 0.102500
1 0.617188 0.572917 0.079375 0.090833
0 0.534062 0.280417 0.073125 0.097500
0 0.478438 0.520833 0.074375 0.095000
0 0.912813 0.335833 0.061875 0.091667
0 0.606250 0.864583 0.057500 0.082500
0 0.689688 0.057083 0.050625 0.082500
0 0.220625 0.935417 0.082500 0.095833
1 0.764062 0.066250 0.108125 0.092500
1 0.944375 0.172917 0.097500 0.129167
1 0.955313 0.425000 0.089375 0.115000
4 0.453125 0.346667 0.122500 0.105000
0 0.544687 0.087917 0.070625 0.094167
0 0.197187 0.072083 0.058125 0.087500
0 0.193750 0.265417 0.061250 0.085833
0 0.499688 0.179167 0.066875 0.091667
0 0.632500 0.305833 0.058750 0.083333
0 0.250000 0.298333 0.070000 0.076667
0 0.301563 0.315417 0.070625 0.074167
0 0.566250 0.323750 0.065000 0.084167
0 0.856250 0.385000 0.060000 0.103333
0 0.845000 0.345000 0.077500 0.086667
0 0.937813 0.345833 0.063125 0.093333
0 0.762188 0.522500 0.069375 0.096667
0 0.813438 0.579167 0.063125 0.081667
0 0.481875 0.640000 0.057500 0.088333
0 0.416250 0.850417 0.081250 0.092500
0 0.905312 0.652917 0.064375 0.087500
0 0.950313 0.690417 0.069375 0.090833
0 0.965313 0.737083 0.061875 0.094167
0 0.769062 0.696667 0.068125 0.100000
0 0.617188 0.423750 0.065625 0.090833
0 0.618437 0.381667 0.063125 0.078333
0 0.677500 0.615000 0.058750 0.078333
0 0.628125 0.506250 0.058750 0.074167
0 0.863437 0.604167 0.064375 0.093333
0 0.806562 0.668333 0.065625 0.085000
0 0.733437 0.652083 0.063125 0.092500
0 0.335000 0.871667 0.052500 0.075000
0 0.199687 0.853750 0.063125 0.085833
0 0.331875 0.959167 0.057500 0.078333
0 0.488125 0.791667 0.075000 0.081667
0 0.610313 0.937917 0.058125 0.089167
0 0.588750 0.910000 0.055000 0.105000
0 0.475313 0.562500 0.065625 0.098333
0 0.145625 0.932083 0.070000 0.070833
