3 0.538750 0.228750 0.091250 0.100833
0 0.456250 0.919167 0.066250 0.086667
0 0.392188 0.139583 0.075625 0.104167
0 0.438125 0.368333 0.082500 0.090000
0 0.758437 0.673333 0.069375 0.096667
0 0.040000 0.189583 0.078750 0.094167
0 0.172500 0.437083 0.067500 0.100833
0 0.103750 0.402083 0.072500 0.094167
0 0.782188 0.067917 0.088125 0.105833
0 0.543750 0.377083 0.073750 0.092500
0 0.451875 0.675417 0.083750 0.112500
0 0.947812 0.075417 0.066875 0.087500
0 0.293438 0.627083 0.076875 0.112500
0 0.049063 0.901250 0.078125 0.092500
0 0.572500 0.274167 0.076250 0.098333
0 0.416875 0.532500 0.077500 0.095000
0 0.878125 0.527917 0.080000 0.105833
0 0.921250 0.271667 0.073750 0.098333
0 0.729688 0.877500 0.073125 0.091667
0 0.542188 0.490000 0.091875 0.101667
0 0.278125 0.796667 0.070000 0.091667
0 0.202500 0.282083 0.078750 0.099167
0 0.065000 0.833333 0.078750 0.090000
0 0.487500 0.415833 0.068750 0.098333
0 0.211562 0.188333 0.074375 0.098333
0 0.703438 0.075000 0.078125 0.105000
0 0.328750 0.477083 0.071250 0.105833
0 0.461562 0.469167 0.073125 0.098333
0 0.733750 0.156667 0.075000 0.098333
0 0.468438 0.293750 0.091875 0.089167
0 0.669687 0.673333 0.066875 0.083333
0 0.917500 0.338333 0.080000 0.106667
0 0.834688 0.805000 0.065625 0.088333
0 0.790312 0.162917 0.074375 0.100833
0 0.487187 0.045000 0.070625 0.090000
0 0.812813 0.834583 0.066875 0.104167
0 0.412813 0.284583 0.073125 0.102500
0 0.302500 0.922500 0.066250 0.076667
0 0.344375 0.845833 0.080000 0.091667
0 0.310937 0.842917 0.080625 0.090833
0 0.089688 0.819167 0.070625 0.106667
