0 0.570000 0.586667 0.058750 0.080000
0 0.767500 0.746667 0.067500 0.081667
0 0.800937 0.676250 0.054375 0.084167
0 0.540625 0.668750 0.057500 0.079167
0 0.121563 0.187917 0.060625 0.079167
0 0.211875 0.805833 0.060000 0.071667
0 0.578750 0.289583 0.076250 0.099167
0 0.544063 0.917500 0.068125 0.095000
0 0.829375 0.395833 0.058750 0.080000
0 0.360625 0.747917 0.058750 0.080833
0 0.346250 0.063333 0.062500 0.086667
0 0.905312 0.380417 0.073125 0.097500
0 0.806562 0.851667 0.066875 0.078333
0 0.413438 0.093750 0.068125 0.097500
0 0.957187 0.660833 0.071875 0.090000
0 0.429688 0.240833 0.070625 0.093333
0 0.751875 0.229167 0.066250 0.093333
0 0.451562 0.495417 0.066875 0.085833
0 0.052812 0.638750 0.061875 0.072500
0 0.674687 0.353333 0.064375 0.090000
0 0.421875 0.737917 0.061250 0.075833
4 0.291250 0.279583 0.076250 0.102500
0 0.521250 0.202917 0.066250 0.092500
0 0.652813 0.145000 0.050625 0.095000
0 0.510312 0.418333 0.051875 0.085000
0 0.211562 0.056250 0.066875 0.082500
0 0.257188 0.762500 0.060625 0.101667
0 0.157812 0.122500 0.056875 0.080000
0 0.695312 0.083333 0.064375 0.076667
0 0.771563 0.140417 0.063125 0.079167
0 0.133750 0.834583 0.075000 0.095833
0 0.852500 0.256250 0.065000 0.102500
0 0.352812 0.312917 0.063125 0.080833
0 0.945937 0.192917 0.071875 0.099167
0 0.838125 0.779583 0.071250 0.097500
1 0.355312 0.486667 0.083125 0.108333
0 0.175625 0.867500 0.070000 0.086667
0 0.467813 0.697083 0.058125 0.075833
0 0.481250 0.070417 0.067500 0.084167
0 0.184375 0.196250 0.058750 0.082500
0 0.040313 0.196250 0.066875 0.084167
0 0.454375 0.897917 0.063750 0.074167
0 0.313750 0.523333 0.061250 0.078333
0 0.697187 0.432083 0.060625 0.080833
0 0.632812 0.923750 0.058125 0.082500
0 0.097187 0.544167 0.073125 0.090000
0 0.255312 0.470833 0.071875 0.075000
0 0.074375 0.791250 0.060000 0.082500
0 0.701875 0.712917 0.061250 0.069167
4 0.887188 0.825833 0.071875 0.096667
0 0.224688 0.662917 0.071875 0.087500
0 0.922188 0.469167 0.066875 0.085000
0 0.280313 0.686250 0.056875 0.074167
0 0.478125 0.122500 0.051250 0.076667
0 0.707187 0.907083 0.066875 0.075833
0 0.093750 0.266667 0.058750 0.095000
0 0.054375 0.814167 0.073750 0.086667
0 0.941250 0.862083 0.056250 0.087500
0 0.257500 0.094583 0.051250 0.069167
0 0.544063 0.070417 0.056875 0.072500
0 0.679688 0.224583 0.070625 0.082500
0 0.969063 0.280417 0.056875 0.080833
0 0.398750 0.366250 0.055000 0.065833
0 0.295625 0.604167 0.052500 0.071667
0 0.469062 0.665000 0.056875 0.068333
0 0.716562 0.286667 0.049375 0.068333
4 0.199687 0.619167 0.074375 0.103333
0 0.300312 0.767917 0.069375 0.092500
0 0.805937 0.312500 0.049375 0.071667
0 0.504375 0.322083 0.048750 0.074167
0 0.964688 0.451250 0.068125 0.105833
0 0.969688 0.791667 0.049375 0.071667
0 0.251250 0.526250 0.063750 0.077500
0 0.248438 0.595833 0.069375 0.081667
0 0.196875 0.673333 0.060000 0.081667
