0 0.104688 0.129167 0.078125 0.101667
0 0.244688 0.278750 0.070625 0.099167
0 0.910937 0.100833 0.079375 0.105000
0 0.835625 0.749167 0.077500 0.088333
0 0.242188 0.122500 0.073125 0.106667
0 0.935000 0.607083 0.073750 0.090833
0 0.314063 0.918333 0.068125 0.091667
0 0.747812 0.930417 0.070625 0.100833
0 0.437188 0.369167 0.075625 0.096667
0 0.812813 0.549583 0.074375 0.095833
0 0.351250 0.582500 0.083750 0.105000
0 0.844063 0.272917 0.083125 0.112500
0 0.163125 0.432500 0.068750 0.091667
0 0.348125 0.472917 0.077500 0.105833
0 0.718750 0.506667 0.065000 0.090000
0 0.653438 0.738333 0.073125 0.100000
0 0.800937 0.369583 0.083125 0.100833
0 0.149688 0.220417 0.068125 0.087500
0 0.753750 0.439583 0.061250 0.080833
0 0.435937 0.489583 0.071875 0.105833
0 0.428125 0.781250 0.068750 0.095833
0 0.379688 0.696667 0.074375 0.113333
0 0.826562 0.165000 0.073125 0.073333
0 0.737187 0.804583 0.086875 0.102500
0 0.098750 0.543333 0.070000 0.105000
0 0.332813 0.083750 0.060625 0.080833
0 0.654687 0.852083 0.074375 0.072500
0 0.664687 0.452083 0.059375 0.080833
0 0.850000 0.841667 0.072500 0.093333
0 0.612812 0.559583 0.066875 0.095833
0 0.171563 0.540000 0.066875 0.101667
0 0.478125 0.267500 0.075000 0.086667
0 0.174063 0.679583 0.080625 0.100833
0 0.482187 0.756667 0.070625 0.113333
0 0.930000 0.307917 0.070000 0.079167
0 0.172813 0.327500 0.060625 0.088333
0 0.475938 0.869167 0.056875 0.121667
0 0.524062 0.617083 0.066875 0.087500
0 0.750313 0.605833 0.076875 0.095000
0 0.915000 0.478333 0.090000 0.085000
0 0.349062 0.300833 0.069375 0.116667
0 0.506563 0.952083 0.068125 0.089167
0 0.061562 0.759583 0.080625 0.115833
0 0.051562 0.683750 0.065625 0.085833
0 0.748125 0.658333 0.063750 0.080000
0 0.570000 0.747083 0.077500 0.100833
0 0.840625 0.892500 0.077500 0.095000
0 0.655312 0.553333 0.065625 0.083333
0 0.426250 0.199167 0.105000 0.096667
0 0.945937 0.405833 0.105625 0.101667
0 0.061250 0.467083 0.088750 0.087500
0 0.962812 0.837083 0.073125 0.107500
0 0.944063 0.947917 0.078125 0.104167
0 0.036562 0.597083 0.073125 0.094167
1 0.530000 0.492083 0.102500 0.112500
0 0.535000 0.585417 0.076250 0.062500
0 0.553125 0.715000 0.060000 0.081667
