0 0.060937 0.188333 0.066875 0.088333
0 0.541250 0.539583 0.075000 0.099167
0 0.130625 0.714167 0.065000 0.100000
0 0.201875 0.610833 0.067500 0.093333
0 0.450937 0.484583 0.060625 0.082500
0 0.885938 0.706250 0.065625 0.085833
0 0.672188 0.762083 0.068125 0.089167
0 0.455313 0.839583 0.068125 0.082500
0 0.300938 0.504583 0.068125 0.087500
0 0.040938 0.392500 0.074375 0.096667
0 0.938750 0.266667 0.063750 0.085000
6 0.208750 0.131250 0.078750 0.109167
0 0.430625 0.761667 0.071250 0.096667
0 0.590313 0.126667 0.066875 0.090000
0 0.364375 0.604167 0.067500 0.090000
0 0.111250 0.927917 0.058750 0.080833
0 0.404375 0.250833 0.070000 0.090000
0 0.871250 0.272083 0.065000 0.075833
0 0.072500 0.748333 0.063750 0.095000
0 0.797188 0.379167 0.075625 0.090000
0 0.767813 0.912500 0.063125 0.071667
0 0.523125 0.256250 0.067500 0.079167
0 0.661875 0.178333 0.066250 0.083333
0 0.146875 0.067083 0.060000 0.084167
0 0.950000 0.835417 0.071250 0.089167
0 0.905625 0.183333 0.070000 0.093333
0 0.268437 0.587500 0.058125 0.078333
0 0.292187 0.274583 0.065625 0.085833
0 0.845938 0.142083 0.051875 0.072500
0 0.890938 0.619583 0.060625 0.075833
6 0.351562 0.316667 0.073125 0.120000
0 0.393750 0.388333 0.067500 0.070000
0 0.384375 0.472917 0.066250 0.095833
0 0.828438 0.465417 0.068125 0.095833
0 0.778438 0.679583 0.069375 0.095833
0 0.755625 0.341667 0.063750 0.080000
0 0.745000 0.427500 0.060000 0.081667
0 0.290000 0.821667 0.077500 0.081667
0 0.664375 0.640417 0.065000 0.087500
0 0.635312 0.250000 0.053125 0.076667
0 0.612187 0.399167 0.065625 0.078333
0 0.753750 0.580833 0.063750 0.098333
0 0.496250 0.425000 0.065000 0.086667
0 0.648125 0.620417 0.073750 0.085833
0 0.190938 0.778750 0.069375 0.070833
0 0.682187 0.878333 0.055625 0.075000
0 0.353438 0.691667 0.056875 0.080000
0 0.777813 0.860000 0.068125 0.078333
0 0.860938 0.791250 0.076875 0.090833
0 0.475313 0.605000 0.055625 0.071667
0 0.768437 0.497500 0.073125 0.076667
0 0.680937 0.715000 0.066875 0.096667
0 0.734062 0.732083 0.068125 0.082500
0 0.900937 0.932083 0.071875 0.079167
0 0.035000 0.112083 0.047500 0.069167
0 0.578438 0.217917 0.058125 0.077500
0 0.938750 0.477083 0.041250 0.079167
0 0.880313 0.874167 0.069375 0.081667
0 0.197813 0.362083 0.054375 0.069167
0 0.398125 0.530000 0.053750 0.071667
0 0.412500 0.045417 0.051250 0.069167
0 0.494688 0.091250 0.050625 0.077500
0 0.549063 0.062500 0.053125 0.065000
0 0.656875 0.322083 0.052500 0.070833
0 0.249062 0.433750 0.055625 0.072500
0 0.909375 0.548333 0.067500 0.073333
0 0.819375 0.740000 0.071250 0.081667
0 0.607812 0.825417 0.068125 0.080833
0 0.369688 0.797500 0.056875 0.085000
0 0.458750 0.290000 0.057500 0.068333
0 0.415625 0.345000 0.057500 0.083333
0 0.582812 0.909167 0.063125 0.070000
0 0.637500 0.887500 0.055000 0.075000
0 0.091250 0.065833 0.060000 0.075000
0 0.223750 0.540417 0.052500 0.074167
0 0.805937 0.603750 0.049375 0.064167
0 0.030625 0.566667 0.053750 0.068333
0 0.030937 0.630833 0.050625 0.060000
0 0.713125 0.918333 0.055000 0.080000
0 0.786250 0.793750 0.053750 0.060833
0 0.186875 0.293750 0.053750 0.067500
0 0.110312 0.400833 0.056875 0.070000
0 0.696875 0.234167 0.060000 0.066667
0 0.555312 0.361667 0.083125 0.075000
0 0.050313 0.308333 0.046875 0.075000
0 0.464375 0.376250 0.055000 0.082500
0 0.470938 0.162083 0.058125 0.055833
0 0.509687 0.192500 0.064375 0.070000
0 0.523438 0.130833 0.063125 0.056667
0 0.125000 0.546667 0.053750 0.056667
0 0.079375 0.574583 0.037500 0.055833
0 0.881875 0.423750 0.048750 0.059167
0 0.958750 0.960833 0.052500 0.068333
0 0.116250 0.029583 0.050000 0.059167
0 0.911250 0.475000 0.051250 0.068333
1 0.583438 0.290833 0.079375 0.086667
