0 0.392813 0.584583 0.066875 0.070833
0 0.481875 0.860000 0.078750 0.095000
0 0.323750 0.618750 0.078750 0.095833
0 0.747500 0.375000 0.076250 0.115000
0 0.879687 0.841250 0.066875 0.099167
0 0.643125 0.762917 0.078750 0.102500
0 0.809063 0.772083 0.074375 0.117500
0 0.393750 0.851250 0.068750 0.082500
0 0.243125 0.393333 0.072500 0.110000
0 0.395000 0.139167 0.082500 0.110000
0 0.737812 0.077083 0.078125 0.104167
0 0.548438 0.612500 0.065625 0.083333
0 0.347500 0.386250 0.067500 0.082500
0 0.745313 0.596250 0.075625 0.089167
0 0.271250 0.078750 0.061250 0.089167
0 0.456875 0.069583 0.073750 0.094167
0 0.196250 0.097083 0.077500 0.105833
0 0.375937 0.934583 0.073125 0.102500
0 0.356875 0.213750 0.068750 0.100833
0 0.697500 0.294583 0.065000 0.115833
0 0.846562 0.914583 0.058125 0.095833
0 0.588437 0.824167 0.061875 0.080000
0 0.604375 0.552500 0.072500 0.091667
0 0.492500 0.407083 0.073750 0.095833
0 0.286250 0.282917 0.061250 0.092500
0 0.754687 0.715000 0.058125 0.095000
0 0.273750 0.912083 0.062500 0.085833
0 0.643750 0.376667 0.062500 0.090000
0 0.562500 0.734583 0.070000 0.084167
0 0.775000 0.217500 0.070000 0.103333
0 0.548125 0.940000 0.070000 0.098333
0 0.688125 0.452083 0.075000 0.069167
0 0.650000 0.901250 0.051250 0.082500
0 0.080312 0.407500 0.070625 0.095000
0 0.584063 0.318333 0.070625 0.110000
0 0.629062 0.677917 0.075625 0.109167
0 0.133437 0.688333 0.071875 0.091667
0 0.635000 0.238333 0.065000 0.101667
0 0.572500 0.896667 0.073750 0.086667
0 0.314688 0.938750 0.056875 0.070833
0 0.719375 0.752083 0.066250 0.079167
0 0.757500 0.886667 0.060000 0.083333
0 0.441875 0.783750 0.065000 0.075833
0 0.375937 0.508333 0.066875 0.083333
1 0.609688 0.090833 0.104375 0.088333
1 0.316250 0.784583 0.095000 0.089167
1 0.154062 0.925833 0.085625 0.095000
1 0.672500 0.610833 0.088750 0.101667
0 0.567500 0.057083 0.067500 0.079167
0 0.366563 0.052500 0.066875 0.083333
0 0.286875 0.052500 0.076250 0.091667
0 0.143750 0.071667 0.065000 0.100000
0 0.710000 0.200417 0.063750 0.087500
0 0.462500 0.212917 0.085000 0.087500
0 0.440000 0.347917 0.080000 0.089167
0 0.843437 0.222917 0.064375 0.085833
0 0.899062 0.259583 0.065625 0.087500
0 0.949063 0.233333 0.071875 0.085000
0 0.874375 0.457083 0.072500 0.094167
0 0.887813 0.491250 0.069375 0.080833
0 0.232500 0.859167 0.058750 0.078333
0 0.605000 0.608750 0.060000 0.077500
0 0.774062 0.683750 0.078125 0.084167
0 0.868437 0.682500 0.065625 0.078333
0 0.491250 0.606250 0.060000 0.082500
0 0.461875 0.729167 0.062500 0.071667
0 0.385625 0.793333 0.057500 0.075000
0 0.306875 0.709583 0.068750 0.092500
0 0.332813 0.709167 0.071875 0.081667
0 0.505938 0.677500 0.054375 0.078333
0 0.528750 0.657917 0.068750 0.095833
0 0.728125 0.829583 0.062500 0.090833
0 0.772813 0.860000 0.064375 0.083333
0 0.675625 0.830000 0.057500 0.080000
0 0.713750 0.870417 0.075000 0.087500
0 0.679063 0.961667 0.055625 0.070000
0 0.616250 0.963333 0.056250 0.070000
0 0.556875 0.840417 0.068750 0.087500
0 0.453125 0.627500 0.063750 0.085000
0 0.425625 0.653333 0.078750 0.083333
0 0.319375 0.462917 0.072500 0.090833
0 0.292812 0.466667 0.059375 0.078333
0 0.400938 0.720417 0.061875 0.067500
0 0.214688 0.617917 0.073125 0.059167
0 0.240625 0.682083 0.061250 0.084167
0 0.314688 0.270833 0.063125 0.103333
0 0.583438 0.728750 0.060625 0.085833
0 0.666250 0.558750 0.057500 0.059167
0 0.213438 0.538333 0.051875 0.088333
