0 0.477500 0.594167 0.081250 0.096667
0 0.349687 0.479167 0.078125 0.101667
0 0.293125 0.307083 0.077500 0.097500
0 0.406875 0.865000 0.082500 0.100000
0 0.214375 0.884583 0.075000 0.105833
0 0.724688 0.118750 0.064375 0.089167
0 0.735625 0.704583 0.078750 0.094167
0 0.682500 0.663750 0.080000 0.105833
0 0.949375 0.617500 0.068750 0.088333
0 0.835313 0.097917 0.071875 0.085833
0 0.767813 0.393333 0.088125 0.081667
0 0.869687 0.407083 0.071875 0.089167
0 0.409375 0.443750 0.070000 0.087500
0 0.704063 0.791250 0.084375 0.104167
0 0.895938 0.588333 0.070625 0.108333
0 0.609062 0.288750 0.101875 0.064167
0 0.622500 0.037083 0.115000 0.065833
