0 0.552813 0.907500 0.061875 0.071667
0 0.631563 0.903750 0.060625 0.079167
0 0.247812 0.253750 0.064375 0.075833
0 0.541875 0.514167 0.066250 0.093333
0 0.530625 0.259167 0.061250 0.086667
0 0.440937 0.485000 0.071875 0.088333
3 0.254688 0.694167 0.078125 0.098333
0 0.775625 0.366667 0.067500 0.083333
0 0.619687 0.316250 0.071875 0.095833
0 0.784687 0.824583 0.069375 0.090833
0 0.114062 0.357083 0.073125 0.095833
0 0.106875 0.797500 0.073750 0.076667
0 0.059375 0.431667 0.070000 0.098333
0 0.458437 0.655833 0.071875 0.086667
0 0.358750 0.327083 0.070000 0.089167
0 0.234375 0.462500 0.076250 0.090000
0 0.520938 0.814583 0.069375 0.095833
0 0.288750 0.769583 0.066250 0.077500
0 0.235937 0.906667 0.074375 0.090000
0 0.435000 0.284583 0.063750 0.087500
0 0.400000 0.793333 0.065000 0.083333
0 0.364687 0.725833 0.069375 0.090000
0 0.054375 0.682917 0.066250 0.102500
0 0.698750 0.852083 0.073750 0.089167
0 0.685312 0.698750 0.058125 0.082500
0 0.170937 0.455000 0.054375 0.080000
0 0.117500 0.497083 0.073750 0.097500
0 0.541875 0.340833 0.075000 0.085000
0 0.089375 0.232917 0.071250 0.085833
0 0.092500 0.602083 0.070000 0.092500
0 0.371250 0.911250 0.061250 0.087500
0 0.752500 0.162917 0.056250 0.090833
0 0.681562 0.243333 0.061875 0.070000
0 0.390313 0.445417 0.054375 0.080833
0 0.867812 0.357917 0.073125 0.090833
0 0.361875 0.641250 0.063750 0.074167
0 0.621250 0.666667 0.068750 0.086667
0 0.385313 0.574167 0.059375 0.076667
0 0.757500 0.290417 0.062500 0.084167
0 0.904062 0.440417 0.061875 0.085833
1 0.921250 0.848333 0.087500 0.120000
0 0.657500 0.530417 0.053750 0.070833
0 0.724375 0.049167 0.067500 0.078333
0 0.033125 0.073333 0.052500 0.086667
0 0.651250 0.595833 0.060000 0.073333
0 0.900000 0.518750 0.047500 0.065833
0 0.941562 0.412083 0.066875 0.099167
0 0.774062 0.594583 0.060625 0.085833
0 0.816562 0.198750 0.065625 0.070833
0 0.536250 0.755417 0.075000 0.102500
0 0.224062 0.383750 0.058125 0.075833
0 0.718125 0.224583 0.056250 0.089167
0 0.644687 0.774583 0.065625 0.082500
0 0.921250 0.580833 0.065000 0.075000
1 0.754687 0.567083 0.090625 0.109167
0 0.348438 0.063333 0.061875 0.061667
0 0.414687 0.890417 0.059375 0.094167
0 0.118750 0.157083 0.068750 0.075833
0 0.628750 0.735833 0.065000 0.081667
0 0.729688 0.666250 0.055625 0.089167
0 0.575625 0.608750 0.062500 0.079167
0 0.965000 0.586250 0.051250 0.074167
0 0.112187 0.701667 0.054375 0.073333
0 0.415938 0.037500 0.060625 0.075000
0 0.317812 0.693750 0.055625 0.082500
0 0.879062 0.827083 0.050625 0.074167
