0 0.322188 0.471667 0.079375 0.101667
0 0.949063 0.576250 0.078125 0.107500
0 0.120625 0.377083 0.077500 0.102500
0 0.043750 0.740417 0.071250 0.090833
0 0.745000 0.474583 0.071250 0.094167
0 0.267813 0.322917 0.075625 0.097500
0 0.395937 0.439583 0.079375 0.102500
0 0.122188 0.757500 0.071875 0.105000
0 0.806562 0.555000 0.070625 0.091667
0 0.162188 0.215000 0.084375 0.105000
0 0.795312 0.835000 0.071875 0.086667
0 0.039375 0.096667 0.075000 0.096667
0 0.702500 0.937083 0.070000 0.092500
0 0.234375 0.503750 0.060000 0.095833
0 0.214375 0.137917 0.073750 0.107500
0 0.166563 0.079583 0.066875 0.075833
0 0.457813 0.075417 0.074375 0.107500
0 0.414375 0.763750 0.076250 0.085833
0 0.778438 0.730000 0.068125 0.100000
0 0.097500 0.532083 0.081250 0.100833
0 0.648125 0.555833 0.072500 0.106667
0 0.743750 0.255417 0.063750 0.074167
0 0.040625 0.241667 0.070000 0.095000
0 0.530312 0.232083 0.071875 0.097500
0 0.805625 0.234583 0.076250 0.112500
0 0.115937 0.629167 0.078125 0.100000
0 0.604688 0.910417 0.074375 0.094167
0 0.850313 0.051250 0.076875 0.090833
0 0.383437 0.141250 0.070625 0.104167
0 0.295312 0.602500 0.080625 0.120000
0 0.048438 0.580417 0.060625 0.105833
0 0.196875 0.788333 0.075000 0.100000
0 0.245000 0.871667 0.073750 0.101667
0 0.736563 0.569167 0.073125 0.091667
0 0.742812 0.108750 0.068125 0.075833
0 0.370937 0.691250 0.071875 0.097500
0 0.222812 0.232917 0.074375 0.087500
0 0.604062 0.459167 0.076875 0.108333
0 0.522813 0.468333 0.074375 0.096667
0 0.918438 0.222500 0.073125 0.113333
0 0.635000 0.355417 0.077500 0.110833
0 0.919687 0.075000 0.073125 0.098333
0 0.100312 0.131250 0.073125 0.089167
0 0.454062 0.213750 0.074375 0.100833
0 0.901563 0.131250 0.065625 0.092500
0 0.439688 0.152917 0.076875 0.100833
0 0.846250 0.402500 0.075000 0.111667
0 0.292500 0.236667 0.065000 0.090000
0 0.053437 0.419167 0.058125 0.111667
0 0.740000 0.788750 0.068750 0.097500
0 0.949688 0.882500 0.071875 0.098333
0 0.652188 0.652500 0.074375 0.101667
0 0.505938 0.282083 0.073125 0.107500
0 0.676875 0.288333 0.070000 0.103333
0 0.844063 0.455000 0.070625 0.095000
0 0.571562 0.293333 0.065625 0.093333
0 0.245938 0.789167 0.080625 0.090000
0 0.561875 0.326250 0.077500 0.100833
0 0.723437 0.142083 0.066875 0.094167
0 0.741250 0.189583 0.075000 0.070833
0 0.535312 0.916250 0.061875 0.080833
3 0.515938 0.152083 0.084375 0.097500
0 0.270625 0.757083 0.068750 0.089167
0 0.618750 0.291667 0.076250 0.105000
0 0.205313 0.944583 0.074375 0.082500
