0 0.580000 0.157500 0.067500 0.105000
0 0.110937 0.720833 0.056875 0.076667
0 0.374375 0.309583 0.068750 0.077500
0 0.349062 0.123750 0.075625 0.092500
0 0.569063 0.699167 0.069375 0.095000
0 0.787500 0.817083 0.073750 0.107500
0 0.320625 0.697500 0.066250 0.083333
0 0.190000 0.258333 0.075000 0.091667
0 0.718750 0.820417 0.063750 0.085833
0 0.228750 0.190833 0.065000 0.071667
0 0.301563 0.432083 0.060625 0.079167
0 0.705625 0.238333 0.073750 0.086667
0 0.598750 0.253333 0.070000 0.098333
0 0.941875 0.552500 0.070000 0.091667
0 0.158750 0.607500 0.056250 0.075000
0 0.437812 0.712917 0.058125 0.077500
0 0.897500 0.081250 0.065000 0.080833
0 0.775625 0.660000 0.072500 0.091667
0 0.050000 0.794583 0.060000 0.080833
0 0.517500 0.210833 0.062500 0.070000
0 0.246562 0.928750 0.071875 0.084167
0 0.330625 0.775000 0.063750 0.078333
0 0.305000 0.852083 0.066250 0.075833
0 0.249062 0.532083 0.053125 0.074167
0 0.681250 0.573333 0.076250 0.090000
0 0.577812 0.580000 0.065625 0.086667
0 0.813438 0.129583 0.068125 0.075833
0 0.915937 0.851250 0.058125 0.104167
0 0.949063 0.329167 0.066875 0.103333
0 0.554375 0.920417 0.063750 0.070833
0 0.049375 0.409167 0.055000 0.088333
0 0.769687 0.264583 0.063125 0.094167
0 0.679063 0.492500 0.071875 0.091667
0 0.871875 0.225000 0.056250 0.083333
0 0.874375 0.815417 0.063750 0.079167
0 0.626563 0.098750 0.050625 0.084167
0 0.150000 0.374167 0.058750 0.076667
3 0.659062 0.798333 0.086875 0.113333
0 0.512188 0.630000 0.059375 0.070000
0 0.050313 0.086250 0.056875 0.075833
0 0.179375 0.927500 0.073750 0.080000
0 0.964688 0.119583 0.069375 0.090833
0 0.144375 0.463333 0.056250 0.065000
0 0.642500 0.955000 0.065000 0.076667
0 0.269375 0.780833 0.066250 0.075000
0 0.692500 0.168333 0.053750 0.068333
0 0.439688 0.581667 0.061875 0.076667
0 0.660937 0.884583 0.063125 0.075833
0 0.827812 0.300833 0.061875 0.078333
0 0.283125 0.469583 0.068750 0.089167
0 0.094062 0.567917 0.053125 0.082500
0 0.508437 0.602083 0.063125 0.089167
0 0.239063 0.438333 0.056875 0.073333
0 0.328125 0.046250 0.062500 0.079167
0 0.733750 0.532083 0.053750 0.064167
0 0.754687 0.133333 0.046875 0.070000
0 0.673750 0.402500 0.050000 0.073333
0 0.972500 0.258750 0.045000 0.067500
0 0.435937 0.190417 0.053125 0.067500
0 0.065000 0.661250 0.065000 0.075833
0 0.409687 0.960833 0.061875 0.075000
0 0.672500 0.067083 0.071250 0.065833
0 0.085625 0.141250 0.052500 0.077500
0 0.925312 0.709583 0.063125 0.080833
0 0.841250 0.180417 0.070000 0.084167
0 0.347500 0.543333 0.071250 0.068333
0 0.522813 0.775000 0.064375 0.085000
0 0.647500 0.454583 0.066250 0.075833
0 0.496875 0.278750 0.057500 0.074167
0 0.754375 0.087500 0.061250 0.068333
0 0.597500 0.382500 0.076250 0.075000
0 0.355938 0.913333 0.059375 0.076667
0 0.826250 0.445000 0.071250 0.078333
3 0.104375 0.345833 0.106250 0.108333
0 0.638125 0.337917 0.053750 0.077500
0 0.508437 0.828333 0.058125 0.065000
0 0.824063 0.049167 0.061875 0.091667
0 0.855000 0.846250 0.063750 0.080833
0 0.553750 0.848333 0.061250 0.060000
0 0.313750 0.620000 0.056250 0.070000
0 0.393125 0.790833 0.057500 0.086667
1 0.742188 0.352917 0.085625 0.119167
0 0.428125 0.939583 0.055000 0.080833
0 0.191562 0.532917 0.051875 0.077500
0 0.562187 0.320417 0.061875 0.070833
0 0.735625 0.444167 0.050000 0.065000
0 0.329688 0.251667 0.058125 0.073333
0 0.572812 0.471250 0.048125 0.069167
0 0.774375 0.580833 0.075000 0.068333
0 0.698438 0.726667 0.058125 0.088333
0 0.390313 0.425833 0.044375 0.066667
0 0.415000 0.256250 0.053750 0.070833
0 0.327813 0.190000 0.059375 0.061667
0 0.104688 0.425000 0.048125 0.068333
0 0.534375 0.523333 0.050000 0.086667
0 0.384375 0.885417 0.053750 0.082500
0 0.699688 0.644583 0.046875 0.062500
0 0.608125 0.511667 0.050000 0.066667
0 0.838750 0.063333 0.053750 0.066667
0 0.645312 0.265000 0.045625 0.065000
0 0.456875 0.612917 0.051250 0.060833
