0 0.760312 0.682500 0.060625 0.081667
0 0.626563 0.895833 0.059375 0.076667
0 0.164687 0.232917 0.079375 0.095833
0 0.069062 0.205000 0.060625 0.088333
0 0.574375 0.926667 0.063750 0.090000
0 0.515938 0.605417 0.073125 0.090833
0 0.112187 0.791667 0.068125 0.080000
1 0.386875 0.124583 0.075000 0.102500
0 0.759062 0.785000 0.069375 0.085000
0 0.135000 0.528750 0.063750 0.085833
0 0.902188 0.187917 0.065625 0.089167
0 0.460938 0.834167 0.059375 0.076667
0 0.472500 0.163750 0.075000 0.092500
0 0.306875 0.315417 0.066250 0.085833
0 0.095625 0.592083 0.072500 0.090833
0 0.668750 0.681667 0.071250 0.113333
0 0.245312 0.388333 0.081875 0.100000
0 0.677813 0.334583 0.073125 0.090833
0 0.198437 0.590417 0.083125 0.104167
0 0.236563 0.514583 0.066875 0.085833
3 0.822500 0.883750 0.075000 0.100833
0 0.915937 0.325000 0.068125 0.078333
0 0.388437 0.569583 0.075625 0.095833
0 0.766875 0.425000 0.065000 0.075000
0 0.839375 0.302083 0.067500 0.077500
0 0.140625 0.384583 0.058750 0.082500
0 0.524062 0.131667 0.059375 0.080000
0 0.877812 0.892500 0.060625 0.086667
0 0.267188 0.060000 0.061875 0.075000
0 0.388437 0.935000 0.071875 0.091667
0 0.795000 0.567500 0.060000 0.085000
0 0.130312 0.182500 0.061875 0.093333
0 0.506250 0.529167 0.066250 0.080000
0 0.103750 0.886667 0.062500 0.083333
0 0.959063 0.470417 0.070625 0.085833
0 0.360312 0.372917 0.065625 0.072500
0 0.848750 0.064167 0.056250 0.080000
0 0.055313 0.643333 0.068125 0.086667
0 0.503750 0.347083 0.058750 0.079167
0 0.294063 0.851667 0.070625 0.083333
0 0.395313 0.843750 0.074375 0.080833
0 0.435937 0.605417 0.065625 0.082500
0 0.649687 0.183333 0.053125 0.078333
0 0.611563 0.287083 0.065625 0.090833
0 0.323125 0.609583 0.077500 0.097500
0 0.409687 0.236250 0.061875 0.077500
0 0.897500 0.395000 0.073750 0.090000
0 0.705000 0.876667 0.055000 0.075000
0 0.136563 0.090000 0.068125 0.083333
0 0.379063 0.293333 0.053125 0.073333
0 0.682813 0.570000 0.071875 0.088333
0 0.406562 0.761250 0.055625 0.077500
0 0.283125 0.624167 0.070000 0.088333
0 0.928750 0.620833 0.062500 0.071667
0 0.227500 0.754583 0.070000 0.082500
0 0.235625 0.682500 0.066250 0.083333
1 0.341562 0.178750 0.089375 0.110833
0 0.528438 0.444167 0.055625 0.068333
0 0.879375 0.763333 0.068750 0.093333
0 0.096250 0.710833 0.061250 0.078333
0 0.603750 0.645000 0.052500 0.071667
0 0.427187 0.690833 0.058125 0.080000
1 0.456562 0.364583 0.075625 0.114167
0 0.739688 0.606250 0.059375 0.069167
0 0.957500 0.266250 0.055000 0.085833
0 0.055000 0.876667 0.065000 0.083333
0 0.860938 0.255833 0.063125 0.088333
0 0.192812 0.418333 0.063125 0.080000
0 0.574688 0.299583 0.050625 0.069167
0 0.578125 0.167500 0.053750 0.085000
0 0.231563 0.311667 0.051875 0.065000
0 0.584375 0.203750 0.062500 0.070833
1 0.625000 0.578333 0.072500 0.083333
0 0.814375 0.380000 0.056250 0.068333
0 0.274375 0.780417 0.056250 0.069167
0 0.250937 0.914583 0.081875 0.085833
0 0.574688 0.081250 0.051875 0.067500
0 0.176250 0.894167 0.058750 0.111667
0 0.397188 0.057083 0.064375 0.069167
0 0.708750 0.953750 0.070000 0.079167
0 0.543438 0.255000 0.053125 0.070000
0 0.867188 0.465000 0.050625 0.080000
0 0.451562 0.454167 0.064375 0.088333
0 0.896250 0.476667 0.050000 0.065000
0 0.848125 0.139583 0.080000 0.067500
0 0.635938 0.480000 0.059375 0.071667
0 0.551562 0.674167 0.049375 0.068333
0 0.557813 0.511250 0.045625 0.079167
0 0.308437 0.963333 0.065625 0.063333
0 0.567187 0.771250 0.043125 0.062500
0 0.466250 0.757917 0.048750 0.060833
0 0.508125 0.707917 0.046250 0.072500
0 0.610938 0.766667 0.041875 0.071667
0 0.700313 0.820833 0.061875 0.068333
0 0.714688 0.725833 0.063125 0.078333
0 0.599688 0.506667 0.059375 0.070000
3 0.414062 0.452917 0.073125 0.105833
0 0.431563 0.519167 0.043125 0.070000
0 0.912188 0.779167 0.053125 0.076667
