0 0.356250 0.839583 0.061250 0.079167
0 0.538750 0.308750 0.062500 0.080833
0 0.897813 0.668333 0.073125 0.098333
0 0.405625 0.760417 0.063750 0.087500
0 0.585000 0.085417 0.062500 0.090833
0 0.231563 0.321250 0.065625 0.090833
0 0.890938 0.142500 0.070625 0.096667
0 0.342813 0.681667 0.063125 0.086667
0 0.272813 0.649167 0.064375 0.100000
0 0.491250 0.932500 0.065000 0.083333
0 0.832187 0.600417 0.069375 0.087500
0 0.204375 0.594167 0.060000 0.083333
0 0.500000 0.570000 0.061250 0.085000
0 0.789062 0.713750 0.060625 0.082500
0 0.087188 0.229167 0.066875 0.090000
0 0.581562 0.612500 0.070625 0.086667
0 0.655000 0.660417 0.071250 0.094167
0 0.082500 0.653750 0.057500 0.082500
0 0.142813 0.890000 0.065625 0.098333
0 0.146563 0.358333 0.074375 0.093333
0 0.715313 0.617917 0.073125 0.104167
0 0.469062 0.484583 0.063125 0.084167
0 0.637813 0.740833 0.059375 0.076667
0 0.920000 0.267083 0.067500 0.090833
0 0.671250 0.498333 0.068750 0.083333
0 0.073438 0.899167 0.060625 0.078333
0 0.730313 0.313333 0.063125 0.088333
0 0.417500 0.601250 0.065000 0.090833
0 0.514375 0.840000 0.073750 0.088333
0 0.438437 0.299167 0.065625 0.088333
0 0.285625 0.255417 0.058750 0.079167
0 0.312188 0.932500 0.075625 0.088333
0 0.741875 0.065833 0.063750 0.091667
0 0.812187 0.236250 0.069375 0.082500
0 0.932187 0.864167 0.069375 0.103333
0 0.667188 0.403333 0.073125 0.100000
0 0.740313 0.771667 0.058125 0.063333
0 0.775000 0.160417 0.067500 0.079167
0 0.105938 0.442500 0.076875 0.073333
0 0.864688 0.898750 0.063125 0.080833
0 0.482187 0.100000 0.058125 0.093333
0 0.215938 0.431250 0.069375 0.085833
0 0.600313 0.497917 0.071875 0.089167
0 0.664687 0.277917 0.076875 0.097500
0 0.654062 0.867917 0.056875 0.075833
0 0.772188 0.387917 0.054375 0.090833
0 0.353750 0.393333 0.072500 0.093333
0 0.355625 0.111667 0.052500 0.091667
0 0.391875 0.410833 0.080000 0.098333
0 0.800937 0.095417 0.066875 0.070833
0 0.496250 0.664583 0.081250 0.099167
0 0.822500 0.791250 0.062500 0.085833
0 0.750000 0.270833 0.075000 0.105000
0 0.788125 0.825417 0.056250 0.085833
0 0.211562 0.702500 0.068125 0.096667
0 0.220000 0.127917 0.077500 0.072500
0 0.714063 0.887500 0.058125 0.083333
0 0.112187 0.096667 0.075625 0.081667
0 0.525937 0.153750 0.070625 0.105833
1 0.531563 0.443333 0.076875 0.120000
1 0.143437 0.652500 0.058125 0.078333
0 0.144375 0.097500 0.051250 0.080000
0 0.601562 0.592500 0.056875 0.071667
