0 0.481875 0.400417 0.073750 0.092500
0 0.460938 0.096250 0.076875 0.094167
0 0.799687 0.604583 0.076875 0.100833
0 0.289062 0.328750 0.075625 0.107500
0 0.320625 0.219583 0.085000 0.100833
0 0.613125 0.907500 0.080000 0.093333
0 0.900312 0.262917 0.081875 0.100833
0 0.135937 0.308333 0.080625 0.106667
0 0.356875 0.913333 0.067500 0.091667
0 0.629687 0.722500 0.079375 0.100000
0 0.212500 0.272917 0.073750 0.107500
0 0.530000 0.050000 0.080000 0.096667
0 0.471250 0.569167 0.085000 0.105000
0 0.636563 0.817083 0.074375 0.097500
0 0.685625 0.893750 0.073750 0.097500
0 0.312812 0.120833 0.078125 0.098333
0 0.815312 0.715000 0.080625 0.098333
0 0.558750 0.852083 0.081250 0.102500
0 0.703125 0.506250 0.080000 0.097500
0 0.048125 0.444583 0.075000 0.104167
0 0.387188 0.077500 0.073125 0.093333
0 0.564688 0.244583 0.083125 0.112500
0 0.851875 0.767500 0.085000 0.108333
0 0.754375 0.634583 0.075000 0.107500
0 0.785000 0.272083 0.086250 0.102500
0 0.752812 0.755417 0.075625 0.107500
0 0.889375 0.051667 0.070000 0.095000
0 0.682813 0.640417 0.078125 0.104167
0 0.392188 0.731250 0.083125 0.097500
1 0.189062 0.688333 0.093125 0.145000
0 0.220625 0.632500 0.072500 0.103333
0 0.449375 0.302083 0.081250 0.094167
0 0.932187 0.912500 0.085625 0.096667
