0 0.219688 0.393750 0.060625 0.085833
0 0.420312 0.317083 0.055625 0.080833
0 0.850000 0.469167 0.061250 0.086667
0 0.284687 0.220833 0.060625 0.088333
4 0.780937 0.218750 0.078125 0.105833
0 0.371875 0.244583 0.060000 0.075833
0 0.673750 0.479167 0.063750 0.086667
0 0.443437 0.563750 0.075625 0.097500
0 0.353125 0.433750 0.063750 0.082500
0 0.710938 0.063750 0.068125 0.075833
0 0.456875 0.407917 0.062500 0.085833
0 0.125938 0.193750 0.068125 0.087500
0 0.409062 0.794583 0.066875 0.089167
0 0.386562 0.865000 0.078125 0.088333
0 0.941562 0.472500 0.060625 0.108333
0 0.272813 0.902917 0.068125 0.097500
0 0.638750 0.736667 0.057500 0.088333
0 0.594063 0.611250 0.068125 0.090833
0 0.929375 0.162917 0.063750 0.100833
0 0.338750 0.820000 0.070000 0.086667
0 0.467813 0.948750 0.066875 0.089167
0 0.145313 0.286250 0.059375 0.075833
0 0.695625 0.139583 0.073750 0.080833
0 0.655625 0.616667 0.057500 0.100000
4 0.694063 0.732083 0.061875 0.119167
0 0.692187 0.207083 0.096875 0.089167
0 0.809375 0.519583 0.063750 0.099167
0 0.339062 0.315833 0.064375 0.080000
