0 0.745625 0.161667 0.071250 0.100000
0 0.138750 0.310417 0.076250 0.095833
0 0.678438 0.235833 0.061875 0.085000
0 0.883125 0.065000 0.073750 0.085000
0 0.535625 0.487917 0.073750 0.102500
0 0.307188 0.775833 0.079375 0.105000
0 0.583438 0.722500 0.065625 0.081667
0 0.177187 0.240417 0.071875 0.080833
0 0.802188 0.097500 0.075625 0.090000
0 0.186875 0.078750 0.083750 0.099167
0 0.406250 0.217083 0.073750 0.100833
0 0.472813 0.211250 0.073125 0.092500
0 0.161250 0.535417 0.070000 0.087500
0 0.329062 0.525417 0.071875 0.090833
0 0.230937 0.183333 0.061875 0.083333
0 0.615938 0.208750 0.061875 0.074167
0 0.105625 0.402083 0.068750 0.085833
0 0.596250 0.652500 0.071250 0.091667
0 0.648750 0.361250 0.070000 0.094167
0 0.392188 0.523750 0.071875 0.092500
0 0.844375 0.135000 0.070000 0.078333
0 0.445625 0.620000 0.067500 0.095000
0 0.651563 0.138750 0.064375 0.099167
0 0.528125 0.578333 0.071250 0.090000
0 0.925312 0.136250 0.068125 0.092500
0 0.339687 0.583333 0.069375 0.101667
0 0.652813 0.806667 0.063125 0.088333
0 0.767813 0.551667 0.071875 0.101667
0 0.785937 0.240000 0.073125 0.088333
0 0.589688 0.561250 0.060625 0.065833
0 0.350000 0.670833 0.082500 0.095000
0 0.574688 0.357917 0.074375 0.095833
0 0.051562 0.397500 0.071875 0.095000
0 0.062187 0.246667 0.064375 0.091667
0 0.369375 0.094583 0.067500 0.102500
0 0.387813 0.780417 0.069375 0.085833
0 0.112500 0.124167 0.072500 0.083333
0 0.701875 0.531250 0.066250 0.099167
0 0.562500 0.266667 0.072500 0.093333
0 0.548750 0.868750 0.052500 0.090833
0 0.057813 0.553750 0.063125 0.090833
0 0.939688 0.761250 0.071875 0.095833
1 0.721875 0.785417 0.093750 0.112500
1 0.851562 0.772917 0.080625 0.119167
1 0.537500 0.108750 0.112500 0.085833
1 0.123125 0.582083 0.093750 0.112500
0 0.497188 0.906667 0.064375 0.080000
0 0.240313 0.930417 0.066875 0.079167
0 0.170313 0.935833 0.068125 0.085000
0 0.048125 0.155000 0.056250 0.075000
0 0.066250 0.527083 0.062500 0.087500
0 0.332188 0.172500 0.075625 0.078333
0 0.296250 0.108750 0.081250 0.082500
0 0.290625 0.165000 0.062500 0.086667
0 0.432500 0.247917 0.071250 0.085833
0 0.463125 0.070417 0.055000 0.087500
0 0.433750 0.045417 0.062500 0.080833
0 0.901250 0.211667 0.058750 0.076667
0 0.921562 0.051667 0.068125 0.093333
0 0.821562 0.314583 0.060625 0.077500
0 0.577500 0.247083 0.058750 0.087500
0 0.481250 0.305000 0.063750 0.071667
0 0.595000 0.494167 0.051250 0.078333
0 0.511563 0.807500 0.049375 0.075000
0 0.524687 0.657500 0.065625 0.078333
0 0.474062 0.819167 0.054375 0.076667
0 0.428438 0.703333 0.063125 0.095000
0 0.455937 0.719583 0.061875 0.090833
0 0.497188 0.735417 0.066875 0.090833
0 0.860938 0.194167 0.069375 0.100000
0 0.610938 0.425000 0.083125 0.101667
0 0.554688 0.426667 0.066875 0.101667
0 0.680312 0.381250 0.069375 0.082500
0 0.347500 0.064167 0.077500 0.081667
0 0.039375 0.227083 0.060000 0.065833
0 0.718437 0.331667 0.070625 0.075000
0 0.744062 0.297917 0.068125 0.070833
0 0.130938 0.127500 0.066875 0.070000
0 0.511250 0.372500 0.062500 0.100000
0 0.374063 0.618750 0.069375 0.082500
0 0.707812 0.490833 0.065625 0.073333
0 0.907813 0.781250 0.061875 0.090833
