0 0.848125 0.786250 0.057500 0.079167
0 0.610625 0.868750 0.063750 0.090833
0 0.395000 0.700417 0.071250 0.100833
0 0.245938 0.582917 0.075625 0.090833
0 0.105313 0.639167 0.059375 0.075000
3 0.626250 0.768750 0.073750 0.085833
0 0.464687 0.587917 0.071875 0.095833
0 0.098125 0.525000 0.052500 0.078333
0 0.527500 0.751250 0.068750 0.087500
0 0.048125 0.602083 0.067500 0.080833
0 0.678125 0.068333 0.065000 0.081667
1 0.856250 0.904167 0.071250 0.105000
0 0.668438 0.630000 0.070625 0.100000
0 0.207187 0.103333 0.069375 0.088333
0 0.815937 0.656667 0.065625 0.080000
0 0.715313 0.800417 0.061875 0.075833
0 0.701562 0.487083 0.058125 0.064167
0 0.325313 0.683750 0.065625 0.085833
0 0.361250 0.234583 0.075000 0.085833
0 0.722187 0.150417 0.068125 0.077500
0 0.665312 0.082083 0.070625 0.074167
0 0.905625 0.828750 0.067500 0.089167
0 0.449375 0.744583 0.057500 0.079167
0 0.165625 0.717083 0.065000 0.080833
0 0.070000 0.167500 0.063750 0.080000
0 0.826562 0.153333 0.065625 0.085000
0 0.250937 0.370417 0.051875 0.079167
0 0.062500 0.294167 0.058750 0.075000
0 0.893750 0.564167 0.060000 0.076667
0 0.918125 0.256667 0.066250 0.088333
0 0.288125 0.060000 0.070000 0.078333
0 0.240937 0.492917 0.059375 0.077500
0 0.276875 0.722500 0.063750 0.085000
0 0.035625 0.825833 0.066250 0.081667
0 0.854688 0.402083 0.060625 0.072500
0 0.912188 0.176250 0.055625 0.079167
0 0.514062 0.090833 0.063125 0.076667
0 0.210625 0.447083 0.061250 0.079167
0 0.079687 0.247917 0.059375 0.077500
6 0.590313 0.471250 0.089375 0.100833
0 0.866563 0.214583 0.064375 0.079167
0 0.576562 0.625833 0.066875 0.090000
0 0.393125 0.114583 0.057500 0.079167
0 0.665937 0.890833 0.058125 0.088333
0 0.859062 0.059167 0.055625 0.065000
0 0.716250 0.411667 0.073750 0.091667
0 0.548438 0.377083 0.061875 0.084167
0 0.475938 0.287083 0.050625 0.082500
0 0.635000 0.270000 0.066250 0.083333
0 0.547188 0.830833 0.060625 0.080000
0 0.813750 0.469167 0.052500 0.070000
0 0.797813 0.095417 0.066875 0.070833
1 0.687187 0.322917 0.078125 0.087500
0 0.512813 0.443750 0.060625 0.082500
0 0.721875 0.887500 0.066250 0.078333
0 0.458750 0.870000 0.067500 0.081667
0 0.124688 0.757500 0.059375 0.076667
3 0.475313 0.473750 0.078125 0.107500
3 0.163438 0.354583 0.100625 0.112500
0 0.076563 0.092500 0.064375 0.071667
1 0.543125 0.659167 0.077500 0.103333
0 0.960938 0.595417 0.056875 0.074167
0 0.144375 0.068750 0.055000 0.075833
0 0.943750 0.533750 0.058750 0.075833
0 0.140937 0.898333 0.054375 0.078333
0 0.314375 0.145417 0.062500 0.079167
0 0.962812 0.819583 0.055625 0.080833
0 0.183438 0.637917 0.071875 0.082500
0 0.284062 0.256667 0.058125 0.075000
0 0.494063 0.817917 0.061875 0.072500
0 0.666562 0.524167 0.053125 0.066667
0 0.231250 0.677917 0.047500 0.075833
0 0.450000 0.356250 0.052500 0.062500
0 0.367500 0.067500 0.062500 0.078333
0 0.387500 0.964167 0.052500 0.066667
0 0.190312 0.892500 0.049375 0.055000
0 0.663750 0.386250 0.055000 0.062500
