0 0.913750 0.197917 0.065000 0.092500
0 0.071563 0.279167 0.071875 0.078333
0 0.730000 0.599583 0.068750 0.094167
0 0.606250 0.574583 0.065000 0.107500
0 0.813750 0.453333 0.063750 0.098333
0 0.453125 0.836667 0.062500 0.091667
0 0.913750 0.412500 0.065000 0.096667
0 0.570625 0.853333 0.063750 0.098333
0 0.711875 0.373750 0.063750 0.104167
0 0.308437 0.252917 0.065625 0.095833
0 0.307188 0.834167 0.056875 0.088333
0 0.525000 0.657083 0.066250 0.094167
0 0.153750 0.369167 0.070000 0.080000
0 0.406250 0.445000 0.067500 0.093333
0 0.643750 0.517500 0.061250 0.113333
0 0.320000 0.418750 0.061250 0.074167
0 0.387813 0.898333 0.075625 0.090000
0 0.627812 0.824583 0.075625 0.104167
0 0.145937 0.798333 0.083125 0.086667
0 0.437500 0.235833 0.070000 0.083333
0 0.932813 0.919167 0.074375 0.093333
0 0.595000 0.064167 0.052500 0.075000
0 0.878437 0.673333 0.079375 0.096667
0 0.654375 0.134583 0.065000 0.080833
0 0.440625 0.331667 0.070000 0.113333
0 0.919687 0.525833 0.065625 0.080000
0 0.360000 0.223333 0.073750 0.115000
0 0.760938 0.330417 0.073125 0.114167
0 0.096562 0.430417 0.078125 0.087500
0 0.677813 0.635000 0.055625 0.090000
0 0.744687 0.496250 0.074375 0.112500
0 0.851250 0.231250 0.057500 0.104167
0 0.881563 0.865417 0.065625 0.089167
0 0.264688 0.625417 0.061875 0.084167
0 0.558750 0.400417 0.072500 0.112500
0 0.800000 0.142917 0.063750 0.087500
0 0.391875 0.800417 0.058750 0.087500
0 0.713437 0.079583 0.066875 0.100833
0 0.485625 0.502083 0.080000 0.122500
0 0.584375 0.456667 0.066250 0.100000
0 0.867188 0.484583 0.074375 0.092500
0 0.839688 0.640000 0.074375 0.085000
0 0.420938 0.723333 0.066875 0.093333
0 0.610625 0.133333 0.071250 0.088333
0 0.631563 0.283750 0.061875 0.117500
0 0.828125 0.889167 0.072500 0.111667
0 0.824375 0.539167 0.075000 0.083333
0 0.095625 0.193333 0.073750 0.103333
0 0.364063 0.125417 0.076875 0.097500
0 0.478438 0.673333 0.054375 0.116667
0 0.246875 0.826667 0.051250 0.110000
0 0.144375 0.525000 0.072500 0.095000
0 0.917500 0.740833 0.081250 0.071667
0 0.477500 0.362083 0.062500 0.112500
0 0.695000 0.222917 0.063750 0.119167
0 0.872812 0.558333 0.071875 0.083333
0 0.215000 0.805000 0.058750 0.130000
0 0.915625 0.052083 0.062500 0.102500
0 0.297812 0.720417 0.080625 0.102500
0 0.174063 0.885000 0.076875 0.070000
0 0.070312 0.142500 0.084375 0.101667
0 0.184062 0.290000 0.071875 0.091667
0 0.113125 0.670417 0.071250 0.095833
0 0.127500 0.597917 0.096250 0.089167
0 0.522813 0.241250 0.080625 0.087500
0 0.745000 0.237083 0.072500 0.102500
0 0.670312 0.308750 0.073125 0.097500
0 0.552188 0.765417 0.085625 0.089167
0 0.249688 0.211667 0.051875 0.140000
0 0.505000 0.895417 0.077500 0.089167
0 0.786875 0.098333 0.080000 0.088333
0 0.367812 0.336667 0.069375 0.113333
0 0.055313 0.929167 0.044375 0.121667
0 0.391250 0.526667 0.082500 0.108333
0 0.341562 0.367500 0.075625 0.080000
0 0.930000 0.815000 0.077500 0.095000
0 0.678438 0.044583 0.068125 0.087500
0 0.152500 0.950417 0.081250 0.072500
0 0.071563 0.664583 0.056875 0.102500
0 0.647813 0.401250 0.058125 0.105833
0 0.174063 0.236250 0.085625 0.084167
0 0.962187 0.846667 0.064375 0.093333
0 0.610625 0.403333 0.047500 0.120000
