0 0.227500 0.271667 0.076250 0.098333
0 0.409687 0.419167 0.079375 0.095000
0 0.346250 0.694167 0.080000 0.088333
0 0.224375 0.656250 0.072500 0.094167
0 0.364063 0.266250 0.074375 0.102500
0 0.880000 0.940833 0.062500 0.085000
0 0.624375 0.360417 0.072500 0.092500
0 0.750625 0.042083 0.068750 0.082500
0 0.156562 0.855833 0.075625 0.098333
0 0.806875 0.792917 0.075000 0.097500
0 0.618750 0.133750 0.072500 0.090833
0 0.241250 0.762083 0.080000 0.080833
0 0.892500 0.690000 0.068750 0.096667
3 0.955000 0.136667 0.073750 0.106667
0 0.710938 0.777917 0.069375 0.095833
0 0.524062 0.202083 0.078125 0.104167
0 0.440000 0.576250 0.070000 0.087500
0 0.308125 0.929583 0.066250 0.092500
0 0.116250 0.335833 0.075000 0.106667
0 0.300625 0.552917 0.076250 0.102500
0 0.940312 0.363333 0.068125 0.093333
0 0.550312 0.539167 0.070625 0.090000
0 0.446875 0.252083 0.075000 0.092500
0 0.765312 0.202500 0.068125 0.098333
0 0.800000 0.706667 0.076250 0.095000
0 0.433125 0.072500 0.085000 0.111667
0 0.493750 0.871250 0.072500 0.084167
0 0.564688 0.687917 0.074375 0.092500
0 0.429688 0.503333 0.088125 0.081667
0 0.625000 0.052083 0.070000 0.085833
0 0.902500 0.457917 0.071250 0.102500
0 0.512813 0.715417 0.079375 0.109167
6 0.245625 0.057083 0.073750 0.104167
0 0.558750 0.927083 0.082500 0.097500
0 0.835313 0.440833 0.068125 0.085000
0 0.279062 0.823750 0.070625 0.097500
0 0.352187 0.523750 0.073125 0.107500
0 0.892188 0.147083 0.070625 0.079167
0 0.746563 0.107917 0.079375 0.090833
0 0.858437 0.495833 0.068125 0.103333
0 0.207187 0.928333 0.080625 0.100000
0 0.108438 0.626250 0.090625 0.085833
0 0.088125 0.155833 0.060000 0.085000
0 0.049063 0.690000 0.079375 0.100000
0 0.041250 0.260000 0.081250 0.085000
0 0.517188 0.117083 0.065625 0.079167
