0 0.700313 0.158333 0.084375 0.088333
0 0.181250 0.781250 0.068750 0.097500
0 0.609375 0.389583 0.085000 0.097500
0 0.624375 0.090833 0.077500 0.071667
0 0.517500 0.905417 0.080000 0.105833
0 0.660312 0.541667 0.073125 0.105000
0 0.603125 0.252083 0.080000 0.097500
0 0.858125 0.099167 0.080000 0.078333
0 0.591875 0.159167 0.078750 0.088333
0 0.243750 0.776250 0.072500 0.104167
0 0.390313 0.281667 0.084375 0.101667
0 0.808750 0.185417 0.086250 0.085833
0 0.760625 0.062500 0.076250 0.091667
0 0.190312 0.864167 0.074375 0.086667
0 0.659062 0.937083 0.078125 0.087500
0 0.714375 0.320417 0.073750 0.102500
0 0.776563 0.590833 0.083125 0.098333
0 0.401562 0.792500 0.105625 0.080000
0 0.285625 0.654583 0.066250 0.089167
0 0.134375 0.889167 0.062500 0.098333
0 0.280000 0.737083 0.082500 0.090833
0 0.830625 0.897083 0.098750 0.080833
0 0.111250 0.824167 0.067500 0.108333
0 0.232187 0.263750 0.090625 0.074167
0 0.509687 0.569583 0.074375 0.105833
0 0.135625 0.177917 0.100000 0.082500
0 0.308437 0.147083 0.079375 0.099167
0 0.672500 0.778333 0.086250 0.101667
0 0.799687 0.532500 0.068125 0.123333
0 0.402813 0.736250 0.100625 0.077500
0 0.599063 0.525833 0.064375 0.118333
0 0.385937 0.667083 0.096875 0.090833
0 0.965313 0.437500 0.063125 0.095000
0 0.947500 0.222500 0.103750 0.080000
0 0.767188 0.960000 0.100625 0.073333
0 0.179688 0.160417 0.071875 0.114167
0 0.878750 0.037500 0.125000 0.068333
