0 0.313437 0.925833 0.068125 0.105000
0 0.313437 0.464167 0.073125 0.091667
0 0.719375 0.839583 0.076250 0.092500
0 0.219062 0.472083 0.064375 0.077500
0 0.149688 0.370000 0.066875 0.085000
0 0.268750 0.173750 0.065000 0.092500
0 0.881250 0.920000 0.076250 0.091667
0 0.088438 0.360000 0.066875 0.083333
0 0.415938 0.215833 0.071875 0.085000
0 0.415000 0.854167 0.075000 0.088333
0 0.680937 0.679167 0.076875 0.108333
0 0.387188 0.456250 0.079375 0.090833
0 0.188438 0.707083 0.070625 0.089167
0 0.728750 0.439167 0.083750 0.105000
0 0.203750 0.808333 0.077500 0.105000
0 0.641563 0.634583 0.080625 0.095833
0 0.812500 0.883333 0.070000 0.095000
0 0.249688 0.085833 0.076875 0.093333
0 0.309688 0.862917 0.078125 0.090833
0 0.571562 0.613333 0.068125 0.093333
0 0.451875 0.364583 0.061250 0.075833
0 0.238437 0.884167 0.071875 0.093333
0 0.918750 0.795000 0.077500 0.105000
0 0.802188 0.200417 0.071875 0.080833
0 0.506563 0.234583 0.059375 0.075833
0 0.865625 0.760000 0.063750 0.090000
0 0.596250 0.106250 0.077500 0.102500
0 0.340625 0.540417 0.058750 0.085833
0 0.411875 0.538750 0.078750 0.094167
0 0.785000 0.632917 0.068750 0.094167
0 0.664062 0.103333 0.073125 0.081667
0 0.038437 0.437500 0.068125 0.088333
0 0.815312 0.675417 0.073125 0.100833
0 0.457188 0.436667 0.064375 0.070000
0 0.353125 0.132500 0.068750 0.085000
0 0.284062 0.650833 0.075625 0.093333
1 0.490000 0.905417 0.072500 0.115833
0 0.627500 0.924167 0.082500 0.100000
1 0.490938 0.084583 0.068125 0.115833
0 0.224688 0.230000 0.066875 0.091667
0 0.165937 0.100000 0.059375 0.070000
0 0.540625 0.073333 0.053750 0.076667
5 0.571875 0.372500 0.071250 0.095000
0 0.901563 0.135833 0.083125 0.088333
0 0.628437 0.865000 0.075625 0.106667
0 0.250000 0.567500 0.070000 0.095000
0 0.864062 0.061250 0.071875 0.072500
0 0.431250 0.326250 0.068750 0.082500
0 0.051250 0.205833 0.067500 0.076667
0 0.156250 0.232917 0.063750 0.075833
0 0.797813 0.070833 0.076875 0.085000
0 0.186875 0.542500 0.055000 0.088333
0 0.454062 0.287917 0.074375 0.085833
0 0.502500 0.335000 0.061250 0.085000
0 0.661250 0.552083 0.067500 0.084167
1 0.637188 0.277500 0.076875 0.113333
0 0.609688 0.779583 0.066875 0.092500
0 0.482812 0.506250 0.066875 0.074167
0 0.089063 0.197500 0.073125 0.090000
0 0.283438 0.779167 0.060625 0.081667
0 0.525625 0.142083 0.060000 0.067500
0 0.557813 0.208333 0.066875 0.081667
0 0.835625 0.142917 0.061250 0.084167
0 0.735313 0.162917 0.070625 0.100833
0 0.697812 0.380000 0.065625 0.078333
0 0.290625 0.564167 0.073750 0.106667
0 0.571562 0.513333 0.063125 0.081667
0 0.201250 0.607083 0.071250 0.094167
1 0.111562 0.581667 0.108125 0.126667
0 0.615000 0.696667 0.061250 0.076667
1 0.338125 0.225417 0.081250 0.110833
0 0.780312 0.800833 0.061875 0.076667
0 0.810625 0.794167 0.062500 0.085000
1 0.160312 0.163750 0.109375 0.085833
0 0.600313 0.526667 0.064375 0.080000
0 0.502500 0.513333 0.061250 0.075000
0 0.550000 0.285833 0.060000 0.073333
0 0.584688 0.287917 0.065625 0.084167
0 0.358438 0.098750 0.069375 0.090833
0 0.372812 0.047917 0.069375 0.089167
0 0.407187 0.070417 0.063125 0.094167
0 0.638125 0.196250 0.073750 0.082500
0 0.137813 0.595000 0.064375 0.078333
0 0.234687 0.654167 0.054375 0.065000
0 0.644375 0.719583 0.080000 0.087500
