0 0.047188 0.383333 0.065625 0.080000
0 0.163750 0.910833 0.076250 0.096667
0 0.160000 0.586667 0.062500 0.080000
0 0.551875 0.374583 0.075000 0.095833
0 0.775000 0.893750 0.076250 0.097500
0 0.528438 0.704583 0.073125 0.085833
0 0.303750 0.412917 0.062500 0.084167
0 0.355625 0.552083 0.075000 0.095833
0 0.339375 0.644167 0.072500 0.096667
0 0.593437 0.757083 0.068125 0.099167
0 0.419375 0.065417 0.065000 0.084167
0 0.606875 0.080417 0.068750 0.092500
0 0.911250 0.781250 0.063750 0.085833
0 0.278750 0.622083 0.062500 0.084167
0 0.715938 0.104583 0.063125 0.092500
0 0.133750 0.233750 0.060000 0.090833
0 0.139375 0.482500 0.060000 0.098333
0 0.853750 0.894167 0.072500 0.085000
0 0.533750 0.612917 0.063750 0.090833
0 0.682187 0.317917 0.064375 0.095833
0 0.857187 0.402083 0.066875 0.084167
0 0.452188 0.145417 0.064375 0.075833
0 0.948438 0.362083 0.073125 0.095833
0 0.243438 0.109167 0.064375 0.075000
0 0.683438 0.941667 0.065625 0.085000
1 0.215938 0.536250 0.078125 0.099167
1 0.909687 0.234167 0.074375 0.106667
0 0.481875 0.766250 0.066250 0.084167
0 0.184375 0.241667 0.057500 0.083333
0 0.845000 0.664583 0.060000 0.084167
0 0.835313 0.497917 0.061875 0.092500
0 0.043750 0.871667 0.078750 0.085000
0 0.969688 0.640833 0.060625 0.066667
0 0.477500 0.224167 0.063750 0.090000
0 0.360625 0.122500 0.068750 0.091667
0 0.310937 0.803750 0.065625 0.102500
0 0.079687 0.520000 0.069375 0.091667
0 0.080312 0.256667 0.064375 0.071667
0 0.485312 0.341667 0.066875 0.086667
0 0.359063 0.724167 0.066875 0.075000
0 0.814688 0.751250 0.063125 0.104167
0 0.094687 0.154583 0.051875 0.072500
0 0.102188 0.570417 0.071875 0.102500
0 0.768750 0.727500 0.058750 0.068333
1 0.355312 0.839583 0.079375 0.125833
