0 0.240937 0.603333 0.079375 0.106667
0 0.499063 0.265417 0.075625 0.105833
0 0.500313 0.603750 0.079375 0.099167
0 0.866563 0.829583 0.085625 0.112500
0 0.146250 0.252083 0.075000 0.104167
0 0.444375 0.546250 0.081250 0.119167
0 0.959063 0.502917 0.075625 0.114167
0 0.817187 0.412083 0.074375 0.092500
0 0.907500 0.432500 0.075000 0.108333
0 0.784062 0.730000 0.083125 0.108333
0 0.145625 0.760417 0.072500 0.095833
0 0.680625 0.826250 0.076250 0.099167
0 0.592187 0.786667 0.081875 0.098333
0 0.396875 0.107917 0.077500 0.099167
0 0.628437 0.940833 0.070625 0.096667
0 0.218750 0.179583 0.067500 0.084167
0 0.696562 0.136250 0.079375 0.102500
0 0.290625 0.632083 0.075000 0.100833
0 0.290625 0.448333 0.066250 0.100000
0 0.760312 0.570000 0.074375 0.103333
0 0.552500 0.212500 0.081250 0.101667
0 0.195937 0.913750 0.076875 0.104167
