0 0.406250 0.740833 0.062500 0.085000
0 0.437188 0.315417 0.078125 0.097500
0 0.550625 0.622917 0.067500 0.087500
0 0.159688 0.179167 0.064375 0.075000
0 0.290625 0.417083 0.070000 0.092500
0 0.217500 0.754167 0.065000 0.096667
0 0.231250 0.530833 0.075000 0.101667
0 0.251250 0.934583 0.073750 0.102500
0 0.717500 0.687500 0.075000 0.100000
0 0.774687 0.274167 0.070625 0.090000
0 0.842812 0.703750 0.080625 0.092500
0 0.139687 0.490000 0.066875 0.096667
0 0.365312 0.539583 0.074375 0.097500
0 0.888750 0.779583 0.071250 0.105833
0 0.827187 0.336667 0.073125 0.093333
0 0.204375 0.452083 0.073750 0.100833
0 0.625625 0.633333 0.067500 0.081667
0 0.596875 0.359583 0.073750 0.079167
0 0.545000 0.697500 0.073750 0.096667
0 0.043437 0.517083 0.073125 0.085833
0 0.892813 0.324167 0.073125 0.096667
0 0.653125 0.237917 0.072500 0.094167
0 0.653750 0.387083 0.072500 0.102500
0 0.399062 0.477083 0.070625 0.094167
0 0.543125 0.205417 0.072500 0.105833
0 0.221875 0.183333 0.061250 0.101667
0 0.462500 0.473750 0.061250 0.099167
0 0.636875 0.694583 0.075000 0.079167
0 0.554063 0.419583 0.079375 0.104167
0 0.063437 0.611250 0.068125 0.095833
0 0.437500 0.060000 0.083750 0.095000
0 0.940625 0.220417 0.072500 0.102500
0 0.164062 0.800833 0.059375 0.085000
0 0.286250 0.740000 0.075000 0.081667
0 0.181250 0.855833 0.067500 0.091667
0 0.060312 0.344167 0.069375 0.113333
0 0.494063 0.878750 0.085625 0.099167
0 0.074375 0.271667 0.060000 0.081667
0 0.504375 0.779583 0.071250 0.087500
0 0.543125 0.091667 0.068750 0.100000
0 0.360000 0.888333 0.073750 0.086667
0 0.777813 0.520000 0.071875 0.088333
0 0.276875 0.204583 0.075000 0.099167
0 0.459062 0.806667 0.065625 0.081667
0 0.852500 0.236250 0.082500 0.095833
0 0.717812 0.587917 0.074375 0.095833
0 0.053125 0.777917 0.075000 0.099167
0 0.098437 0.810417 0.066875 0.099167
0 0.727500 0.461667 0.071250 0.100000
0 0.673438 0.156250 0.076875 0.099167
0 0.125312 0.299167 0.069375 0.106667
0 0.701562 0.348333 0.065625 0.091667
0 0.426250 0.880000 0.072500 0.093333
0 0.453750 0.645833 0.080000 0.111667
0 0.682187 0.535417 0.070625 0.084167
0 0.793750 0.447917 0.067500 0.100833
0 0.384062 0.946667 0.086875 0.100000
0 0.403438 0.821250 0.075625 0.087500
0 0.279687 0.657500 0.085625 0.095000
4 0.175313 0.314167 0.069375 0.128333
0 0.681250 0.490833 0.077500 0.078333
