0 0.864375 0.600000 0.077500 0.095000
0 0.775000 0.383333 0.072500 0.098333
0 0.066875 0.438333 0.070000 0.106667
0 0.559688 0.089583 0.081875 0.100833
0 0.513437 0.623333 0.070625 0.101667
0 0.530625 0.248750 0.075000 0.107500
0 0.048125 0.607500 0.072500 0.093333
0 0.716562 0.770833 0.073125 0.110000
0 0.131875 0.125833 0.073750 0.091667
0 0.879062 0.664583 0.073125 0.097500
0 0.232813 0.175000 0.075625 0.095000
0 0.886875 0.334167 0.071250 0.101667
0 0.295625 0.842500 0.071250 0.095000
0 0.360312 0.216250 0.080625 0.105833
0 0.465938 0.787917 0.075625 0.100833
0 0.622188 0.682500 0.066875 0.095000
0 0.842812 0.937083 0.070625 0.094167
0 0.708125 0.520417 0.076250 0.102500
0 0.136250 0.403333 0.077500 0.101667
0 0.260313 0.419167 0.070625 0.098333
0 0.621563 0.371667 0.071875 0.098333
0 0.664062 0.228750 0.070625 0.114167
0 0.114062 0.331250 0.076875 0.107500
0 0.967187 0.319167 0.061875 0.100000
0 0.743750 0.077917 0.077500 0.099167
0 0.660000 0.921667 0.071250 0.090000
0 0.449375 0.692500 0.083750 0.093333
0 0.605313 0.587083 0.081875 0.092500
0 0.948125 0.952083 0.068750 0.094167
0 0.590625 0.820417 0.076250 0.109167
0 0.651563 0.482083 0.060625 0.097500
0 0.419063 0.486667 0.070625 0.095000
0 0.298438 0.133333 0.073125 0.091667
0 0.271250 0.705417 0.073750 0.107500
0 0.318750 0.575833 0.072500 0.105000
0 0.703438 0.413750 0.080625 0.099167
0 0.488750 0.454167 0.076250 0.110000
0 0.428750 0.632500 0.066250 0.086667
0 0.047500 0.158333 0.067500 0.095000
0 0.218438 0.815417 0.073125 0.094167
0 0.838750 0.505833 0.073750 0.096667
0 0.679063 0.082083 0.070625 0.095833
0 0.234687 0.570000 0.059375 0.085000
0 0.489063 0.944167 0.066875 0.095000
0 0.353125 0.438333 0.076250 0.091667
0 0.368437 0.893333 0.083125 0.110000
0 0.198437 0.712083 0.074375 0.105833
0 0.954688 0.582083 0.065625 0.082500
0 0.118438 0.516250 0.066875 0.095833
0 0.189375 0.461667 0.071250 0.081667
0 0.473750 0.407500 0.073750 0.106667
0 0.401250 0.379583 0.070000 0.102500
0 0.954688 0.658750 0.060625 0.074167
0 0.710625 0.869167 0.065000 0.091667
0 0.760938 0.831667 0.065625 0.101667
0 0.556875 0.331250 0.066250 0.124167
0 0.270313 0.257083 0.068125 0.095833
0 0.625938 0.779583 0.065625 0.112500
0 0.330000 0.388750 0.072500 0.104167
0 0.785000 0.616667 0.072500 0.095000
1 0.792813 0.670833 0.080625 0.111667
0 0.341875 0.915000 0.075000 0.096667
0 0.104063 0.700000 0.074375 0.101667
0 0.259375 0.663750 0.065000 0.082500
0 0.264062 0.538750 0.060625 0.092500
1 0.138125 0.740417 0.075000 0.130833
0 0.470000 0.946667 0.085000 0.090000
0 0.209375 0.834583 0.077500 0.089167
