0 0.140625 0.522083 0.057500 0.074167
0 0.949688 0.204167 0.060625 0.091667
0 0.741250 0.708333 0.063750 0.080000
0 0.870938 0.291667 0.060625 0.080000
0 0.070938 0.420000 0.061875 0.093333
0 0.602812 0.654167 0.063125 0.083333
0 0.906875 0.537917 0.066250 0.090833
0 0.295938 0.791667 0.073125 0.098333
0 0.588437 0.795000 0.069375 0.090000
0 0.193438 0.283333 0.059375 0.071667
0 0.061875 0.741250 0.075000 0.097500
0 0.848437 0.190833 0.066875 0.086667
0 0.234375 0.170417 0.070000 0.079167
0 0.663750 0.685833 0.061250 0.090000
0 0.518750 0.364583 0.063750 0.085833
0 0.330000 0.538750 0.066250 0.090833
0 0.407500 0.080833 0.075000 0.086667
0 0.444375 0.892500 0.062500 0.081667
0 0.720000 0.508750 0.062500 0.090833
0 0.662188 0.561667 0.065625 0.100000
0 0.519375 0.802500 0.070000 0.088333
0 0.074375 0.195417 0.070000 0.087500
0 0.795937 0.920833 0.060625 0.075000
0 0.848437 0.632083 0.068125 0.097500
0 0.743125 0.854583 0.072500 0.102500
0 0.940312 0.789583 0.059375 0.080833
0 0.584375 0.122917 0.062500 0.090833
0 0.504375 0.283750 0.065000 0.080833
0 0.805312 0.137083 0.069375 0.082500
0 0.455937 0.380833 0.071875 0.083333
0 0.641875 0.473333 0.066250 0.081667
0 0.670937 0.861250 0.068125 0.092500
1 0.455937 0.686667 0.078125 0.111667
0 0.296563 0.612500 0.065625 0.075000
0 0.368437 0.430000 0.068125 0.093333
0 0.075625 0.098750 0.078750 0.079167
0 0.357187 0.211667 0.069375 0.086667
0 0.696875 0.781250 0.062500 0.087500
0 0.780937 0.577917 0.061875 0.082500
0 0.644062 0.385417 0.060625 0.080833
0 0.415938 0.446250 0.054375 0.074167
0 0.934375 0.058333 0.060000 0.095000
0 0.828750 0.052500 0.075000 0.088333
0 0.150938 0.719583 0.071875 0.099167
0 0.273125 0.688750 0.065000 0.067500
0 0.675000 0.225417 0.053750 0.087500
4 0.503125 0.178333 0.085000 0.108333
0 0.570312 0.417083 0.070625 0.105833
0 0.710313 0.290417 0.074375 0.090833
0 0.408125 0.818750 0.068750 0.092500
0 0.205313 0.380000 0.061875 0.075000
0 0.446250 0.131667 0.065000 0.083333
0 0.622500 0.179583 0.062500 0.092500
0 0.384688 0.673333 0.058125 0.090000
0 0.606875 0.559167 0.071250 0.086667
0 0.784687 0.221250 0.058125 0.084167
0 0.280938 0.347500 0.059375 0.098333
0 0.872812 0.780417 0.053125 0.069167
0 0.200625 0.448750 0.063750 0.090833
0 0.354375 0.874583 0.065000 0.107500
0 0.171250 0.945417 0.076250 0.099167
0 0.142813 0.858333 0.058125 0.075000
0 0.685000 0.062500 0.056250 0.073333
0 0.315000 0.392500 0.063750 0.080000
0 0.146875 0.798750 0.066250 0.079167
0 0.903750 0.731667 0.060000 0.066667
4 0.143125 0.437500 0.072500 0.100000
0 0.520938 0.459583 0.060625 0.084167
0 0.846562 0.587500 0.069375 0.101667
0 0.364063 0.044583 0.061875 0.074167
1 0.761563 0.344167 0.086875 0.111667
3 0.272813 0.225417 0.078125 0.119167
0 0.276875 0.522917 0.043750 0.090833
0 0.238125 0.504583 0.062500 0.079167
0 0.505625 0.507917 0.073750 0.102500
0 0.809375 0.440833 0.072500 0.100000
0 0.187500 0.599583 0.083750 0.107500
0 0.234375 0.571250 0.088750 0.069167
0 0.127500 0.955417 0.066250 0.089167
