0 0.561250 0.560417 0.078750 0.105833
0 0.421875 0.699167 0.082500 0.091667
0 0.623750 0.951250 0.081250 0.095833
0 0.921562 0.142500 0.076875 0.115000
0 0.115312 0.702500 0.078125 0.101667
0 0.636250 0.706250 0.066250 0.090833
0 0.429375 0.177500 0.076250 0.096667
0 0.913750 0.928333 0.078750 0.091667
0 0.035312 0.947917 0.070625 0.102500
0 0.601875 0.428750 0.067500 0.100833
0 0.383437 0.807917 0.076875 0.100833
0 0.842812 0.420417 0.079375 0.094167
4 0.048125 0.124167 0.071250 0.106667
0 0.762500 0.367083 0.075000 0.094167
0 0.264062 0.814583 0.075625 0.100833
0 0.103125 0.192083 0.082500 0.114167
0 0.763125 0.222500 0.071250 0.093333
0 0.737500 0.774583 0.068750 0.097500
0 0.872500 0.854167 0.072500 0.108333
0 0.535312 0.692500 0.073125 0.098333
0 0.663750 0.646667 0.082500 0.110000
0 0.769375 0.092500 0.086250 0.095000
0 0.719375 0.177917 0.070000 0.109167
0 0.479375 0.801667 0.072500 0.105000
0 0.469062 0.572083 0.075625 0.099167
0 0.653438 0.327083 0.075625 0.105833
0 0.673750 0.825833 0.076250 0.106667
0 0.595938 0.263750 0.070625 0.087500
0 0.640000 0.099583 0.068750 0.077500
