0 0.183750 0.478333 0.068750 0.081667
0 0.163750 0.900833 0.052500 0.080000
0 0.717187 0.087917 0.069375 0.085833
0 0.284062 0.473333 0.065625 0.083333
0 0.824688 0.424167 0.053125 0.075000
0 0.557500 0.414167 0.067500 0.098333
0 0.435937 0.697917 0.066875 0.090833
0 0.852812 0.124167 0.064375 0.076667
0 0.599688 0.739583 0.068125 0.089167
0 0.739375 0.487917 0.056250 0.090833
0 0.784062 0.114167 0.063125 0.093333
0 0.662813 0.659583 0.066875 0.074167
0 0.134375 0.645833 0.066250 0.095000
0 0.063437 0.382917 0.079375 0.094167
0 0.148750 0.558750 0.067500 0.084167
0 0.484687 0.406667 0.065625 0.078333
0 0.944063 0.077917 0.065625 0.082500
0 0.101875 0.560833 0.058750 0.073333
0 0.917813 0.782500 0.068125 0.090000
0 0.647813 0.144583 0.073125 0.087500
0 0.603125 0.282917 0.058750 0.090833
0 0.630313 0.418333 0.070625 0.083333
0 0.444063 0.807083 0.064375 0.089167
0 0.488125 0.561250 0.058750 0.082500
0 0.774687 0.617917 0.068125 0.084167
0 0.830313 0.847500 0.050625 0.086667
0 0.286562 0.312917 0.074375 0.097500
0 0.135937 0.371250 0.053125 0.072500
0 0.865313 0.512500 0.055625 0.070000
0 0.269375 0.952500 0.077500 0.090000
0 0.437812 0.468750 0.065625 0.089167
0 0.076250 0.159583 0.070000 0.087500
0 0.902813 0.172500 0.063125 0.061667
0 0.629062 0.217500 0.073125 0.075000
0 0.778750 0.485833 0.068750 0.091667
0 0.423125 0.888750 0.071250 0.080833
0 0.660312 0.493750 0.061875 0.070833
0 0.647500 0.576250 0.060000 0.082500
0 0.921562 0.540833 0.070625 0.083333
0 0.138437 0.152500 0.044375 0.086667
0 0.231875 0.199167 0.078750 0.093333
0 0.744062 0.846667 0.068125 0.085000
0 0.100312 0.230000 0.064375 0.081667
0 0.266250 0.246250 0.062500 0.107500
0 0.346875 0.375833 0.062500 0.081667
0 0.708750 0.569583 0.072500 0.080833
0 0.098750 0.318750 0.070000 0.082500
0 0.305312 0.123333 0.070625 0.078333
0 0.219375 0.241667 0.067500 0.088333
0 0.050000 0.687083 0.055000 0.072500
0 0.891875 0.336250 0.061250 0.094167
0 0.156562 0.247917 0.069375 0.089167
0 0.893437 0.455417 0.070625 0.082500
0 0.509375 0.122917 0.081250 0.105833
0 0.059062 0.773750 0.064375 0.089167
0 0.904687 0.251250 0.068125 0.089167
0 0.535000 0.532500 0.055000 0.093333
0 0.354063 0.166667 0.063125 0.083333
0 0.407187 0.130000 0.065625 0.096667
0 0.668438 0.741250 0.061875 0.092500
1 0.330313 0.253750 0.069375 0.102500
0 0.953750 0.215417 0.062500 0.089167
0 0.097500 0.764167 0.070000 0.080000
0 0.725625 0.648750 0.061250 0.079167
0 0.263437 0.052917 0.064375 0.087500
0 0.620938 0.505833 0.060625 0.078333
0 0.506563 0.670000 0.066875 0.081667
0 0.059687 0.601667 0.070625 0.076667
0 0.361563 0.429167 0.065625 0.090000
0 0.088125 0.684583 0.065000 0.075833
0 0.058125 0.463333 0.062500 0.093333
0 0.847812 0.622917 0.066875 0.080833
0 0.738437 0.794167 0.068125 0.101667
0 0.873125 0.860833 0.061250 0.071667
1 0.689063 0.255000 0.081875 0.118333
0 0.926875 0.402917 0.076250 0.057500
0 0.916250 0.642500 0.060000 0.061667
0 0.954063 0.700833 0.081875 0.078333
0 0.874062 0.607083 0.066875 0.094167
0 0.752188 0.920000 0.089375 0.075000
0 0.568750 0.536667 0.062500 0.071667
0 0.970625 0.848333 0.058750 0.080000
