0 0.880625 0.847083 0.076250 0.090833
0 0.050625 0.484167 0.085000 0.095000
0 0.381250 0.911250 0.082500 0.092500
0 0.514062 0.845417 0.078125 0.092500
0 0.692187 0.670833 0.074375 0.095000
0 0.086875 0.554583 0.076250 0.105833
0 0.664375 0.853333 0.075000 0.103333
0 0.882812 0.063750 0.074375 0.107500
0 0.541875 0.344167 0.072500 0.090000
0 0.301250 0.374167 0.083750 0.110000
0 0.918750 0.314583 0.071250 0.104167
0 0.595938 0.405000 0.079375 0.105000
0 0.667500 0.385000 0.070000 0.116667
0 0.805000 0.287083 0.080000 0.104167
0 0.193438 0.921667 0.076875 0.100000
0 0.449688 0.569583 0.074375 0.100833
0 0.305625 0.191250 0.063750 0.087500
0 0.773125 0.617083 0.076250 0.102500
0 0.838750 0.455000 0.076250 0.106667
0 0.648438 0.115000 0.066875 0.103333
0 0.480625 0.695833 0.072500 0.111667
0 0.955000 0.919583 0.081250 0.100833
0 0.647813 0.510833 0.074375 0.103333
0 0.094687 0.785833 0.078125 0.101667
0 0.239375 0.642917 0.062500 0.084167
0 0.124375 0.643333 0.067500 0.105000
0 0.145937 0.879167 0.080625 0.108333
0 0.404062 0.632500 0.070625 0.093333
0 0.502188 0.277917 0.074375 0.099167
0 0.246562 0.787083 0.073125 0.104167
0 0.953750 0.060417 0.075000 0.114167
0 0.810000 0.818333 0.076250 0.090000
0 0.387813 0.494583 0.081875 0.089167
0 0.903438 0.516250 0.076875 0.090833
0 0.857812 0.608750 0.074375 0.092500
0 0.439688 0.818750 0.075625 0.084167
0 0.209375 0.575000 0.078750 0.103333
0 0.575313 0.800000 0.071875 0.095000
0 0.551562 0.635000 0.074375 0.110000
0 0.059375 0.163333 0.085000 0.091667
0 0.080937 0.087083 0.071875 0.100833
0 0.074063 0.250000 0.086875 0.098333
0 0.740938 0.835833 0.075625 0.103333
0 0.762500 0.880833 0.078750 0.096667
0 0.581875 0.579583 0.075000 0.090833
0 0.758125 0.750417 0.072500 0.114167
2 0.250937 0.501667 0.094375 0.158333
0 0.729062 0.280417 0.075625 0.122500
0 0.521563 0.431250 0.084375 0.107500
0 0.144687 0.192917 0.071875 0.092500
