0 0.916562 0.583333 0.069375 0.085000
0 0.298125 0.448750 0.076250 0.090833
0 0.386875 0.576250 0.068750 0.099167
0 0.890000 0.887500 0.057500 0.071667
0 0.765000 0.264167 0.068750 0.078333
0 0.262500 0.206667 0.068750 0.095000
0 0.656250 0.549167 0.068750 0.091667
0 0.451250 0.539583 0.065000 0.089167
0 0.759375 0.734167 0.061250 0.086667
0 0.415312 0.166250 0.075625 0.085833
0 0.456250 0.424583 0.076250 0.102500
0 0.737500 0.197083 0.050000 0.079167
0 0.293125 0.835000 0.075000 0.108333
0 0.099375 0.744167 0.063750 0.090000
0 0.888125 0.365833 0.071250 0.106667
0 0.551562 0.341667 0.076875 0.108333
0 0.945937 0.797500 0.076875 0.096667
3 0.782500 0.862917 0.090000 0.110833
