0 0.786250 0.342500 0.077500 0.103333
0 0.640312 0.116667 0.073125 0.105000
0 0.048438 0.916250 0.085625 0.109167
0 0.077500 0.208333 0.085000 0.101667
0 0.302500 0.765000 0.083750 0.108333
0 0.710000 0.349167 0.078750 0.105000
0 0.802188 0.769167 0.084375 0.110000
0 0.213750 0.792917 0.076250 0.100833
0 0.438750 0.881250 0.076250 0.117500
0 0.603125 0.325000 0.082500 0.110000
0 0.689375 0.650000 0.080000 0.101667
0 0.167187 0.363333 0.074375 0.101667
0 0.298438 0.620417 0.084375 0.109167
0 0.442812 0.226667 0.081875 0.108333
0 0.542188 0.921667 0.079375 0.091667
0 0.905937 0.479583 0.076875 0.110833
0 0.599375 0.750417 0.075000 0.099167
0 0.910937 0.351667 0.083125 0.106667
0 0.729062 0.102083 0.068125 0.085833
0 0.074063 0.413750 0.081875 0.102500
0 0.127500 0.154583 0.073750 0.100833
0 0.784375 0.623333 0.078750 0.108333
0 0.638437 0.458750 0.084375 0.105833
0 0.371250 0.863750 0.063750 0.100833
0 0.698125 0.193333 0.070000 0.083333
0 0.364375 0.151250 0.075000 0.087500
0 0.329688 0.058750 0.075625 0.117500
0 0.278750 0.878333 0.075000 0.100000
0 0.598125 0.211667 0.087500 0.105000
0 0.221562 0.451250 0.079375 0.120833
0 0.309688 0.269583 0.071875 0.109167
0 0.395625 0.540417 0.073750 0.107500
0 0.062500 0.522500 0.076250 0.096667
0 0.961562 0.647500 0.075625 0.103333
0 0.495000 0.086667 0.082500 0.111667
0 0.736250 0.874167 0.081250 0.101667
0 0.077500 0.629167 0.070000 0.135000
0 0.358125 0.247083 0.070000 0.105833
0 0.916562 0.737083 0.073125 0.099167
