0 0.280938 0.342083 0.079375 0.097500
0 0.279687 0.467917 0.084375 0.094167
0 0.774687 0.275000 0.078125 0.100000
0 0.450000 0.405000 0.071250 0.090000
0 0.042500 0.048333 0.080000 0.095000
0 0.898750 0.208750 0.076250 0.107500
0 0.108750 0.324583 0.080000 0.107500
0 0.835938 0.640417 0.079375 0.097500
0 0.392500 0.338333 0.065000 0.096667
0 0.492812 0.078333 0.081875 0.108333
0 0.914375 0.860417 0.076250 0.107500
0 0.319688 0.671667 0.083125 0.105000
0 0.741875 0.113333 0.085000 0.106667
0 0.532500 0.396667 0.082500 0.101667
0 0.536875 0.641667 0.063750 0.091667
0 0.091875 0.120000 0.073750 0.095000
0 0.149375 0.421250 0.073750 0.097500
0 0.246875 0.556667 0.062500 0.088333
0 0.875938 0.342917 0.060625 0.102500
0 0.254688 0.257500 0.073125 0.101667
0 0.739062 0.887500 0.074375 0.111667
0 0.650625 0.467083 0.080000 0.099167
0 0.747812 0.598333 0.078125 0.113333
0 0.373750 0.783750 0.076250 0.097500
0 0.217500 0.684583 0.075000 0.109167
0 0.132500 0.943750 0.070000 0.099167
0 0.821875 0.530417 0.062500 0.120833
0 0.339687 0.107500 0.070625 0.101667
3 0.702500 0.692917 0.096250 0.132500
0 0.173125 0.757083 0.066250 0.094167
0 0.170625 0.526667 0.087500 0.106667
0 0.915625 0.583333 0.078750 0.105000
0 0.960313 0.606667 0.068125 0.091667
0 0.954375 0.150417 0.078750 0.104167
0 0.692187 0.590833 0.059375 0.076667
0 0.380625 0.102083 0.066250 0.110833
0 0.474062 0.655833 0.063125 0.108333
