0 0.301250 0.767083 0.061250 0.090833
0 0.550625 0.374583 0.053750 0.087500
0 0.753750 0.642500 0.068750 0.106667
0 0.368750 0.817500 0.065000 0.086667
0 0.253125 0.612500 0.065000 0.098333
0 0.794687 0.747500 0.080625 0.111667
0 0.561562 0.945000 0.060625 0.090000
0 0.205625 0.905417 0.066250 0.077500
0 0.214688 0.144167 0.071875 0.090000
0 0.835000 0.512083 0.072500 0.097500
0 0.399687 0.545000 0.061875 0.083333
0 0.115937 0.182500 0.064375 0.086667
0 0.685000 0.691667 0.072500 0.091667
0 0.641563 0.299583 0.065625 0.075833
5 0.535937 0.606667 0.083125 0.115000
0 0.406875 0.900417 0.066250 0.090833
0 0.565937 0.735417 0.069375 0.092500
0 0.893750 0.818750 0.063750 0.085833
0 0.413125 0.461667 0.068750 0.086667
0 0.185938 0.313750 0.068125 0.089167
0 0.559688 0.184167 0.065625 0.100000
0 0.060312 0.547917 0.059375 0.089167
0 0.954688 0.947917 0.054375 0.077500
0 0.499688 0.909583 0.068125 0.082500
0 0.945000 0.525000 0.070000 0.085000
0 0.952187 0.758750 0.074375 0.097500
0 0.405625 0.770417 0.071250 0.084167
0 0.240313 0.282917 0.055625 0.085833
0 0.045937 0.631667 0.064375 0.080000
0 0.095000 0.256667 0.075000 0.080000
0 0.094375 0.925000 0.053750 0.075000
0 0.314688 0.881667 0.056875 0.076667
0 0.628125 0.472917 0.065000 0.074167
0 0.462813 0.858750 0.056875 0.084167
0 0.809063 0.325833 0.055625 0.086667
0 0.704688 0.397917 0.068125 0.077500
0 0.883750 0.580417 0.056250 0.082500
0 0.114062 0.313333 0.071875 0.085000
0 0.621563 0.187917 0.054375 0.077500
0 0.530000 0.134583 0.067500 0.079167
0 0.606250 0.387917 0.062500 0.090833
0 0.533125 0.047083 0.063750 0.089167
0 0.419687 0.381250 0.073125 0.089167
0 0.344375 0.363333 0.060000 0.075000
0 0.216250 0.407500 0.062500 0.096667
0 0.317188 0.477500 0.050625 0.066667
0 0.752812 0.322083 0.053125 0.074167
0 0.110937 0.514167 0.055625 0.110000
0 0.669687 0.421250 0.063125 0.070833
0 0.465000 0.328750 0.055000 0.080833
0 0.711250 0.952917 0.058750 0.082500
0 0.690312 0.497917 0.056875 0.080833
0 0.943438 0.402917 0.056875 0.085833
0 0.888125 0.091667 0.068750 0.078333
0 0.222188 0.530000 0.061875 0.083333
0 0.896563 0.457917 0.053125 0.075833
0 0.437188 0.189583 0.055625 0.070833
1 0.708125 0.832083 0.083750 0.120833
0 0.482500 0.767083 0.061250 0.072500
0 0.911563 0.375000 0.060625 0.078333
0 0.417500 0.690833 0.071250 0.101667
0 0.355938 0.246667 0.061875 0.081667
0 0.480312 0.243750 0.055625 0.087500
0 0.924063 0.269167 0.065625 0.073333
0 0.744062 0.897083 0.066875 0.117500
0 0.195937 0.251667 0.066875 0.083333
0 0.135937 0.363750 0.054375 0.074167
0 0.380312 0.041667 0.060625 0.073333
0 0.168437 0.502917 0.054375 0.112500
0 0.298125 0.410000 0.056250 0.063333
1 0.626875 0.758750 0.095000 0.105833
0 0.295938 0.115000 0.055625 0.068333
0 0.449062 0.102083 0.059375 0.082500
0 0.500625 0.700833 0.071250 0.066667
0 0.511563 0.291667 0.050625 0.100000
0 0.446250 0.274583 0.062500 0.074167
0 0.179063 0.047083 0.058125 0.075833
3 0.662500 0.208750 0.067500 0.137500
1 0.468438 0.652500 0.060625 0.140000
0 0.578125 0.281250 0.048750 0.060833
0 0.693125 0.035833 0.055000 0.071667
0 0.270625 0.313750 0.068750 0.092500
0 0.367500 0.502083 0.047500 0.060833
0 0.316563 0.532083 0.049375 0.067500
0 0.264062 0.360000 0.070625 0.090000
0 0.163750 0.439167 0.072500 0.078333
