0 0.351250 0.323750 0.063750 0.084167
0 0.348125 0.510833 0.073750 0.090000
0 0.501250 0.937083 0.066250 0.094167
0 0.845000 0.704167 0.068750 0.093333
0 0.159062 0.848333 0.063125 0.081667
0 0.757812 0.108333 0.059375 0.083333
0 0.243438 0.679583 0.060625 0.079167
0 0.655312 0.765833 0.064375 0.081667
0 0.913438 0.100417 0.063125 0.092500
0 0.707500 0.659583 0.061250 0.077500
0 0.448750 0.560417 0.086250 0.097500
0 0.384375 0.687083 0.070000 0.090833
0 0.739688 0.826667 0.068125 0.073333
0 0.818438 0.377083 0.069375 0.087500
0 0.556250 0.901667 0.067500 0.086667
0 0.258125 0.590000 0.075000 0.101667
0 0.901250 0.362917 0.053750 0.077500
0 0.337813 0.186667 0.074375 0.088333
0 0.365938 0.734167 0.073125 0.091667
0 0.349687 0.937500 0.060625 0.078333
0 0.051250 0.931250 0.057500 0.085833
0 0.402500 0.878750 0.061250 0.087500
0 0.174375 0.653750 0.065000 0.075833
0 0.663125 0.290417 0.068750 0.087500
0 0.493125 0.817500 0.073750 0.080000
0 0.229687 0.503750 0.068125 0.090833
0 0.445312 0.269583 0.061875 0.080833
0 0.845000 0.281250 0.063750 0.077500
0 0.686875 0.419167 0.063750 0.075000
0 0.761563 0.953750 0.063125 0.085833
0 0.622500 0.231667 0.057500 0.081667
1 0.934688 0.498333 0.088125 0.095000
0 0.180312 0.227917 0.073125 0.090833
0 0.789062 0.519583 0.061875 0.085833
0 0.035000 0.276250 0.052500 0.089167
0 0.150938 0.771667 0.075625 0.086667
0 0.886875 0.439167 0.058750 0.071667
0 0.896250 0.244167 0.067500 0.085000
0 0.166875 0.398333 0.065000 0.096667
0 0.463125 0.742083 0.057500 0.080833
0 0.256563 0.425417 0.066875 0.082500
0 0.159688 0.488750 0.051875 0.075833
0 0.034375 0.773750 0.057500 0.077500
0 0.860625 0.045417 0.063750 0.084167
0 0.310625 0.679583 0.072500 0.099167
0 0.544375 0.489167 0.058750 0.071667
0 0.774375 0.453333 0.068750 0.076667
0 0.820625 0.206667 0.060000 0.081667
1 0.166875 0.129583 0.078750 0.104167
0 0.066562 0.123333 0.058125 0.071667
0 0.639062 0.684583 0.055625 0.079167
0 0.394375 0.125833 0.056250 0.076667
0 0.327500 0.867083 0.056250 0.057500
0 0.085000 0.870000 0.052500 0.070000
0 0.420000 0.199583 0.058750 0.072500
0 0.300625 0.107917 0.050000 0.074167
0 0.181250 0.563750 0.067500 0.080833
0 0.100000 0.690417 0.062500 0.072500
3 0.528750 0.175417 0.096250 0.114167
0 0.620625 0.568750 0.071250 0.085833
0 0.109687 0.739583 0.058125 0.080833
0 0.294687 0.778750 0.050625 0.069167
0 0.754375 0.565417 0.046250 0.074167
0 0.113750 0.527083 0.051250 0.080833
0 0.664375 0.604583 0.057500 0.077500
0 0.626250 0.347500 0.063750 0.075000
0 0.714375 0.753333 0.047500 0.068333
0 0.109375 0.054583 0.055000 0.077500
0 0.528438 0.357500 0.061875 0.060000
0 0.699063 0.873333 0.053125 0.055000
0 0.932500 0.896667 0.062500 0.075000
0 0.649375 0.958333 0.067500 0.083333
0 0.440000 0.964167 0.058750 0.071667
0 0.587187 0.549167 0.066875 0.090000
0 0.613750 0.860000 0.055000 0.065000
0 0.254063 0.222917 0.061875 0.077500
0 0.088750 0.186250 0.070000 0.064167
0 0.049063 0.048333 0.058125 0.081667
0 0.227813 0.407917 0.060625 0.087500
0 0.817187 0.595000 0.054375 0.065000
0 0.318750 0.837500 0.053750 0.073333
0 0.966562 0.809167 0.064375 0.095000
