0 0.494688 0.594583 0.066875 0.097500
0 0.603125 0.099167 0.063750 0.098333
0 0.475625 0.911250 0.070000 0.100833
0 0.512500 0.277083 0.065000 0.087500
0 0.895000 0.453333 0.065000 0.088333
0 0.492500 0.491667 0.066250 0.088333
0 0.883750 0.345000 0.072500 0.093333
0 0.400313 0.895417 0.063125 0.085833
0 0.670625 0.230000 0.070000 0.096667
0 0.504375 0.785417 0.063750 0.084167
0 0.614375 0.311250 0.072500 0.087500
0 0.816875 0.183333 0.062500 0.086667
0 0.172813 0.278750 0.066875 0.082500
0 0.552500 0.367917 0.060000 0.095833
0 0.833438 0.278333 0.060625 0.083333
0 0.330000 0.519167 0.067500 0.091667
0 0.041250 0.781250 0.067500 0.087500
0 0.366563 0.327500 0.066875 0.085000
0 0.957812 0.502500 0.068125 0.103333
0 0.110625 0.334167 0.067500 0.093333
0 0.185000 0.745417 0.066250 0.090833
0 0.395625 0.462083 0.077500 0.089167
0 0.572812 0.244167 0.060625 0.083333
0 0.333437 0.915833 0.064375 0.088333
0 0.224688 0.456667 0.066875 0.093333
0 0.067187 0.652083 0.065625 0.095833
0 0.530000 0.082917 0.061250 0.084167
0 0.736250 0.412500 0.066250 0.078333
0 0.324688 0.410000 0.070625 0.085000
0 0.644687 0.770417 0.050625 0.077500
0 0.112187 0.738750 0.064375 0.085833
0 0.348750 0.665833 0.062500 0.081667
0 0.053125 0.373750 0.058750 0.064167
0 0.355312 0.805833 0.063125 0.076667
0 0.833750 0.527083 0.055000 0.102500
0 0.916875 0.876667 0.063750 0.081667
0 0.145000 0.512917 0.063750 0.077500
0 0.806875 0.377500 0.070000 0.101667
0 0.421250 0.625833 0.068750 0.093333
0 0.623125 0.940833 0.067500 0.091667
0 0.665937 0.459583 0.070625 0.084167
0 0.757500 0.832917 0.063750 0.084167
0 0.750938 0.565000 0.063125 0.080000
0 0.277187 0.174583 0.063125 0.085833
0 0.228437 0.866667 0.074375 0.083333
0 0.550625 0.167500 0.082500 0.075000
0 0.195625 0.635417 0.072500 0.097500
0 0.415000 0.254167 0.066250 0.083333
0 0.905000 0.584583 0.058750 0.080833
0 0.161875 0.919583 0.071250 0.082500
0 0.888125 0.228750 0.055000 0.069167
0 0.243750 0.799583 0.061250 0.084167
0 0.803125 0.742917 0.065000 0.074167
0 0.188438 0.055833 0.069375 0.081667
0 0.433750 0.813750 0.058750 0.087500
0 0.883125 0.127500 0.062500 0.091667
0 0.552188 0.883750 0.069375 0.099167
0 0.413750 0.140833 0.067500 0.081667
0 0.818750 0.477500 0.066250 0.095000
0 0.749375 0.510417 0.067500 0.092500
0 0.336250 0.239583 0.053750 0.079167
0 0.876250 0.753333 0.056250 0.093333
0 0.126562 0.239583 0.075625 0.090833
0 0.635312 0.532500 0.046875 0.066667
0 0.259688 0.532083 0.061875 0.082500
0 0.250312 0.286250 0.059375 0.085833
0 0.945625 0.790000 0.056250 0.090000
0 0.405000 0.098333 0.062500 0.078333
0 0.126875 0.642500 0.053750 0.108333
0 0.521250 0.685833 0.066250 0.081667
0 0.165625 0.418750 0.060000 0.084167
0 0.736563 0.794167 0.066875 0.090000
0 0.621563 0.843750 0.053125 0.075833
0 0.257812 0.596667 0.059375 0.083333
0 0.457188 0.350000 0.069375 0.078333
0 0.911250 0.151250 0.071250 0.094167
0 0.570000 0.481667 0.068750 0.088333
0 0.401875 0.562500 0.070000 0.088333
0 0.281562 0.332500 0.064375 0.088333
0 0.560937 0.658750 0.064375 0.084167
0 0.574688 0.950000 0.061875 0.086667
0 0.265937 0.954167 0.074375 0.090000
0 0.591562 0.602917 0.069375 0.077500
0 0.175000 0.160833 0.041250 0.093333
0 0.773750 0.164167 0.057500 0.076667
0 0.928438 0.044583 0.065625 0.089167
0 0.568438 0.812083 0.049375 0.092500
0 0.762188 0.639167 0.068125 0.090000
0 0.033125 0.182917 0.066250 0.085833
0 0.968125 0.295417 0.052500 0.095833
0 0.122188 0.933333 0.070625 0.086667
0 0.264375 0.380833 0.051250 0.086667
0 0.140937 0.071250 0.064375 0.095833
0 0.626250 0.406250 0.067500 0.080833
0 0.233437 0.191250 0.064375 0.075833
1 0.611250 0.452083 0.051250 0.085833
0 0.059375 0.405000 0.061250 0.070000
0 0.277187 0.055000 0.063125 0.080000
0 0.198125 0.189167 0.058750 0.081667
0 0.172813 0.380833 0.059375 0.088333
0 0.442188 0.308750 0.058125 0.075833
0 0.187188 0.594167 0.059375 0.080000
0 0.365000 0.837083 0.052500 0.070833
0 0.430000 0.772083 0.065000 0.074167
0 0.579375 0.511250 0.052500 0.082500
0 0.788125 0.695417 0.070000 0.084167
0 0.917813 0.777917 0.066875 0.085833
0 0.662813 0.749167 0.063125 0.078333
0 0.723125 0.372083 0.068750 0.074167
0 0.345938 0.205833 0.056875 0.076667
0 0.929375 0.611667 0.063750 0.080000
