0 0.537500 0.223333 0.075000 0.090000
0 0.801250 0.285417 0.065000 0.090833
0 0.295312 0.770417 0.070625 0.100833
0 0.774062 0.727917 0.080625 0.100833
0 0.119063 0.817917 0.068125 0.094167
0 0.063125 0.698333 0.060000 0.085000
0 0.296563 0.260417 0.068125 0.084167
0 0.472813 0.115833 0.065625 0.086667
0 0.251250 0.397500 0.073750 0.090000
0 0.881563 0.685000 0.075625 0.090000
0 0.811250 0.450417 0.072500 0.095833
0 0.659687 0.407083 0.069375 0.092500
0 0.503437 0.434583 0.074375 0.105833
0 0.265937 0.176250 0.073125 0.094167
0 0.665937 0.056250 0.061875 0.092500
0 0.496563 0.538333 0.066875 0.105000
0 0.744687 0.894167 0.071875 0.098333
3 0.379688 0.372917 0.090625 0.105833
0 0.365938 0.659167 0.073125 0.113333
0 0.806562 0.079167 0.074375 0.111667
0 0.398750 0.797917 0.073750 0.104167
0 0.245312 0.601250 0.069375 0.097500
0 0.721562 0.643333 0.078125 0.090000
0 0.599063 0.901250 0.069375 0.084167
0 0.336250 0.140000 0.066250 0.096667
0 0.154375 0.602500 0.071250 0.100000
0 0.145625 0.402500 0.065000 0.086667
0 0.552813 0.082500 0.066875 0.095000
0 0.562187 0.513750 0.063125 0.085833
0 0.923750 0.149583 0.068750 0.105833
0 0.096562 0.550417 0.068125 0.090833
0 0.224688 0.782917 0.060625 0.089167
0 0.580000 0.758333 0.070000 0.108333
0 0.436250 0.689167 0.066250 0.096667
0 0.686875 0.837917 0.076250 0.095833
0 0.850313 0.513333 0.071875 0.096667
0 0.213750 0.672917 0.073750 0.105833
0 0.729688 0.172500 0.061875 0.095000
0 0.858750 0.224583 0.070000 0.092500
0 0.898750 0.925417 0.067500 0.097500
0 0.399375 0.260000 0.072500 0.093333
0 0.588750 0.580417 0.068750 0.085833
0 0.274375 0.923333 0.072500 0.086667
0 0.383750 0.461250 0.088750 0.079167
0 0.645312 0.607500 0.070625 0.086667
0 0.461875 0.776250 0.067500 0.102500
0 0.113125 0.111667 0.076250 0.095000
0 0.643437 0.866667 0.071875 0.093333
0 0.820000 0.144583 0.062500 0.095833
0 0.065312 0.121667 0.084375 0.090000
0 0.064687 0.168333 0.059375 0.086667
0 0.030625 0.537500 0.060000 0.091667
0 0.127812 0.392083 0.068125 0.090833
