0 0.230937 0.299167 0.065625 0.095000
0 0.491250 0.230000 0.062500 0.101667
0 0.759062 0.593750 0.065625 0.104167
0 0.113437 0.620000 0.063125 0.095000
0 0.275000 0.763333 0.073750 0.098333
0 0.610938 0.604167 0.064375 0.101667
0 0.624062 0.292500 0.066875 0.096667
0 0.286875 0.542083 0.070000 0.097500
0 0.867500 0.361250 0.076250 0.099167
0 0.775312 0.839167 0.065625 0.091667
0 0.430000 0.789167 0.056250 0.078333
0 0.699063 0.537083 0.060625 0.087500
0 0.100625 0.921250 0.070000 0.099167
0 0.835625 0.245000 0.068750 0.093333
0 0.225938 0.185417 0.070625 0.092500
0 0.168125 0.405417 0.073750 0.100833
0 0.939688 0.097500 0.073125 0.111667
0 0.326562 0.059583 0.075625 0.102500
0 0.333750 0.222500 0.068750 0.110000
0 0.930000 0.628333 0.062500 0.091667
0 0.723750 0.765000 0.068750 0.105000
0 0.660625 0.435000 0.061250 0.086667
0 0.728125 0.344167 0.066250 0.101667
0 0.077188 0.084583 0.063125 0.104167
0 0.391875 0.140833 0.062500 0.105000
0 0.403125 0.922500 0.071250 0.091667
0 0.184375 0.744583 0.065000 0.097500
0 0.134687 0.464167 0.064375 0.100000
0 0.143437 0.320417 0.065625 0.085833
0 0.036562 0.212917 0.061875 0.077500
0 0.436875 0.096250 0.058750 0.105833
0 0.527500 0.691667 0.066250 0.103333
0 0.404375 0.461667 0.061250 0.085000
0 0.899375 0.208750 0.061250 0.090833
1 0.117188 0.186250 0.076875 0.120833
0 0.057500 0.420000 0.062500 0.110000
0 0.584375 0.737500 0.071250 0.111667
0 0.568750 0.883750 0.072500 0.094167
0 0.666562 0.728333 0.055625 0.110000
0 0.619062 0.498333 0.066875 0.116667
0 0.881563 0.159167 0.066875 0.093333
0 0.061875 0.691667 0.067500 0.100000
0 0.812813 0.407500 0.056875 0.121667
0 0.579688 0.955000 0.058125 0.085000
0 0.834063 0.158333 0.049375 0.091667
0 0.640312 0.813750 0.049375 0.139167
