0 0.247812 0.892917 0.074375 0.104167
0 0.842500 0.167500 0.077500 0.103333
0 0.360938 0.070833 0.074375 0.095000
0 0.217188 0.058333 0.084375 0.095000
0 0.649062 0.795417 0.074375 0.092500
0 0.401250 0.271250 0.076250 0.095833
0 0.524375 0.567083 0.068750 0.082500
0 0.557500 0.394167 0.075000 0.091667
0 0.580313 0.495000 0.064375 0.085000
0 0.494063 0.723333 0.068125 0.086667
0 0.259062 0.262917 0.070625 0.082500
0 0.129688 0.488750 0.071875 0.099167
0 0.850000 0.263750 0.077500 0.090833
0 0.122500 0.593750 0.080000 0.097500
0 0.756563 0.617917 0.071875 0.102500
0 0.509375 0.889167 0.072500 0.096667
0 0.219688 0.319583 0.068125 0.095833
0 0.921562 0.533750 0.081875 0.102500
0 0.494688 0.176667 0.075625 0.110000
0 0.160312 0.289583 0.071875 0.095833
0 0.784062 0.942917 0.079375 0.102500
0 0.320625 0.891667 0.067500 0.093333
0 0.397813 0.131667 0.079375 0.096667
0 0.905625 0.814167 0.087500 0.096667
0 0.169063 0.135833 0.073125 0.090000
0 0.249062 0.471667 0.066875 0.110000
0 0.870000 0.730417 0.083750 0.080833
0 0.084687 0.096667 0.096875 0.091667
0 0.439688 0.877083 0.078125 0.100833
0 0.945625 0.748333 0.071250 0.090000
0 0.676250 0.920000 0.077500 0.096667
0 0.940937 0.194583 0.070625 0.099167
0 0.255312 0.683750 0.074375 0.100833
0 0.526563 0.064583 0.079375 0.097500
0 0.416563 0.490000 0.061875 0.098333
0 0.901250 0.625417 0.070000 0.095833
0 0.334375 0.406250 0.076250 0.112500
0 0.472813 0.422917 0.074375 0.097500
0 0.184375 0.439167 0.058750 0.100000
0 0.705313 0.730000 0.075625 0.113333
0 0.905625 0.893333 0.083750 0.091667
0 0.562500 0.632083 0.065000 0.084167
2 0.847812 0.362500 0.110625 0.113333
0 0.279375 0.492500 0.067500 0.095000
0 0.368750 0.757917 0.070000 0.107500
0 0.052500 0.627500 0.065000 0.113333
0 0.315937 0.753750 0.069375 0.104167
0 0.403438 0.413750 0.079375 0.107500
0 0.783438 0.762500 0.068125 0.096667
0 0.764375 0.439167 0.077500 0.096667
0 0.817813 0.781667 0.079375 0.095000
0 0.786563 0.384583 0.093125 0.109167
0 0.345313 0.817083 0.065625 0.087500
