0 0.204375 0.170833 0.073750 0.113333
0 0.159688 0.383750 0.071875 0.107500
0 0.233437 0.612500 0.070625 0.098333
0 0.928438 0.451667 0.068125 0.085000
0 0.426563 0.797500 0.069375 0.116667
0 0.467187 0.312083 0.084375 0.102500
0 0.443437 0.555000 0.063125 0.081667
0 0.764687 0.174583 0.073125 0.110833
0 0.801250 0.472917 0.072500 0.089167
0 0.588437 0.437500 0.064375 0.086667
0 0.325937 0.692917 0.075625 0.095833
0 0.746250 0.857500 0.078750 0.101667
0 0.647813 0.116667 0.078125 0.098333
0 0.883125 0.315833 0.075000 0.100000
0 0.607187 0.348750 0.075625 0.099167
0 0.225938 0.948750 0.081875 0.100833
0 0.627188 0.660833 0.074375 0.095000
0 0.631875 0.766250 0.080000 0.090833
0 0.524687 0.197917 0.074375 0.102500
0 0.132812 0.732083 0.071875 0.097500
0 0.821250 0.825000 0.071250 0.101667
0 0.518750 0.679167 0.090000 0.095000
0 0.108750 0.482917 0.073750 0.102500
0 0.580625 0.931667 0.081250 0.103333
0 0.724688 0.676250 0.068125 0.092500
0 0.556562 0.782083 0.079375 0.102500
0 0.342500 0.108333 0.078750 0.105000
0 0.213750 0.461250 0.093750 0.115833
0 0.130625 0.094167 0.072500 0.100000
0 0.451875 0.115417 0.066250 0.095833
0 0.794375 0.565833 0.082500 0.106667
0 0.096875 0.955417 0.073750 0.087500
0 0.038750 0.638750 0.076250 0.084167
0 0.442812 0.453333 0.073125 0.096667
0 0.282187 0.898333 0.071875 0.108333
0 0.408750 0.890000 0.088750 0.098333
0 0.088750 0.825000 0.103750 0.088333
3 0.360000 0.537083 0.092500 0.154167
0 0.255937 0.057917 0.078125 0.109167
