0 0.643750 0.085417 0.067500 0.100833
0 0.914375 0.245417 0.075000 0.094167
0 0.318750 0.163750 0.067500 0.084167
0 0.855000 0.315000 0.065000 0.100000
0 0.473438 0.162500 0.064375 0.076667
0 0.482500 0.308750 0.070000 0.099167
0 0.769062 0.661667 0.070625 0.095000
0 0.603437 0.359167 0.063125 0.091667
0 0.231563 0.352083 0.066875 0.090833
0 0.304688 0.906667 0.066875 0.085000
0 0.572500 0.734167 0.072500 0.091667
0 0.743125 0.912083 0.066250 0.107500
0 0.895000 0.684583 0.067500 0.102500
0 0.842812 0.625833 0.069375 0.096667
0 0.149062 0.709167 0.059375 0.081667
0 0.290938 0.639583 0.068125 0.094167
0 0.633437 0.879583 0.065625 0.092500
0 0.420000 0.477500 0.070000 0.098333
0 0.721250 0.278750 0.075000 0.095833
0 0.727812 0.580833 0.068125 0.081667
0 0.256250 0.839583 0.077500 0.082500
0 0.448125 0.392500 0.068750 0.091667
0 0.249688 0.191250 0.061875 0.082500
0 0.785312 0.342917 0.065625 0.087500
0 0.710938 0.175417 0.071875 0.094167
0 0.044375 0.610833 0.062500 0.088333
0 0.182188 0.537500 0.061875 0.100000
0 0.396875 0.102500 0.066250 0.086667
0 0.349062 0.562500 0.070625 0.096667
0 0.078437 0.926667 0.069375 0.093333
0 0.393125 0.617917 0.068750 0.084167
0 0.340625 0.375417 0.067500 0.092500
0 0.141250 0.456667 0.067500 0.075000
0 0.824063 0.725000 0.069375 0.086667
0 0.385000 0.919583 0.063750 0.085833
0 0.459062 0.565417 0.064375 0.095833
0 0.221250 0.767917 0.063750 0.072500
0 0.151250 0.325417 0.078750 0.080833
0 0.925937 0.581667 0.074375 0.078333
0 0.293438 0.732500 0.061875 0.073333
0 0.792500 0.240417 0.071250 0.094167
0 0.861250 0.132917 0.067500 0.090833
0 0.604062 0.443333 0.068125 0.091667
0 0.890625 0.507500 0.067500 0.093333
0 0.213750 0.445000 0.055000 0.076667
0 0.805312 0.567500 0.075625 0.095000
0 0.179375 0.235000 0.068750 0.100000
0 0.525625 0.397500 0.065000 0.100000
0 0.693125 0.375417 0.070000 0.094167
0 0.956250 0.448750 0.072500 0.099167
0 0.743437 0.494167 0.076875 0.100000
0 0.831875 0.477083 0.063750 0.087500
0 0.143437 0.618333 0.055625 0.081667
0 0.937813 0.147917 0.076875 0.095833
0 0.617188 0.808333 0.061875 0.101667
0 0.362187 0.848750 0.065625 0.102500
0 0.430937 0.782917 0.065625 0.087500
0 0.524375 0.943750 0.067500 0.097500
0 0.218438 0.677500 0.071875 0.093333
0 0.931250 0.770833 0.072500 0.093333
0 0.262188 0.072083 0.066875 0.090833
0 0.322500 0.472500 0.071250 0.083333
0 0.462500 0.920833 0.056250 0.093333
0 0.356563 0.277917 0.060625 0.090833
0 0.642188 0.289167 0.069375 0.081667
0 0.080000 0.375417 0.060000 0.079167
0 0.413750 0.209583 0.070000 0.097500
0 0.104688 0.282500 0.064375 0.075000
0 0.670625 0.610417 0.066250 0.089167
0 0.173750 0.901250 0.065000 0.084167
0 0.095625 0.570833 0.053750 0.090000
0 0.560000 0.293333 0.066250 0.086667
0 0.414062 0.733333 0.070625 0.091667
0 0.200313 0.612083 0.068125 0.085833
0 0.780625 0.443750 0.065000 0.095833
0 0.262813 0.265833 0.048125 0.071667
0 0.237813 0.119167 0.070625 0.090000
0 0.305312 0.315833 0.063125 0.073333
0 0.670312 0.695833 0.071875 0.088333
0 0.491875 0.725417 0.061250 0.084167
0 0.340000 0.061667 0.068750 0.103333
0 0.570312 0.640000 0.071875 0.100000
0 0.601250 0.656667 0.066250 0.078333
0 0.446875 0.877500 0.073750 0.086667
0 0.495625 0.040000 0.063750 0.073333
0 0.675937 0.743333 0.060625 0.068333
0 0.058125 0.447500 0.071250 0.085000
0 0.442188 0.241250 0.066875 0.074167
0 0.283750 0.464167 0.075000 0.086667
0 0.029063 0.193750 0.056875 0.084167
0 0.031875 0.693333 0.053750 0.073333
0 0.966562 0.322500 0.065625 0.090000
0 0.527500 0.182917 0.053750 0.094167
0 0.056563 0.037917 0.066875 0.075833
0 0.695312 0.466250 0.095625 0.062500
0 0.164375 0.042917 0.072500 0.082500
1 0.620938 0.579167 0.065625 0.081667
0 0.946250 0.794167 0.061250 0.080000
0 0.304375 0.772083 0.057500 0.074167
0 0.162812 0.855000 0.059375 0.083333
0 0.061250 0.688750 0.060000 0.074167
0 0.071563 0.283750 0.063125 0.072500
0 0.142500 0.403750 0.060000 0.057500
0 0.101875 0.530417 0.058750 0.085833
0 0.391250 0.301667 0.057500 0.078333
0 0.518437 0.060833 0.063125 0.076667
0 0.510000 0.763750 0.062500 0.079167
0 0.327813 0.192083 0.053125 0.072500
0 0.466875 0.128333 0.051250 0.063333
0 0.542188 0.242500 0.066875 0.078333
0 0.024375 0.848750 0.047500 0.090833
0 0.052187 0.206667 0.058125 0.078333
