0 0.824063 0.385417 0.068125 0.082500
0 0.478750 0.459167 0.067500 0.093333
0 0.687500 0.645833 0.065000 0.090000
0 0.543125 0.419167 0.060000 0.086667
0 0.916562 0.378333 0.068125 0.088333
0 0.641563 0.533333 0.059375 0.081667
0 0.364063 0.711250 0.063125 0.102500
0 0.587812 0.206667 0.066875 0.083333
0 0.865625 0.837083 0.061250 0.089167
0 0.880000 0.656250 0.060000 0.104167
0 0.492500 0.233750 0.061250 0.085833
0 0.260937 0.191250 0.060625 0.089167
0 0.167813 0.910000 0.048125 0.065000
0 0.363438 0.939167 0.060625 0.083333
0 0.820312 0.595417 0.064375 0.089167
0 0.950937 0.457917 0.071875 0.087500
1 0.509062 0.332500 0.085625 0.100000
0 0.790625 0.460000 0.060000 0.085000
0 0.576875 0.510417 0.063750 0.085833
0 0.744687 0.179167 0.056875 0.081667
0 0.558125 0.780417 0.062500 0.080833
0 0.080937 0.751667 0.061875 0.080000
0 0.315312 0.310833 0.069375 0.085000
0 0.306875 0.921667 0.058750 0.078333
0 0.752812 0.799583 0.068125 0.094167
0 0.556875 0.651250 0.058750 0.084167
0 0.304375 0.684583 0.065000 0.089167
0 0.631250 0.607917 0.061250 0.082500
0 0.926875 0.299167 0.071250 0.095000
3 0.454375 0.665417 0.070000 0.110833
0 0.267500 0.111667 0.055000 0.083333
0 0.315000 0.118333 0.061250 0.076667
0 0.843437 0.184583 0.065625 0.090833
0 0.449688 0.082500 0.071875 0.073333
0 0.626563 0.792917 0.054375 0.084167
0 0.613750 0.322917 0.053750 0.080833
0 0.480000 0.774167 0.056250 0.083333
0 0.612500 0.090000 0.058750 0.075000
0 0.660625 0.056250 0.067500 0.092500
0 0.827812 0.101667 0.066875 0.093333
0 0.304063 0.042083 0.060625 0.077500
0 0.434063 0.335833 0.056875 0.078333
0 0.712812 0.482083 0.063125 0.082500
0 0.574688 0.939167 0.073125 0.095000
0 0.692187 0.118750 0.064375 0.069167
0 0.554375 0.575000 0.051250 0.075000
0 0.443437 0.149583 0.068125 0.070833
0 0.593437 0.862917 0.071875 0.079167
0 0.095625 0.868750 0.056250 0.079167
0 0.756250 0.077917 0.066250 0.092500
0 0.676250 0.793333 0.055000 0.083333
0 0.732812 0.390417 0.063125 0.075833
0 0.825313 0.332083 0.063125 0.095833
0 0.514687 0.523750 0.065625 0.102500
0 0.094375 0.240000 0.060000 0.091667
0 0.944063 0.742083 0.066875 0.105833
0 0.805312 0.138333 0.069375 0.095000
0 0.291875 0.764167 0.056250 0.081667
0 0.908125 0.099583 0.052500 0.084167
3 0.886563 0.164167 0.080625 0.108333
0 0.965625 0.178333 0.060000 0.078333
0 0.504687 0.626667 0.058125 0.130000
0 0.190000 0.794167 0.068750 0.078333
0 0.242188 0.816667 0.059375 0.070000
0 0.182812 0.854583 0.075625 0.072500
0 0.206875 0.078750 0.053750 0.067500
0 0.055000 0.863750 0.051250 0.080833
0 0.327500 0.192500 0.070000 0.076667
0 0.672188 0.873750 0.055625 0.084167
0 0.668750 0.214167 0.051250 0.126667
0 0.710625 0.440833 0.067500 0.068333
0 0.887188 0.933750 0.059375 0.094167
0 0.635938 0.946667 0.058125 0.095000
0 0.623125 0.163750 0.051250 0.095833
3 0.772188 0.887500 0.075625 0.115000
0 0.466250 0.889167 0.060000 0.081667
0 0.227500 0.750000 0.068750 0.068333
0 0.496563 0.782083 0.055625 0.105833
0 0.164375 0.689167 0.055000 0.073333
0 0.034063 0.931250 0.065625 0.080833
0 0.054375 0.361250 0.055000 0.055833
0 0.930000 0.653333 0.053750 0.110000
0 0.816562 0.857917 0.051875 0.109167
0 0.834688 0.930000 0.054375 0.100000
0 0.689063 0.934167 0.065625 0.120000
0 0.334375 0.253750 0.053750 0.062500
0 0.236563 0.247917 0.054375 0.087500
0 0.057188 0.256250 0.051875 0.064167
0 0.161250 0.145833 0.042500 0.076667
0 0.092188 0.162083 0.044375 0.084167
0 0.028750 0.682083 0.055000 0.065833
0 0.245312 0.943333 0.044375 0.066667
0 0.544375 0.235000 0.060000 0.093333
0 0.794687 0.041250 0.061875 0.079167
0 0.208125 0.117500 0.056250 0.063333
0 0.147813 0.207917 0.048125 0.064167
0 0.048438 0.405000 0.054375 0.050000
0 0.286562 0.264167 0.045625 0.066667
0 0.026875 0.512500 0.053750 0.081667
0 0.061875 0.580833 0.053750 0.078333
0 0.080625 0.541250 0.051250 0.085833
