0 0.686875 0.869167 0.068750 0.086667
0 0.083750 0.077917 0.076250 0.084167
0 0.363750 0.633750 0.068750 0.100833
0 0.702187 0.200833 0.071875 0.095000
0 0.881250 0.106667 0.060000 0.091667
0 0.405625 0.559167 0.072500 0.090000
0 0.602187 0.050000 0.066875 0.091667
0 0.369688 0.249583 0.059375 0.094167
0 0.556250 0.287917 0.066250 0.077500
0 0.165937 0.370833 0.074375 0.093333
0 0.551250 0.497917 0.075000 0.084167
0 0.053125 0.842917 0.057500 0.100833
0 0.134375 0.665833 0.077500 0.095000
0 0.153750 0.579167 0.066250 0.098333
0 0.440312 0.272083 0.079375 0.104167
0 0.760000 0.287083 0.081250 0.085833
0 0.711250 0.076250 0.062500 0.080833
0 0.432812 0.515000 0.065625 0.103333
0 0.691562 0.528750 0.073125 0.090833
0 0.370937 0.460000 0.084375 0.096667
0 0.498750 0.090417 0.068750 0.089167
0 0.496250 0.612500 0.063750 0.101667
0 0.676562 0.095417 0.074375 0.087500
0 0.560625 0.664583 0.072500 0.077500
0 0.832187 0.144167 0.066875 0.085000
0 0.077813 0.189167 0.079375 0.098333
0 0.098125 0.885000 0.070000 0.096667
0 0.317812 0.780000 0.066875 0.100000
0 0.575000 0.343750 0.078750 0.089167
0 0.275313 0.137917 0.085625 0.082500
0 0.255937 0.710417 0.074375 0.099167
0 0.283125 0.315833 0.080000 0.100000
0 0.545625 0.915833 0.068750 0.085000
0 0.950625 0.073333 0.063750 0.100000
0 0.845625 0.744583 0.082500 0.075833
0 0.292187 0.651667 0.069375 0.096667
0 0.510000 0.206250 0.077500 0.099167
0 0.156875 0.766667 0.080000 0.086667
0 0.887188 0.586667 0.080625 0.083333
0 0.813125 0.816667 0.077500 0.098333
0 0.535000 0.441250 0.076250 0.074167
0 0.763750 0.659167 0.083750 0.096667
0 0.113125 0.397500 0.078750 0.106667
0 0.919375 0.475000 0.053750 0.093333
0 0.175313 0.070000 0.084375 0.110000
0 0.340000 0.920833 0.077500 0.081667
0 0.911563 0.273333 0.061875 0.116667
0 0.059375 0.489167 0.071250 0.106667
0 0.746563 0.588750 0.079375 0.079167
0 0.443750 0.816250 0.075000 0.110833
0 0.875000 0.468750 0.052500 0.110833
0 0.473750 0.938333 0.067500 0.096667
0 0.099375 0.525833 0.070000 0.085000
0 0.286875 0.061667 0.071250 0.083333
0 0.729062 0.415417 0.079375 0.104167
0 0.358125 0.862500 0.091250 0.075000
0 0.561875 0.601250 0.073750 0.085833
0 0.389062 0.376667 0.073125 0.095000
0 0.391875 0.819583 0.070000 0.090833
0 0.222812 0.933750 0.063125 0.087500
0 0.234063 0.075833 0.066875 0.100000
0 0.815312 0.267500 0.084375 0.073333
0 0.466250 0.167083 0.078750 0.085833
0 0.900312 0.653333 0.069375 0.095000
0 0.958750 0.281667 0.082500 0.086667
0 0.799063 0.212917 0.095625 0.072500
0 0.767188 0.549583 0.099375 0.074167
