0 0.895312 0.332500 0.070625 0.095000
0 0.729688 0.594167 0.050625 0.070000
0 0.602187 0.587500 0.070625 0.095000
0 0.801875 0.326667 0.057500 0.086667
0 0.811875 0.608333 0.076250 0.093333
0 0.660000 0.537500 0.062500 0.095000
0 0.787813 0.062083 0.071875 0.087500
0 0.093438 0.788750 0.063125 0.084167
0 0.711250 0.789583 0.086250 0.109167
0 0.573750 0.822917 0.082500 0.107500
0 0.502812 0.929167 0.075625 0.101667
0 0.372500 0.900000 0.065000 0.086667
0 0.297812 0.797500 0.083125 0.113333
0 0.188125 0.712083 0.067500 0.089167
0 0.266562 0.896250 0.059375 0.075833
0 0.888125 0.067083 0.080000 0.110833
0 0.761875 0.245000 0.060000 0.076667
0 0.754375 0.155000 0.073750 0.098333
0 0.886250 0.425000 0.071250 0.083333
0 0.153438 0.847500 0.081875 0.091667
0 0.070938 0.868333 0.078125 0.106667
0 0.940625 0.848750 0.070000 0.095833
0 0.367188 0.703750 0.078125 0.102500
0 0.699063 0.225417 0.068125 0.084167
0 0.814063 0.915417 0.066875 0.084167
0 0.434375 0.879583 0.067500 0.089167
0 0.832812 0.522500 0.078125 0.086667
0 0.799375 0.480000 0.068750 0.101667
0 0.567500 0.722500 0.067500 0.095000
0 0.070938 0.685000 0.076875 0.101667
0 0.194688 0.504167 0.081875 0.110000
0 0.634375 0.213333 0.080000 0.093333
0 0.860938 0.832500 0.065625 0.078333
0 0.342813 0.628750 0.076875 0.090833
0 0.797813 0.802917 0.076875 0.109167
0 0.481875 0.661250 0.068750 0.080833
0 0.773125 0.400000 0.078750 0.093333
0 0.595625 0.487083 0.072500 0.074167
0 0.712187 0.480417 0.078125 0.089167
0 0.407813 0.788750 0.060625 0.087500
0 0.579688 0.682917 0.070625 0.089167
0 0.447813 0.626250 0.060625 0.079167
0 0.826250 0.140833 0.061250 0.081667
0 0.474375 0.731667 0.072500 0.071667
0 0.832812 0.522083 0.070625 0.067500
0 0.675312 0.434167 0.060625 0.101667
0 0.305312 0.691250 0.063125 0.087500
0 0.682187 0.146250 0.069375 0.069167
0 0.364375 0.783750 0.058750 0.079167
0 0.747500 0.098750 0.071250 0.092500
0 0.079687 0.504583 0.070625 0.092500
0 0.736875 0.880000 0.072500 0.093333
0 0.638125 0.890417 0.077500 0.080833
0 0.385313 0.599167 0.073125 0.088333
0 0.856875 0.754583 0.065000 0.089167
0 0.036250 0.684583 0.072500 0.092500
0 0.337187 0.551667 0.070625 0.083333
0 0.668438 0.087083 0.056875 0.094167
0 0.850625 0.160417 0.066250 0.079167
1 0.667188 0.715000 0.090625 0.141667
0 0.547500 0.554167 0.061250 0.088333
0 0.829375 0.699583 0.055000 0.065833
1 0.541875 0.509167 0.066250 0.115000
