0 0.627812 0.137500 0.079375 0.098333
0 0.479063 0.836667 0.078125 0.103333
0 0.781250 0.611250 0.072500 0.094167
0 0.174375 0.920000 0.068750 0.096667
0 0.155938 0.055417 0.069375 0.099167
0 0.493125 0.460833 0.075000 0.098333
0 0.544687 0.681250 0.078125 0.105833
0 0.555937 0.531667 0.076875 0.093333
0 0.721875 0.682917 0.075000 0.092500
0 0.781875 0.787083 0.078750 0.097500
0 0.839375 0.252500 0.075000 0.111667
0 0.925625 0.230417 0.078750 0.110833
0 0.859375 0.460000 0.088750 0.110000
0 0.423438 0.393750 0.083125 0.105833
0 0.360000 0.671667 0.081250 0.105000
0 0.889687 0.718750 0.083125 0.100833
0 0.201875 0.551667 0.065000 0.093333
0 0.348125 0.878750 0.068750 0.095833
1 0.373437 0.331667 0.074375 0.105000
0 0.772188 0.472500 0.078125 0.108333
0 0.205625 0.816250 0.080000 0.105833
0 0.678438 0.408333 0.075625 0.095000
0 0.452500 0.202500 0.063750 0.108333
0 0.743750 0.076667 0.076250 0.096667
0 0.093125 0.930833 0.077500 0.110000
0 0.180938 0.130417 0.079375 0.112500
0 0.669687 0.820833 0.080625 0.106667
0 0.680000 0.157083 0.072500 0.097500
0 0.157812 0.416250 0.069375 0.104167
0 0.273438 0.377917 0.086875 0.112500
0 0.569063 0.342917 0.071875 0.105833
0 0.056875 0.199167 0.080000 0.101667
0 0.638750 0.327083 0.068750 0.104167
0 0.417187 0.712083 0.081875 0.082500
0 0.885625 0.624583 0.080000 0.090833
0 0.121250 0.530833 0.068750 0.093333
0 0.049688 0.602917 0.074375 0.092500
0 0.155000 0.684167 0.081250 0.101667
0 0.186875 0.385000 0.070000 0.098333
0 0.952812 0.618750 0.060625 0.112500
0 0.672188 0.468750 0.084375 0.095833
0 0.533125 0.275000 0.071250 0.105000
0 0.435312 0.598333 0.071875 0.111667
0 0.351875 0.370000 0.075000 0.098333
0 0.635625 0.377917 0.066250 0.100833
0 0.139687 0.842917 0.071875 0.102500
0 0.512500 0.246667 0.070000 0.106667
0 0.471250 0.716667 0.061250 0.130000
0 0.505313 0.600833 0.070625 0.085000
0 0.423125 0.574167 0.067500 0.085000
0 0.969375 0.953333 0.052500 0.093333
