0 0.390000 0.855417 0.062500 0.085833
0 0.952812 0.524583 0.061875 0.079167
0 0.755938 0.733750 0.068125 0.082500
0 0.254375 0.278333 0.073750 0.100000
0 0.040000 0.258333 0.060000 0.083333
3 0.874687 0.567083 0.080625 0.110833
0 0.249062 0.372083 0.056875 0.079167
0 0.285625 0.445417 0.072500 0.097500
0 0.542500 0.064583 0.057500 0.079167
0 0.229687 0.704167 0.068125 0.103333
0 0.494063 0.155417 0.073125 0.092500
0 0.223438 0.904583 0.068125 0.082500
0 0.335000 0.305000 0.067500 0.081667
0 0.675937 0.475833 0.076875 0.103333
0 0.535312 0.755417 0.068125 0.094167
0 0.368125 0.186250 0.065000 0.079167
0 0.614375 0.355000 0.061250 0.080000
0 0.560000 0.633333 0.070000 0.096667
0 0.077500 0.865833 0.053750 0.073333
0 0.380312 0.057083 0.066875 0.080833
0 0.093125 0.567917 0.068750 0.087500
0 0.589688 0.805833 0.070625 0.100000
0 0.380312 0.482917 0.064375 0.089167
0 0.161250 0.175000 0.070000 0.085000
0 0.525625 0.597500 0.071250 0.080000
0 0.154375 0.789167 0.065000 0.083333
0 0.327813 0.102500 0.064375 0.076667
0 0.663750 0.811250 0.072500 0.094167
0 0.132188 0.647083 0.064375 0.075833
0 0.919687 0.786667 0.054375 0.076667
0 0.106563 0.362500 0.065625 0.080000
0 0.327500 0.516667 0.057500 0.083333
0 0.371250 0.257083 0.061250 0.074167
0 0.432500 0.103333 0.071250 0.088333
0 0.600000 0.510417 0.063750 0.069167
0 0.590938 0.129583 0.068125 0.097500
0 0.068125 0.780833 0.057500 0.086667
0 0.504062 0.249167 0.059375 0.085000
0 0.907500 0.276250 0.068750 0.095833
0 0.734688 0.259583 0.061875 0.070833
0 0.866875 0.240000 0.056250 0.078333
0 0.125000 0.948333 0.057500 0.083333
0 0.526875 0.530833 0.071250 0.073333
0 0.665625 0.237917 0.060000 0.087500
0 0.074375 0.166667 0.071250 0.071667
0 0.245938 0.821667 0.055625 0.078333
0 0.567187 0.270417 0.059375 0.075833
0 0.113125 0.700000 0.072500 0.088333
0 0.697187 0.190000 0.053125 0.078333
1 0.694688 0.102083 0.090625 0.084167
1 0.314688 0.723333 0.080625 0.108333
0 0.645000 0.310833 0.072500 0.076667
0 0.948438 0.320000 0.060625 0.076667
0 0.977812 0.356667 0.041875 0.075000
0 0.628750 0.271667 0.053750 0.070000
0 0.663125 0.153333 0.055000 0.070000
0 0.969688 0.755000 0.060625 0.095000
0 0.887188 0.257917 0.059375 0.089167
