0 0.361875 0.398750 0.065000 0.080833
0 0.210000 0.200417 0.067500 0.097500
0 0.882812 0.634167 0.079375 0.101667
0 0.129688 0.948333 0.060625 0.085000
0 0.956562 0.910417 0.069375 0.094167
0 0.505000 0.311250 0.076250 0.092500
0 0.766250 0.428333 0.058750 0.086667
0 0.324688 0.921250 0.074375 0.094167
0 0.779687 0.909167 0.060625 0.081667
0 0.765625 0.590000 0.070000 0.090000
0 0.562187 0.362500 0.055625 0.083333
0 0.452813 0.383750 0.055625 0.069167
0 0.907188 0.418333 0.053125 0.073333
0 0.852500 0.328333 0.070000 0.086667
0 0.573438 0.917083 0.063125 0.072500
3 0.877500 0.893750 0.080000 0.094167
1 0.795937 0.204583 0.084375 0.109167
0 0.324062 0.499583 0.061875 0.070833
0 0.898438 0.731250 0.071875 0.099167
0 0.501875 0.774167 0.072500 0.095000
0 0.848125 0.073750 0.063750 0.082500
0 0.530937 0.232917 0.061875 0.079167
0 0.214375 0.376667 0.062500 0.088333
0 0.694375 0.954167 0.070000 0.080000
1 0.135625 0.338333 0.085000 0.106667
0 0.711250 0.655000 0.068750 0.103333
0 0.717500 0.740000 0.053750 0.071667
0 0.963125 0.749167 0.063750 0.100000
0 0.576562 0.757500 0.066875 0.100000
0 0.428438 0.879167 0.055625 0.081667
0 0.664375 0.339167 0.065000 0.073333
0 0.427187 0.488750 0.065625 0.079167
0 0.351875 0.681667 0.067500 0.098333
0 0.717187 0.138750 0.049375 0.074167
0 0.531875 0.584167 0.045000 0.086667
0 0.832187 0.634583 0.070625 0.099167
0 0.606875 0.863333 0.050000 0.081667
0 0.099687 0.853333 0.070625 0.086667
0 0.458437 0.060833 0.065625 0.096667
2 0.573438 0.647083 0.076875 0.087500
0 0.674063 0.442500 0.070625 0.091667
0 0.689688 0.198750 0.071875 0.089167
0 0.346875 0.877917 0.068750 0.092500
0 0.789062 0.084583 0.059375 0.080833
0 0.151562 0.605000 0.071875 0.093333
0 0.045312 0.220417 0.049375 0.069167
0 0.042188 0.447917 0.064375 0.080833
1 0.495312 0.580833 0.058125 0.085000
0 0.852187 0.234167 0.050625 0.066667
0 0.571875 0.556250 0.067500 0.097500
0 0.066562 0.558750 0.055625 0.064167
0 0.712187 0.516250 0.061875 0.070833
0 0.283125 0.679167 0.051250 0.080000
0 0.349375 0.166250 0.060000 0.079167
0 0.318125 0.115417 0.047500 0.092500
0 0.405000 0.655417 0.057500 0.070833
0 0.046562 0.378333 0.060625 0.076667
0 0.665312 0.085417 0.064375 0.080833
0 0.587500 0.231250 0.051250 0.072500
0 0.439375 0.612083 0.047500 0.062500
0 0.680937 0.790000 0.049375 0.068333
0 0.110625 0.255833 0.065000 0.085000
0 0.385625 0.085000 0.062500 0.086667
0 0.413125 0.543750 0.080000 0.090833
0 0.144687 0.514167 0.053125 0.071667
0 0.537188 0.091250 0.054375 0.085833
0 0.146563 0.177917 0.060625 0.089167
0 0.226562 0.565000 0.061875 0.080000
0 0.708438 0.045833 0.059375 0.083333
0 0.579375 0.156250 0.053750 0.064167
0 0.491563 0.161667 0.064375 0.068333
0 0.605625 0.474167 0.055000 0.066667
0 0.096562 0.426250 0.050625 0.074167
0 0.843437 0.552083 0.060625 0.067500
0 0.518750 0.427917 0.058750 0.070833
0 0.625938 0.285000 0.075625 0.065000
1 0.334688 0.756667 0.083125 0.131667
0 0.509062 0.962083 0.056875 0.075833
0 0.037812 0.824583 0.069375 0.099167
0 0.384375 0.740000 0.071250 0.080000
0 0.231563 0.729167 0.055625 0.093333
0 0.248438 0.254583 0.050625 0.075833
0 0.951562 0.094583 0.065625 0.074167
0 0.115312 0.185417 0.064375 0.089167
0 0.445312 0.958333 0.063125 0.075000
0 0.505000 0.498750 0.072500 0.080833
1 0.318125 0.229583 0.075000 0.092500
0 0.951250 0.043333 0.056250 0.078333
0 0.206875 0.647083 0.066250 0.074167
0 0.634375 0.781250 0.048750 0.072500
0 0.857500 0.950833 0.053750 0.066667
0 0.844688 0.480417 0.055625 0.072500
0 0.741875 0.302083 0.058750 0.105833
0 0.743125 0.052500 0.053750 0.085000
0 0.970938 0.316667 0.056875 0.076667
0 0.047500 0.912500 0.057500 0.076667
0 0.488750 0.657500 0.050000 0.080000
0 0.297187 0.272500 0.050625 0.068333
