0 0.504062 0.583333 0.075625 0.105000
0 0.116562 0.575833 0.074375 0.083333
0 0.567187 0.357083 0.065625 0.099167
5 0.376250 0.711667 0.063750 0.086667
0 0.936250 0.759583 0.077500 0.097500
0 0.544063 0.466250 0.076875 0.097500
0 0.930000 0.661667 0.077500 0.100000
0 0.190312 0.442083 0.059375 0.070833
0 0.310625 0.563333 0.058750 0.068333
0 0.407500 0.791667 0.071250 0.090000
0 0.404687 0.505000 0.076875 0.098333
0 0.195312 0.621667 0.068125 0.085000
0 0.477812 0.772500 0.076875 0.096667
0 0.391875 0.182083 0.065000 0.089167
0 0.248750 0.562083 0.067500 0.084167
0 0.325937 0.176250 0.076875 0.110833
0 0.338125 0.352083 0.068750 0.090833
0 0.264375 0.447500 0.071250 0.086667
0 0.537813 0.825417 0.076875 0.080833
0 0.474375 0.437500 0.070000 0.098333
0 0.142813 0.246667 0.061875 0.085000
0 0.445000 0.215000 0.065000 0.086667
0 0.246562 0.901667 0.074375 0.095000
0 0.557813 0.178750 0.076875 0.099167
0 0.399687 0.354583 0.063125 0.089167
0 0.155938 0.333333 0.059375 0.085000
0 0.458437 0.087917 0.071875 0.099167
0 0.719375 0.290833 0.073750 0.101667
0 0.584688 0.613750 0.073125 0.092500
0 0.494375 0.918750 0.056250 0.080833
0 0.493437 0.687083 0.075625 0.085833
0 0.770000 0.381667 0.083750 0.100000
0 0.096250 0.294583 0.073750 0.092500
0 0.439688 0.291667 0.058125 0.081667
0 0.531875 0.912500 0.070000 0.090000
0 0.241875 0.776667 0.071250 0.090000
0 0.117813 0.697083 0.068125 0.095833
0 0.963437 0.533750 0.071875 0.094167
0 0.227813 0.502917 0.071875 0.074167
0 0.394688 0.445417 0.063125 0.087500
0 0.340938 0.775833 0.069375 0.085000
0 0.642188 0.897917 0.066875 0.094167
0 0.640625 0.457083 0.076250 0.087500
0 0.488750 0.335000 0.053750 0.071667
0 0.841562 0.615833 0.080625 0.095000
0 0.370625 0.085833 0.075000 0.101667
1 0.760938 0.882500 0.076875 0.118333
0 0.183438 0.173750 0.068125 0.102500
0 0.310937 0.649167 0.064375 0.096667
0 0.071563 0.422083 0.083125 0.099167
0 0.064375 0.506250 0.077500 0.090833
0 0.566875 0.262500 0.071250 0.093333
0 0.710625 0.128750 0.067500 0.070833
0 0.170937 0.881250 0.069375 0.095833
0 0.757812 0.473333 0.070625 0.085000
0 0.683125 0.051667 0.063750 0.085000
0 0.747188 0.056667 0.069375 0.086667
0 0.936875 0.260833 0.063750 0.083333
0 0.906563 0.322083 0.076875 0.089167
0 0.694063 0.437917 0.073125 0.079167
0 0.706562 0.831250 0.068125 0.079167
0 0.090625 0.479583 0.065000 0.094167
4 0.034375 0.610000 0.067500 0.105000
0 0.218125 0.696250 0.062500 0.077500
0 0.514062 0.263333 0.076875 0.088333
1 0.841250 0.248333 0.093750 0.141667
1 0.904375 0.429583 0.086250 0.164167
1 0.661563 0.265417 0.079375 0.149167
1 0.465938 0.036250 0.070625 0.070833
1 0.343438 0.880000 0.089375 0.155000
0 0.602187 0.928333 0.059375 0.085000
0 0.191250 0.812083 0.053750 0.082500
1 0.189062 0.707500 0.058125 0.126667
0 0.131562 0.659167 0.056875 0.080000
0 0.452500 0.399583 0.055000 0.092500
0 0.346875 0.482500 0.076250 0.115000
0 0.162812 0.367500 0.059375 0.073333
0 0.820000 0.533333 0.065000 0.088333
0 0.293438 0.634583 0.068125 0.067500
0 0.856875 0.518333 0.067500 0.100000
0 0.332813 0.080000 0.061875 0.085000
