0 0.362812 0.085833 0.070625 0.096667
0 0.077188 0.813333 0.073125 0.108333
0 0.858125 0.129167 0.063750 0.090000
0 0.269062 0.790833 0.069375 0.100000
0 0.326875 0.682917 0.077500 0.105833
0 0.155625 0.814167 0.066250 0.103333
0 0.137813 0.366667 0.063125 0.093333
0 0.834375 0.340417 0.067500 0.087500
0 0.256250 0.374583 0.076250 0.100833
0 0.103750 0.506667 0.065000 0.105000
0 0.290000 0.473333 0.072500 0.091667
0 0.590625 0.507083 0.068750 0.095833
0 0.664687 0.290417 0.074375 0.100833
0 0.514687 0.176250 0.064375 0.087500
0 0.333125 0.398333 0.061250 0.076667
0 0.141563 0.624583 0.075625 0.082500
0 0.801250 0.618333 0.073750 0.081667
0 0.322500 0.315833 0.063750 0.080000
0 0.200625 0.572083 0.071250 0.107500
0 0.712500 0.485417 0.083750 0.110833
0 0.730625 0.897083 0.068750 0.090833
0 0.949375 0.451250 0.056250 0.079167
0 0.598750 0.051667 0.075000 0.090000
0 0.816562 0.695000 0.075625 0.078333
0 0.582812 0.809167 0.059375 0.146667
0 0.180000 0.278750 0.066250 0.074167
0 0.286875 0.227500 0.070000 0.093333
0 0.534062 0.068333 0.069375 0.093333
0 0.797813 0.792083 0.064375 0.097500
0 0.794687 0.192917 0.069375 0.100833
0 0.879375 0.880417 0.107500 0.082500
2 0.504375 0.480833 0.088750 0.113333
