0 0.411875 0.226667 0.075000 0.086667
0 0.438750 0.331250 0.066250 0.092500
0 0.515625 0.760000 0.070000 0.083333
0 0.552188 0.304583 0.084375 0.102500
0 0.463750 0.642917 0.072500 0.087500
0 0.410313 0.417083 0.060625 0.082500
0 0.555000 0.590417 0.065000 0.085833
0 0.448437 0.732083 0.061875 0.087500
0 0.320625 0.501667 0.062500 0.085000
0 0.513750 0.882917 0.066250 0.082500
0 0.474375 0.076250 0.062500 0.085833
0 0.751563 0.822917 0.068125 0.082500
0 0.371563 0.675000 0.070625 0.088333
0 0.615625 0.750833 0.068750 0.081667
0 0.921875 0.622083 0.065000 0.074167
0 0.353750 0.861667 0.077500 0.095000
0 0.848437 0.275833 0.078125 0.103333
0 0.294375 0.425000 0.066250 0.095000
0 0.679688 0.908333 0.064375 0.081667
0 0.121875 0.080000 0.071250 0.098333
0 0.884687 0.366667 0.078125 0.090000
0 0.412187 0.606250 0.064375 0.080833
0 0.572812 0.683750 0.076875 0.097500
0 0.051250 0.391667 0.071250 0.108333
0 0.350313 0.373333 0.065625 0.078333
0 0.522188 0.478750 0.074375 0.100833
0 0.235937 0.665417 0.079375 0.102500
0 0.923125 0.284583 0.073750 0.099167
0 0.177187 0.274583 0.080625 0.105833
0 0.575937 0.127083 0.078125 0.097500
0 0.829375 0.761250 0.076250 0.099167
0 0.365000 0.149167 0.070000 0.086667
0 0.051875 0.051250 0.062500 0.100833
0 0.906875 0.445833 0.066250 0.075000
0 0.417812 0.126667 0.066875 0.093333
0 0.221875 0.773333 0.078750 0.095000
0 0.905937 0.523333 0.071875 0.068333
0 0.467187 0.825417 0.063125 0.075833
0 0.530625 0.393333 0.072500 0.088333
0 0.657500 0.196667 0.075000 0.110000
0 0.295938 0.171667 0.073125 0.101667
0 0.280625 0.887083 0.065000 0.094167
0 0.860313 0.835000 0.046875 0.070000
0 0.887813 0.900000 0.068125 0.080000
0 0.368125 0.565417 0.058750 0.064167
0 0.854062 0.559167 0.060625 0.078333
0 0.074375 0.244583 0.076250 0.102500
0 0.622812 0.927917 0.063125 0.079167
0 0.259375 0.534167 0.066250 0.083333
0 0.263437 0.749583 0.071875 0.085833
0 0.954063 0.552500 0.051875 0.081667
0 0.448437 0.962917 0.059375 0.072500
0 0.641875 0.599583 0.077500 0.110833
0 0.666250 0.693333 0.076250 0.085000
0 0.400625 0.512917 0.062500 0.074167
0 0.218438 0.324167 0.064375 0.083333
0 0.191562 0.528750 0.079375 0.100833
0 0.810625 0.847083 0.058750 0.084167
0 0.339687 0.091667 0.078125 0.103333
0 0.481875 0.444167 0.072500 0.098333
0 0.447188 0.472500 0.049375 0.078333
0 0.282500 0.329583 0.067500 0.095833
0 0.853125 0.638333 0.077500 0.093333
0 0.704688 0.084167 0.076875 0.091667
0 0.272500 0.834167 0.070000 0.073333
0 0.125938 0.402500 0.056875 0.081667
0 0.418750 0.829583 0.080000 0.089167
0 0.113125 0.494583 0.060000 0.085833
0 0.639062 0.072083 0.064375 0.084167
0 0.812187 0.895000 0.066875 0.080000
0 0.177500 0.652500 0.082500 0.106667
0 0.523750 0.062083 0.066250 0.089167
0 0.965313 0.462500 0.055625 0.080000
0 0.574063 0.926250 0.076875 0.105833
0 0.645000 0.852917 0.066250 0.072500
0 0.132188 0.362083 0.061875 0.089167
0 0.177813 0.374583 0.053125 0.089167
1 0.187812 0.466250 0.079375 0.119167
1 0.328125 0.289583 0.073750 0.112500
1 0.798750 0.117083 0.140000 0.112500
1 0.726562 0.604167 0.086875 0.106667
1 0.677188 0.763750 0.079375 0.084167
0 0.054688 0.515000 0.061875 0.096667
0 0.226562 0.601667 0.065625 0.070000
0 0.250937 0.482500 0.065625 0.076667
0 0.717187 0.135417 0.065625 0.082500
0 0.744062 0.194167 0.070625 0.085000
0 0.721250 0.240833 0.062500 0.085000
0 0.799375 0.237083 0.061250 0.074167
0 0.945625 0.329167 0.076250 0.098333
0 0.339062 0.241667 0.063125 0.095000
0 0.097500 0.565000 0.082500 0.085000
0 0.504687 0.961667 0.058125 0.070000
0 0.664062 0.820000 0.065625 0.075000
0 0.765938 0.910000 0.061875 0.076667
0 0.771563 0.747917 0.050625 0.072500
0 0.758125 0.662917 0.075000 0.089167
0 0.720000 0.732500 0.060000 0.093333
0 0.819063 0.687083 0.070625 0.084167
0 0.865938 0.702917 0.073125 0.097500
0 0.802813 0.612083 0.075625 0.087500
0 0.629062 0.050417 0.063125 0.087500
