0 0.718750 0.465000 0.060000 0.076667
4 0.387188 0.151667 0.078125 0.110000
0 0.155625 0.645833 0.068750 0.091667
4 0.507812 0.388333 0.075625 0.108333
0 0.840000 0.730417 0.055000 0.079167
0 0.158750 0.850833 0.063750 0.088333
0 0.282813 0.231667 0.065625 0.093333
0 0.578750 0.079167 0.073750 0.095000
0 0.813438 0.892500 0.059375 0.075000
0 0.399062 0.340000 0.071875 0.105000
0 0.922500 0.532500 0.065000 0.085000
0 0.059687 0.251250 0.058125 0.085833
0 0.586250 0.904167 0.062500 0.078333
0 0.495937 0.740000 0.070625 0.086667
0 0.496875 0.534167 0.063750 0.088333
0 0.570625 0.687917 0.065000 0.105833
0 0.386250 0.647500 0.073750 0.085000
0 0.544687 0.828333 0.069375 0.088333
0 0.086875 0.593333 0.066250 0.091667
0 0.171250 0.401667 0.073750 0.100000
0 0.260000 0.890417 0.071250 0.085833
4 0.848437 0.824583 0.074375 0.097500
0 0.442500 0.492083 0.075000 0.099167
4 0.271250 0.811667 0.068750 0.095000
0 0.141875 0.299167 0.076250 0.101667
0 0.656875 0.384167 0.067500 0.083333
0 0.178750 0.766250 0.057500 0.077500
0 0.178750 0.528750 0.053750 0.082500
0 0.546875 0.143750 0.076250 0.095833
0 0.173437 0.173333 0.064375 0.091667
0 0.332813 0.505000 0.058125 0.091667
0 0.555937 0.200833 0.080625 0.100000
0 0.173750 0.219583 0.077500 0.094167
0 0.360938 0.418333 0.058125 0.108333
0 0.131250 0.502500 0.052500 0.111667
0 0.658125 0.329583 0.071250 0.087500
0 0.805937 0.364167 0.061875 0.090000
0 0.234375 0.718750 0.073750 0.092500
0 0.862812 0.342500 0.061875 0.095000
0 0.917500 0.846250 0.055000 0.114167
0 0.258125 0.679167 0.065000 0.090000
0 0.280625 0.507500 0.051250 0.108333
0 0.780937 0.691250 0.069375 0.092500
0 0.317812 0.547917 0.091875 0.120833
0 0.806562 0.398333 0.060625 0.096667
0 0.378750 0.786250 0.063750 0.099167
0 0.400938 0.762083 0.056875 0.152500
