0 0.440000 0.101667 0.075000 0.095000
0 0.170000 0.390833 0.073750 0.098333
0 0.960000 0.372500 0.078750 0.101667
0 0.758437 0.307917 0.078125 0.100833
0 0.610313 0.897083 0.070625 0.089167
0 0.721250 0.649583 0.068750 0.089167
0 0.874062 0.647083 0.081875 0.114167
0 0.873750 0.390833 0.075000 0.101667
0 0.916562 0.713750 0.078125 0.105833
0 0.057813 0.467083 0.063125 0.082500
0 0.342813 0.123750 0.074375 0.100833
0 0.420000 0.865417 0.072500 0.087500
0 0.597500 0.180000 0.075000 0.100000
0 0.138750 0.677500 0.076250 0.113333
0 0.830625 0.717500 0.075000 0.096667
0 0.598437 0.314583 0.070625 0.100833
0 0.666875 0.357917 0.063750 0.092500
0 0.543750 0.764167 0.080000 0.101667
0 0.654375 0.797083 0.076250 0.110833
0 0.555000 0.071667 0.075000 0.101667
0 0.240625 0.165417 0.076250 0.092500
0 0.302812 0.445000 0.078125 0.101667
0 0.964063 0.144583 0.064375 0.097500
0 0.397500 0.337500 0.077500 0.098333
0 0.821250 0.251250 0.071250 0.100833
0 0.838125 0.586667 0.070000 0.100000
0 0.596562 0.706667 0.081875 0.106667
0 0.189688 0.483333 0.070625 0.085000
0 0.522500 0.161667 0.071250 0.090000
0 0.910625 0.906250 0.072500 0.094167
0 0.283750 0.548333 0.085000 0.096667
0 0.651250 0.575833 0.072500 0.103333
0 0.737500 0.437500 0.078750 0.095000
0 0.488125 0.807917 0.073750 0.099167
0 0.751563 0.872917 0.085625 0.087500
0 0.555625 0.435000 0.075000 0.105000
0 0.351875 0.694583 0.078750 0.100833
0 0.792813 0.509583 0.073125 0.082500
0 0.077500 0.551250 0.072500 0.102500
0 0.310937 0.346250 0.074375 0.094167
0 0.931250 0.062500 0.066250 0.113333
3 0.314063 0.777917 0.091875 0.122500
0 0.432500 0.201250 0.072500 0.109167
0 0.912188 0.480000 0.063125 0.086667
0 0.220938 0.595833 0.079375 0.111667
0 0.095625 0.864167 0.085000 0.100000
0 0.777813 0.701667 0.081875 0.120000
0 0.664687 0.129167 0.070625 0.096667
0 0.354063 0.587500 0.073125 0.111667
0 0.292500 0.107083 0.065000 0.095833
0 0.611250 0.813750 0.075000 0.082500
0 0.787813 0.800000 0.076875 0.093333
0 0.943125 0.430417 0.066250 0.099167
0 0.392188 0.194167 0.071875 0.078333
0 0.132500 0.494167 0.077500 0.115000
0 0.860938 0.306667 0.068125 0.096667
0 0.268125 0.074167 0.072500 0.098333
0 0.105625 0.512917 0.076250 0.084167
