0 0.127188 0.363750 0.064375 0.089167
0 0.551562 0.133333 0.066875 0.103333
0 0.891563 0.705417 0.058125 0.082500
0 0.260000 0.472500 0.067500 0.090000
0 0.802813 0.072500 0.079375 0.090000
0 0.729688 0.609167 0.061875 0.103333
0 0.666562 0.298333 0.068125 0.100000
0 0.351875 0.385833 0.061250 0.100000
0 0.056250 0.736667 0.068750 0.096667
0 0.073125 0.070833 0.060000 0.106667
0 0.313125 0.548333 0.066250 0.115000
0 0.432500 0.159583 0.075000 0.092500
0 0.423750 0.514583 0.057500 0.089167
0 0.286562 0.279583 0.068125 0.092500
0 0.802500 0.480000 0.066250 0.095000
0 0.260625 0.147083 0.076250 0.095833
0 0.328750 0.897083 0.072500 0.092500
0 0.354063 0.762917 0.066875 0.090833
0 0.915312 0.775000 0.075625 0.095000
0 0.127188 0.131667 0.064375 0.091667
0 0.588750 0.945833 0.051250 0.088333
0 0.805312 0.757500 0.056875 0.090000
0 0.445625 0.834167 0.058750 0.090000
1 0.835938 0.303750 0.074375 0.139167
0 0.440625 0.918333 0.061250 0.091667
0 0.389688 0.863750 0.066875 0.114167
0 0.625313 0.071667 0.063125 0.093333
3 0.215312 0.868750 0.081875 0.124167
0 0.209375 0.780000 0.067500 0.085000
0 0.644062 0.233333 0.061875 0.105000
0 0.198437 0.456667 0.061875 0.098333
0 0.796562 0.835833 0.078125 0.081667
0 0.785625 0.250000 0.061250 0.105000
0 0.953438 0.618333 0.063125 0.103333
0 0.290312 0.823750 0.064375 0.105833
0 0.950000 0.367500 0.047500 0.121667
0 0.935937 0.961250 0.051875 0.077500
0 0.958125 0.507917 0.056250 0.134167
