0 0.628437 0.252917 0.063125 0.089167
0 0.570312 0.350833 0.070625 0.098333
0 0.792500 0.590833 0.076250 0.095000
0 0.460938 0.327083 0.070625 0.109167
0 0.526875 0.272500 0.068750 0.110000
0 0.878437 0.138333 0.066875 0.093333
0 0.405625 0.119167 0.060000 0.096667
0 0.810312 0.690833 0.074375 0.103333
0 0.853750 0.437500 0.065000 0.098333
0 0.598125 0.078333 0.081250 0.080000
0 0.767188 0.346250 0.063125 0.109167
0 0.083750 0.706250 0.056250 0.079167
0 0.040313 0.523750 0.058125 0.079167
0 0.728750 0.537500 0.063750 0.108333
0 0.078125 0.782500 0.065000 0.103333
0 0.352187 0.095417 0.070625 0.099167
0 0.272500 0.763750 0.066250 0.074167
0 0.364375 0.875833 0.063750 0.130000
0 0.885938 0.624583 0.059375 0.120833
0 0.251250 0.573333 0.068750 0.086667
0 0.565625 0.193750 0.076250 0.090833
0 0.718437 0.673333 0.076875 0.081667
0 0.229687 0.372917 0.071875 0.105833
0 0.406875 0.775417 0.071250 0.109167
0 0.828750 0.830417 0.051250 0.117500
0 0.617812 0.680000 0.064375 0.101667
0 0.342813 0.697500 0.068125 0.113333
0 0.113437 0.820833 0.058125 0.095000
0 0.083437 0.886667 0.060625 0.113333
0 0.931250 0.670833 0.078750 0.098333
0 0.672500 0.746250 0.065000 0.095833
0 0.629687 0.158750 0.070625 0.085833
0 0.200937 0.765417 0.064375 0.090833
0 0.119063 0.080417 0.068125 0.090833
0 0.212500 0.196667 0.062500 0.113333
0 0.691875 0.317083 0.070000 0.097500
0 0.712187 0.225000 0.086875 0.080000
0 0.821562 0.164583 0.061875 0.117500
0 0.875938 0.827083 0.066875 0.132500
0 0.416563 0.910417 0.069375 0.090833
0 0.774062 0.836250 0.061875 0.100833
0 0.288438 0.303750 0.058125 0.092500
0 0.684063 0.497083 0.055625 0.135833
0 0.138125 0.374583 0.068750 0.094167
0 0.092813 0.247500 0.079375 0.103333
0 0.045625 0.100417 0.056250 0.105833
0 0.375000 0.616250 0.058750 0.145833
0 0.084062 0.427917 0.065625 0.090833
0 0.740000 0.851250 0.061250 0.137500
0 0.870625 0.311667 0.085000 0.086667
0 0.686875 0.205833 0.046250 0.128333
0 0.449688 0.894583 0.074375 0.085833
0 0.108125 0.522917 0.066250 0.100833
0 0.125000 0.416667 0.075000 0.106667
0 0.520625 0.875833 0.051250 0.138333
0 0.911250 0.239583 0.062500 0.114167
0 0.168437 0.720417 0.069375 0.079167
0 0.778438 0.225417 0.049375 0.154167
0 0.225000 0.094583 0.070000 0.107500
0 0.163750 0.788333 0.067500 0.098333
0 0.501563 0.715833 0.051875 0.111667
0 0.524062 0.754167 0.058125 0.113333
0 0.867500 0.352500 0.050000 0.125000
0 0.038125 0.892083 0.061250 0.109167
0 0.465313 0.700417 0.054375 0.112500
0 0.220000 0.652500 0.062500 0.128333
0 0.264375 0.679167 0.051250 0.131667
0 0.066250 0.499167 0.072500 0.118333
0 0.945312 0.274167 0.064375 0.130000
0 0.564063 0.785833 0.043125 0.135000
0 0.573750 0.738750 0.058750 0.129167
0 0.111875 0.741667 0.058750 0.096667
0 0.265625 0.107500 0.100000 0.105000
