0 0.802188 0.110000 0.065625 0.086667
0 0.380937 0.790833 0.059375 0.085000
0 0.129062 0.765833 0.073125 0.081667
0 0.303438 0.323333 0.063125 0.088333
0 0.593750 0.383750 0.075000 0.097500
0 0.892500 0.644583 0.061250 0.085833
0 0.689063 0.073750 0.073125 0.084167
0 0.637813 0.709167 0.063125 0.090000
0 0.936875 0.190000 0.063750 0.071667
0 0.232187 0.371250 0.058125 0.074167
0 0.915937 0.776250 0.075625 0.092500
0 0.161250 0.155000 0.071250 0.086667
0 0.183750 0.067500 0.072500 0.085000
0 0.444688 0.899167 0.071875 0.083333
0 0.743437 0.411250 0.083125 0.080833
0 0.126250 0.057500 0.058750 0.101667
0 0.140000 0.638750 0.067500 0.105833
0 0.217188 0.528750 0.074375 0.109167
0 0.848750 0.755417 0.073750 0.105833
2 0.757188 0.236250 0.099375 0.095833
0 0.175937 0.422500 0.076875 0.106667
0 0.639062 0.616250 0.089375 0.097500
0 0.731563 0.545000 0.074375 0.101667
