3 0.259062 0.526667 0.090625 0.130000
5 0.725313 0.615000 0.101875 0.125000
0 0.905000 0.073750 0.072500 0.095833
0 0.830313 0.112083 0.076875 0.092500
0 0.845938 0.208333 0.074375 0.100000
0 0.964375 0.435417 0.068750 0.100833
0 0.737500 0.050417 0.063750 0.100833
0 0.606563 0.067083 0.078125 0.109167
0 0.572812 0.164583 0.078125 0.104167
0 0.588437 0.226667 0.073125 0.091667
0 0.688750 0.127083 0.075000 0.100833
0 0.744687 0.195417 0.080625 0.102500
0 0.816875 0.297500 0.061250 0.091667
0 0.797500 0.255417 0.082500 0.097500
0 0.861875 0.399583 0.065000 0.100833
0 0.800000 0.472083 0.063750 0.100833
0 0.476562 0.174583 0.080625 0.089167
0 0.611875 0.358333 0.072500 0.120000
0 0.631563 0.481667 0.073125 0.095000
0 0.669063 0.467917 0.075625 0.099167
0 0.845625 0.581667 0.061250 0.083333
0 0.955313 0.614583 0.074375 0.100833
0 0.921875 0.697083 0.083750 0.095833
0 0.803125 0.753333 0.065000 0.090000
0 0.881563 0.760417 0.075625 0.097500
0 0.938125 0.797500 0.087500 0.088333
0 0.805312 0.895833 0.079375 0.105000
0 0.672500 0.783750 0.068750 0.099167
0 0.599063 0.779583 0.073125 0.094167
0 0.647188 0.682083 0.073125 0.107500
0 0.494063 0.421250 0.069375 0.095833
0 0.522188 0.507083 0.065625 0.097500
0 0.584063 0.632917 0.069375 0.105833
0 0.519375 0.678750 0.070000 0.104167
0 0.519687 0.770833 0.075625 0.093333
0 0.510938 0.865417 0.074375 0.099167
0 0.430937 0.888750 0.065625 0.104167
0 0.472500 0.676250 0.070000 0.095833
0 0.427812 0.721250 0.076875 0.109167
0 0.445312 0.500833 0.073125 0.081667
0 0.404062 0.599167 0.074375 0.086667
0 0.406875 0.257083 0.071250 0.100833
0 0.379688 0.348333 0.074375 0.091667
0 0.383437 0.447917 0.076875 0.094167
0 0.329375 0.857083 0.072500 0.105833
0 0.263125 0.939167 0.072500 0.100000
0 0.227813 0.842083 0.073125 0.100833
0 0.167813 0.875000 0.070625 0.093333
0 0.093750 0.887917 0.070000 0.099167
0 0.095937 0.762083 0.076875 0.104167
0 0.094062 0.675417 0.078125 0.097500
0 0.070312 0.596667 0.068125 0.088333
0 0.064687 0.468750 0.074375 0.100833
0 0.052187 0.350000 0.068125 0.095000
0 0.048750 0.190000 0.068750 0.098333
0 0.093750 0.109583 0.081250 0.100833
0 0.126875 0.197917 0.071250 0.084167
0 0.148438 0.295417 0.075625 0.100833
0 0.186562 0.067917 0.076875 0.097500
0 0.210313 0.158750 0.066875 0.102500
0 0.219062 0.249167 0.078125 0.095000
0 0.323437 0.133750 0.076875 0.100833
0 0.322813 0.212917 0.070625 0.109167
0 0.287813 0.380417 0.070625 0.097500
0 0.175625 0.473333 0.070000 0.091667
0 0.223438 0.419167 0.074375 0.095000
