0 0.595938 0.865833 0.060625 0.085000
0 0.195312 0.748333 0.063125 0.085000
0 0.547188 0.183333 0.061875 0.085000
0 0.633125 0.519167 0.062500 0.096667
0 0.677813 0.842083 0.065625 0.085833
0 0.871250 0.196250 0.062500 0.095833
0 0.700313 0.279167 0.058125 0.081667
0 0.661563 0.440000 0.058125 0.081667
0 0.531250 0.801667 0.066250 0.091667
0 0.847187 0.902917 0.051875 0.072500
0 0.569688 0.719583 0.061875 0.072500
0 0.326562 0.068750 0.065625 0.087500
0 0.148125 0.326250 0.060000 0.089167
0 0.266250 0.791667 0.066250 0.085000
0 0.865938 0.528333 0.056875 0.081667
0 0.430312 0.540417 0.061875 0.090833
0 0.693750 0.765833 0.070000 0.085000
0 0.782813 0.772500 0.064375 0.085000
0 0.440312 0.092083 0.064375 0.094167
0 0.343125 0.373333 0.057500 0.085000
0 0.808750 0.230833 0.060000 0.086667
0 0.566250 0.430833 0.062500 0.086667
0 0.512188 0.901667 0.060625 0.085000
0 0.267188 0.702500 0.058125 0.080000
0 0.906250 0.853333 0.061250 0.088333
0 0.305000 0.440417 0.061250 0.082500
0 0.097812 0.688750 0.053125 0.070833
0 0.620625 0.173333 0.061250 0.085000
0 0.682813 0.581250 0.063125 0.087500
0 0.434063 0.454167 0.068125 0.080000
0 0.840000 0.811667 0.055000 0.078333
0 0.330625 0.716250 0.058750 0.082500
0 0.624687 0.784583 0.063125 0.072500
0 0.912188 0.269167 0.065625 0.093333
0 0.297187 0.888750 0.060625 0.085833
0 0.483438 0.194167 0.063125 0.080000
0 0.720938 0.492083 0.069375 0.085833
0 0.077188 0.410833 0.065625 0.090000
0 0.368750 0.894167 0.062500 0.073333
0 0.558438 0.504167 0.058125 0.085000
0 0.131250 0.448333 0.067500 0.096667
0 0.470313 0.303750 0.068125 0.094167
0 0.715000 0.141250 0.060000 0.077500
0 0.754375 0.568750 0.063750 0.095833
0 0.774062 0.862083 0.065625 0.077500
0 0.259688 0.145417 0.060625 0.075833
0 0.636250 0.672917 0.067500 0.077500
0 0.860625 0.719167 0.053750 0.085000
0 0.204063 0.392917 0.063125 0.089167
0 0.790625 0.537500 0.061250 0.081667
0 0.491563 0.425417 0.064375 0.089167
0 0.769062 0.684583 0.060625 0.080833
0 0.137813 0.909583 0.055625 0.074167
0 0.664375 0.212500 0.071250 0.083333
0 0.058438 0.920000 0.060625 0.081667
0 0.176563 0.560417 0.065625 0.077500
0 0.829063 0.636250 0.064375 0.075833
0 0.243438 0.430417 0.063125 0.087500
0 0.590313 0.256667 0.064375 0.081667
0 0.188125 0.474583 0.057500 0.082500
0 0.649062 0.912083 0.048125 0.062500
0 0.278750 0.621250 0.060000 0.075833
0 0.826875 0.423750 0.066250 0.082500
0 0.552188 0.334167 0.056875 0.078333
0 0.685000 0.672917 0.068750 0.084167
0 0.938750 0.699167 0.066250 0.081667
0 0.255937 0.055417 0.059375 0.084167
0 0.501563 0.686250 0.065625 0.074167
0 0.312188 0.532917 0.060625 0.077500
0 0.506563 0.116667 0.061875 0.070000
0 0.213125 0.949167 0.052500 0.073333
0 0.842187 0.327917 0.064375 0.075833
0 0.179063 0.073333 0.060625 0.073333
0 0.272500 0.533750 0.067500 0.084167
0 0.388437 0.286667 0.064375 0.078333
0 0.064375 0.806667 0.060000 0.085000
0 0.084062 0.155833 0.059375 0.080000
0 0.919687 0.103750 0.060625 0.089167
0 0.081562 0.855417 0.070625 0.090833
0 0.196875 0.161667 0.060000 0.076667
0 0.076563 0.298333 0.068125 0.085000
0 0.374375 0.491667 0.056250 0.091667
0 0.631250 0.084583 0.066250 0.062500
0 0.920000 0.408333 0.053750 0.096667
0 0.438125 0.876250 0.058750 0.084167
0 0.395625 0.674583 0.066250 0.084167
0 0.958125 0.853333 0.050000 0.100000
0 0.180312 0.644167 0.073125 0.085000
0 0.052812 0.595000 0.054375 0.083333
0 0.769062 0.271250 0.073125 0.090833
0 0.207500 0.840833 0.077500 0.091667
0 0.420938 0.779583 0.074375 0.090833
0 0.437188 0.372083 0.061875 0.085833
0 0.035000 0.254583 0.068750 0.097500
0 0.279687 0.316667 0.059375 0.088333
0 0.755000 0.074167 0.063750 0.076667
0 0.464687 0.762083 0.064375 0.084167
0 0.411562 0.352917 0.066875 0.064167
0 0.312812 0.166250 0.058125 0.084167
0 0.490312 0.504167 0.054375 0.095000
0 0.148438 0.217917 0.063125 0.070833
0 0.126250 0.610000 0.065000 0.101667
0 0.429688 0.642917 0.065625 0.079167
0 0.671875 0.348333 0.052500 0.080000
0 0.292812 0.258333 0.051875 0.066667
0 0.936562 0.059583 0.064375 0.069167
0 0.796875 0.047083 0.060000 0.085833
0 0.227500 0.261250 0.053750 0.082500
0 0.913125 0.667917 0.070000 0.089167
1 0.515938 0.591250 0.083125 0.140833
0 0.159375 0.094167 0.058750 0.075000
0 0.056563 0.160833 0.055625 0.075000
0 0.530625 0.107917 0.052500 0.070833
0 0.655000 0.079583 0.056250 0.072500
0 0.483750 0.283750 0.061250 0.075833
0 0.049375 0.640000 0.058750 0.095000
0 0.146875 0.637917 0.068750 0.060833
0 0.027187 0.451667 0.054375 0.076667
0 0.095625 0.720000 0.053750 0.076667
0 0.031250 0.794583 0.062500 0.087500
0 0.147187 0.885417 0.054375 0.075833
0 0.230625 0.859167 0.058750 0.068333
0 0.196563 0.951250 0.055625 0.070833
0 0.455937 0.624167 0.045625 0.081667
0 0.384688 0.451667 0.064375 0.068333
0 0.738750 0.476250 0.062500 0.069167
0 0.640000 0.348333 0.068750 0.065000
0 0.610625 0.268333 0.063750 0.076667
0 0.955625 0.045000 0.060000 0.070000
0 0.770625 0.033333 0.063750 0.066667
0 0.920000 0.360417 0.055000 0.072500
0 0.811250 0.253333 0.057500 0.073333
0 0.820937 0.337917 0.066875 0.074167
0 0.837187 0.458333 0.059375 0.078333
0 0.880000 0.542083 0.053750 0.070833
0 0.886250 0.730833 0.058750 0.081667
0 0.783125 0.891250 0.060000 0.084167
0 0.667813 0.929583 0.061875 0.075833
0 0.458125 0.842083 0.058750 0.084167
0 0.493750 0.709583 0.058750 0.085833
0 0.818125 0.585000 0.061250 0.080000
0 0.842500 0.612917 0.060000 0.087500
0 0.248750 0.264583 0.057500 0.102500
0 0.180625 0.191250 0.056250 0.077500
0 0.555312 0.964167 0.055625 0.068333
