0 0.115625 0.287500 0.075000 0.091667
0 0.206875 0.158750 0.065000 0.082500
0 0.229375 0.412500 0.070000 0.090000
0 0.387500 0.477500 0.078750 0.113333
0 0.126250 0.165417 0.070000 0.079167
0 0.318125 0.490417 0.066250 0.080833
0 0.168750 0.239167 0.068750 0.081667
0 0.473750 0.744583 0.070000 0.089167
0 0.347187 0.117500 0.064375 0.081667
0 0.270313 0.121250 0.080625 0.122500
0 0.452500 0.081250 0.075000 0.097500
0 0.323750 0.758750 0.066250 0.095833
0 0.878437 0.775417 0.066875 0.084167
0 0.295938 0.310417 0.079375 0.095833
0 0.103750 0.090000 0.072500 0.083333
0 0.461875 0.456250 0.072500 0.085833
0 0.852812 0.850417 0.068125 0.087500
0 0.504062 0.942917 0.079375 0.100833
0 0.574688 0.882500 0.065625 0.093333
0 0.185000 0.355833 0.055000 0.083333
0 0.414375 0.666667 0.060000 0.090000
0 0.915625 0.249583 0.083750 0.102500
0 0.711250 0.262500 0.066250 0.090000
0 0.522813 0.057083 0.063125 0.074167
0 0.643125 0.860000 0.077500 0.095000
0 0.450000 0.187500 0.070000 0.093333
0 0.147500 0.491250 0.081250 0.097500
0 0.216875 0.710000 0.072500 0.091667
0 0.528438 0.751667 0.080625 0.095000
0 0.820937 0.931667 0.071875 0.095000
0 0.245625 0.512917 0.067500 0.084167
0 0.647188 0.112500 0.074375 0.088333
0 0.774062 0.610417 0.078125 0.115833
0 0.636250 0.720833 0.068750 0.086667
0 0.187188 0.550833 0.065625 0.083333
0 0.564375 0.122917 0.076250 0.105833
0 0.736250 0.109583 0.052500 0.070833
0 0.886875 0.935000 0.066250 0.083333
0 0.449375 0.536667 0.083750 0.100000
0 0.063125 0.496667 0.072500 0.090000
0 0.559688 0.506667 0.069375 0.096667
0 0.203750 0.860417 0.075000 0.097500
0 0.039688 0.122500 0.068125 0.095000
0 0.596250 0.788333 0.068750 0.083333
0 0.837500 0.348750 0.075000 0.105833
0 0.291563 0.775833 0.065625 0.090000
0 0.481563 0.599583 0.056875 0.089167
0 0.157812 0.642083 0.069375 0.087500
0 0.882188 0.193750 0.070625 0.090833
0 0.767188 0.196250 0.069375 0.079167
0 0.041250 0.590417 0.078750 0.102500
0 0.309688 0.575833 0.075625 0.093333
0 0.321250 0.405417 0.067500 0.077500
0 0.140625 0.421667 0.066250 0.080000
0 0.268125 0.950417 0.073750 0.092500
0 0.813438 0.307917 0.074375 0.090833
0 0.413438 0.271250 0.069375 0.082500
0 0.103125 0.604167 0.073750 0.093333
0 0.277813 0.691250 0.056875 0.089167
0 0.371563 0.320000 0.073125 0.115000
0 0.694063 0.606250 0.075625 0.097500
3 0.354375 0.702500 0.082500 0.116667
0 0.686875 0.510833 0.073750 0.108333
0 0.635312 0.651250 0.075625 0.084167
1 0.930625 0.374583 0.110000 0.107500
1 0.061562 0.847083 0.069375 0.152500
1 0.271250 0.607917 0.083750 0.105833
1 0.670937 0.940833 0.078125 0.118333
0 0.770625 0.234167 0.062500 0.098333
0 0.090625 0.957500 0.062500 0.083333
0 0.089375 0.880000 0.062500 0.086667
