0 0.731875 0.480833 0.057500 0.073333
0 0.491875 0.364167 0.062500 0.080000
0 0.210000 0.840417 0.072500 0.089167
0 0.685000 0.317500 0.071250 0.090000
0 0.390937 0.251250 0.066875 0.090833
0 0.763750 0.226250 0.068750 0.084167
0 0.464375 0.523750 0.067500 0.082500
0 0.209687 0.248333 0.076875 0.105000
0 0.289375 0.622500 0.061250 0.083333
0 0.789062 0.810417 0.061875 0.092500
0 0.149375 0.764583 0.055000 0.077500
0 0.679063 0.900417 0.060625 0.080833
0 0.225000 0.572500 0.065000 0.076667
0 0.072500 0.776250 0.070000 0.090833
0 0.507812 0.085417 0.058125 0.080833
0 0.840938 0.824583 0.066875 0.095833
0 0.505938 0.870833 0.069375 0.091667
0 0.557500 0.125833 0.062500 0.085000
0 0.047188 0.911667 0.064375 0.085000
0 0.439375 0.104583 0.071250 0.094167
0 0.894375 0.578333 0.065000 0.091667
1 0.249688 0.152083 0.070625 0.114167
0 0.704375 0.609167 0.062500 0.088333
0 0.929688 0.190417 0.059375 0.082500
0 0.215312 0.682500 0.059375 0.083333
0 0.287500 0.899167 0.062500 0.096667
0 0.910312 0.397917 0.058125 0.079167
0 0.334375 0.946667 0.061250 0.101667
0 0.198437 0.163333 0.059375 0.073333
0 0.128125 0.515417 0.060000 0.084167
0 0.905312 0.101250 0.056875 0.102500
0 0.452188 0.244583 0.056875 0.075833
0 0.928438 0.295000 0.058125 0.085000
0 0.830313 0.062083 0.063125 0.079167
0 0.567187 0.222083 0.056875 0.089167
0 0.563750 0.278333 0.061250 0.088333
0 0.834375 0.271250 0.065000 0.084167
0 0.832500 0.349583 0.061250 0.085833
0 0.677813 0.563750 0.051875 0.085833
0 0.404062 0.478333 0.064375 0.078333
0 0.041563 0.347500 0.061875 0.083333
0 0.622500 0.291250 0.053750 0.077500
1 0.385313 0.641250 0.075625 0.109167
0 0.461250 0.783750 0.067500 0.069167
0 0.127812 0.398333 0.073125 0.085000
0 0.583125 0.449583 0.061250 0.067500
0 0.890625 0.876250 0.060000 0.099167
0 0.729688 0.862083 0.055625 0.070833
0 0.903125 0.780000 0.061250 0.085000
0 0.713750 0.082500 0.057500 0.088333
0 0.944063 0.670833 0.056875 0.071667
0 0.235937 0.489583 0.063125 0.082500
0 0.501563 0.277083 0.069375 0.087500
0 0.168125 0.456250 0.058750 0.074167
0 0.196250 0.042917 0.055000 0.072500
0 0.090000 0.058750 0.070000 0.092500
3 0.370937 0.761667 0.085625 0.106667
0 0.917500 0.940000 0.058750 0.083333
0 0.069687 0.570833 0.049375 0.073333
0 0.693438 0.236667 0.059375 0.078333
0 0.809375 0.142500 0.050000 0.081667
0 0.429688 0.947500 0.056875 0.096667
0 0.939688 0.058333 0.075625 0.080000
0 0.319063 0.545833 0.046875 0.066667
0 0.168750 0.102917 0.060000 0.080833
0 0.623750 0.235417 0.065000 0.087500
0 0.973125 0.386250 0.053750 0.084167
0 0.921250 0.376250 0.066250 0.082500
0 0.286875 0.820000 0.047500 0.076667
0 0.210938 0.436250 0.050625 0.065833
0 0.207500 0.500833 0.055000 0.070000
0 0.116875 0.533333 0.058750 0.101667
