0 0.738125 0.247500 0.070000 0.098333
0 0.384375 0.144583 0.075000 0.090833
0 0.668438 0.193750 0.069375 0.099167
0 0.511250 0.790833 0.068750 0.103333
0 0.222812 0.147083 0.075625 0.104167
0 0.787500 0.337500 0.073750 0.098333
0 0.626250 0.638333 0.080000 0.113333
0 0.614062 0.401250 0.076875 0.099167
0 0.093125 0.317083 0.067500 0.099167
0 0.860000 0.450833 0.071250 0.096667
0 0.421250 0.279167 0.081250 0.093333
0 0.534687 0.269167 0.076875 0.100000
0 0.298750 0.071250 0.067500 0.090833
0 0.782500 0.810000 0.065000 0.085000
0 0.294063 0.900417 0.083125 0.110833
0 0.398438 0.793333 0.074375 0.105000
0 0.526250 0.386250 0.058750 0.079167
0 0.771875 0.134583 0.076250 0.087500
0 0.520938 0.611667 0.066875 0.093333
0 0.440000 0.386667 0.080000 0.103333
0 0.542500 0.157500 0.063750 0.085000
0 0.907813 0.108333 0.076875 0.100000
0 0.134687 0.498333 0.083125 0.106667
0 0.130000 0.645417 0.072500 0.092500
0 0.755000 0.627917 0.082500 0.097500
0 0.394375 0.475833 0.068750 0.090000
0 0.724375 0.431250 0.061250 0.089167
0 0.430625 0.578750 0.070000 0.102500
0 0.140000 0.067917 0.071250 0.094167
0 0.262500 0.407083 0.080000 0.094167
0 0.460000 0.537917 0.071250 0.100833
0 0.158750 0.735000 0.091250 0.093333
0 0.069062 0.422500 0.074375 0.096667
0 0.785312 0.436667 0.060625 0.090000
0 0.445625 0.926250 0.091250 0.070833
0 0.826250 0.258333 0.057500 0.085000
0 0.598125 0.753333 0.088750 0.101667
0 0.077813 0.829167 0.075625 0.096667
0 0.181250 0.557917 0.071250 0.084167
0 0.074375 0.634583 0.061250 0.092500
0 0.924687 0.310833 0.075625 0.090000
0 0.907188 0.238750 0.078125 0.090833
0 0.034688 0.369583 0.069375 0.094167
0 0.069062 0.958333 0.078125 0.081667
1 0.583750 0.506250 0.090000 0.099167
