0 0.871250 0.340417 0.076250 0.084167
0 0.360312 0.102500 0.066875 0.106667
0 0.199687 0.389583 0.066875 0.067500
0 0.820312 0.074583 0.065625 0.097500
0 0.947187 0.746250 0.063125 0.087500
0 0.542500 0.541250 0.077500 0.097500
0 0.596250 0.909583 0.078750 0.070833
0 0.918438 0.149167 0.068125 0.101667
0 0.490938 0.765833 0.070625 0.110000
0 0.481250 0.901667 0.071250 0.081667
0 0.449688 0.496667 0.074375 0.088333
0 0.221250 0.196667 0.057500 0.093333
0 0.128125 0.930833 0.065000 0.096667
0 0.290312 0.622500 0.070625 0.101667
0 0.858750 0.117500 0.067500 0.095000
0 0.882188 0.791250 0.070625 0.092500
0 0.818125 0.931250 0.066250 0.092500
0 0.344062 0.563333 0.073125 0.078333
0 0.603125 0.714583 0.062500 0.097500
0 0.340000 0.489583 0.072500 0.075833
0 0.468750 0.674167 0.070000 0.088333
0 0.710000 0.271667 0.077500 0.083333
0 0.184375 0.284583 0.051250 0.117500
0 0.534062 0.245417 0.061875 0.079167
0 0.605000 0.641667 0.050000 0.106667
0 0.283750 0.305000 0.052500 0.088333
0 0.093438 0.734583 0.069375 0.094167
0 0.226562 0.469583 0.061875 0.107500
0 0.161875 0.745000 0.075000 0.101667
0 0.425625 0.155417 0.068750 0.115833
0 0.773125 0.574583 0.067500 0.100833
0 0.290000 0.125000 0.062500 0.081667
0 0.059062 0.621667 0.073125 0.105000
0 0.110000 0.570000 0.080000 0.088333
0 0.650312 0.356667 0.069375 0.081667
0 0.513437 0.588333 0.071875 0.101667
0 0.625000 0.545833 0.072500 0.085000
0 0.057813 0.074167 0.061875 0.091667
0 0.126562 0.152083 0.064375 0.077500
0 0.322188 0.183750 0.059375 0.089167
0 0.159062 0.444583 0.056875 0.112500
0 0.501563 0.707083 0.075625 0.089167
0 0.756563 0.367917 0.058125 0.115833
0 0.531875 0.300833 0.072500 0.108333
0 0.816250 0.548750 0.072500 0.094167
0 0.562813 0.655000 0.053125 0.101667
0 0.585313 0.474583 0.069375 0.090833
0 0.569063 0.374167 0.064375 0.090000
0 0.270937 0.462500 0.071875 0.075000
0 0.846875 0.780000 0.071250 0.111667
0 0.235313 0.881667 0.075625 0.101667
0 0.352500 0.839167 0.057500 0.145000
0 0.315312 0.326250 0.051875 0.129167
0 0.125312 0.253750 0.076875 0.117500
0 0.695937 0.414167 0.074375 0.100000
0 0.715938 0.350417 0.064375 0.085833
0 0.965313 0.839167 0.065625 0.113333
0 0.103750 0.670417 0.048750 0.127500
0 0.967187 0.194167 0.064375 0.098333
0 0.850000 0.452500 0.067500 0.116667
0 0.261875 0.512083 0.071250 0.100833
0 0.222188 0.816667 0.074375 0.096667
0 0.254688 0.775417 0.066875 0.084167
0 0.764375 0.184167 0.068750 0.108333
0 0.073750 0.156667 0.048750 0.146667
0 0.813750 0.694583 0.055000 0.125833
0 0.949375 0.511250 0.067500 0.104167
0 0.880625 0.607500 0.076250 0.083333
0 0.083437 0.803333 0.075625 0.098333
0 0.449375 0.576250 0.058750 0.102500
0 0.867188 0.677083 0.063125 0.074167
0 0.401875 0.950833 0.071250 0.091667
0 0.913438 0.435833 0.071875 0.095000
0 0.710625 0.683750 0.048750 0.090833
0 0.548438 0.812500 0.074375 0.096667
0 0.913750 0.675000 0.042500 0.126667
0 0.176563 0.532083 0.086875 0.102500
0 0.589063 0.786667 0.061875 0.115000
0 0.100625 0.845000 0.066250 0.081667
0 0.051250 0.869167 0.082500 0.111667
0 0.285938 0.216667 0.078125 0.095000
0 0.420000 0.769583 0.065000 0.099167
4 0.612812 0.396250 0.068125 0.092500
0 0.688438 0.842917 0.073125 0.109167
0 0.903750 0.891667 0.075000 0.095000
4 0.265000 0.382500 0.081250 0.118333
0 0.116875 0.126667 0.060000 0.116667
0 0.498125 0.150417 0.081250 0.087500
0 0.769375 0.901667 0.076250 0.081667
0 0.052812 0.784583 0.063125 0.099167
0 0.130938 0.912500 0.044375 0.141667
0 0.305000 0.610417 0.067500 0.077500
0 0.838750 0.748750 0.071250 0.084167
