0 0.556562 0.727500 0.078125 0.101667
0 0.715625 0.172917 0.068750 0.090833
0 0.064687 0.078333 0.075625 0.103333
0 0.803125 0.472917 0.078750 0.104167
0 0.308437 0.366667 0.070625 0.091667
0 0.495625 0.842083 0.065000 0.089167
0 0.331250 0.462917 0.070000 0.089167
0 0.454375 0.505833 0.073750 0.101667
0 0.912500 0.722917 0.072500 0.097500
0 0.377812 0.712917 0.068125 0.092500
0 0.631250 0.614167 0.078750 0.098333
0 0.695000 0.791250 0.083750 0.107500
0 0.932813 0.291250 0.081875 0.112500
0 0.049375 0.221250 0.077500 0.097500
0 0.117813 0.265000 0.063125 0.078333
0 0.786563 0.653333 0.061875 0.080000
0 0.295000 0.663750 0.073750 0.100833
0 0.620938 0.244583 0.070625 0.104167
0 0.409687 0.228333 0.070625 0.096667
0 0.056563 0.338333 0.071875 0.078333
0 0.145313 0.391667 0.079375 0.106667
0 0.209375 0.770833 0.063750 0.086667
0 0.139063 0.779583 0.069375 0.109167
0 0.647500 0.486250 0.065000 0.090833
0 0.663125 0.102083 0.058750 0.082500
0 0.360000 0.857917 0.073750 0.105833
0 0.517188 0.560417 0.075625 0.100833
0 0.325937 0.145417 0.074375 0.097500
0 0.499688 0.133750 0.071875 0.099167
0 0.069375 0.775417 0.071250 0.104167
0 0.546875 0.216250 0.065000 0.105833
0 0.301250 0.243750 0.061250 0.082500
0 0.895938 0.821667 0.056875 0.073333
0 0.725313 0.325417 0.083125 0.105833
0 0.703750 0.891667 0.066250 0.076667
0 0.295312 0.549167 0.074375 0.091667
0 0.543750 0.329167 0.065000 0.085000
0 0.215312 0.672917 0.061875 0.084167
0 0.461875 0.403333 0.066250 0.086667
0 0.444063 0.772500 0.081875 0.098333
0 0.247812 0.226250 0.073125 0.087500
0 0.213125 0.956667 0.078750 0.075000
0 0.189375 0.321250 0.075000 0.092500
0 0.293125 0.816250 0.061250 0.084167
0 0.817187 0.115000 0.075625 0.100000
0 0.406250 0.637083 0.062500 0.074167
0 0.800312 0.938333 0.065625 0.096667
0 0.804688 0.361667 0.075625 0.091667
0 0.764687 0.269167 0.084375 0.103333
0 0.077188 0.518333 0.075625 0.081667
0 0.070625 0.607083 0.071250 0.090833
0 0.163750 0.163333 0.072500 0.056667
0 0.258437 0.552917 0.066875 0.104167
0 0.047188 0.677917 0.054375 0.075833
0 0.903438 0.150417 0.074375 0.107500
0 0.938438 0.585833 0.054375 0.096667
0 0.149375 0.587500 0.083750 0.106667
0 0.236875 0.377083 0.067500 0.112500
0 0.524062 0.373333 0.056875 0.073333
0 0.314063 0.775000 0.076875 0.098333
3 0.713125 0.670417 0.091250 0.125833
2 0.358438 0.286667 0.075625 0.105000
