0 0.954688 0.437917 0.061875 0.084167
0 0.240313 0.476250 0.075625 0.082500
0 0.075000 0.555833 0.062500 0.108333
0 0.658438 0.662917 0.074375 0.070833
0 0.939063 0.230833 0.073125 0.073333
0 0.601875 0.512500 0.078750 0.076667
0 0.622500 0.090417 0.062500 0.110833
0 0.627500 0.359167 0.063750 0.101667
0 0.315312 0.306667 0.090625 0.091667
0 0.296250 0.401250 0.078750 0.095833
0 0.274687 0.888333 0.080625 0.103333
0 0.914375 0.847917 0.060000 0.102500
0 0.429063 0.775000 0.065625 0.101667
0 0.544375 0.100417 0.066250 0.109167
0 0.423125 0.626250 0.080000 0.097500
0 0.334375 0.608750 0.073750 0.074167
0 0.747812 0.152500 0.069375 0.103333
0 0.679375 0.143333 0.073750 0.103333
0 0.436563 0.362917 0.060625 0.097500
0 0.429063 0.471250 0.083125 0.080833
0 0.119375 0.462083 0.061250 0.097500
0 0.533438 0.448750 0.093125 0.087500
0 0.665312 0.467917 0.083125 0.095833
0 0.485312 0.360000 0.070625 0.111667
0 0.827500 0.864583 0.070000 0.099167
0 0.394062 0.272917 0.091875 0.090833
0 0.057500 0.455000 0.071250 0.086667
0 0.796875 0.225833 0.068750 0.093333
0 0.205313 0.332083 0.084375 0.092500
0 0.634375 0.584167 0.075000 0.091667
0 0.251563 0.131667 0.085625 0.065000
0 0.812187 0.324583 0.058125 0.079167
0 0.759375 0.525833 0.081250 0.083333
0 0.480625 0.565833 0.076250 0.103333
0 0.641250 0.840000 0.078750 0.091667
0 0.901563 0.628333 0.068125 0.073333
0 0.736563 0.640833 0.088125 0.090000
0 0.167187 0.512500 0.069375 0.098333
0 0.546562 0.652917 0.078125 0.107500
0 0.481250 0.737083 0.068750 0.095833
0 0.332813 0.165417 0.094375 0.085833
0 0.209063 0.565417 0.083125 0.104167
0 0.057188 0.185417 0.073125 0.087500
0 0.058125 0.305417 0.083750 0.090833
0 0.864375 0.361667 0.092500 0.086667
0 0.699375 0.845833 0.066250 0.111667
0 0.327813 0.781667 0.080625 0.100000
0 0.891875 0.121250 0.067500 0.074167
0 0.866563 0.180833 0.081875 0.080000
0 0.788125 0.791250 0.061250 0.115833
0 0.381250 0.745417 0.068750 0.114167
0 0.549063 0.398750 0.080625 0.095833
0 0.425312 0.548750 0.070625 0.094167
0 0.040625 0.885417 0.073750 0.104167
0 0.942813 0.686250 0.071875 0.077500
0 0.175000 0.668333 0.073750 0.098333
0 0.156875 0.572917 0.062500 0.072500
0 0.856875 0.820833 0.060000 0.091667
0 0.099062 0.086667 0.079375 0.098333
0 0.087500 0.800417 0.072500 0.077500
0 0.477500 0.895000 0.082500 0.085000
0 0.737500 0.442917 0.082500 0.100833
0 0.783438 0.685833 0.084375 0.075000
0 0.859062 0.294167 0.075625 0.090000
0 0.703125 0.393750 0.085000 0.109167
0 0.049063 0.093333 0.089375 0.105000
0 0.705625 0.085833 0.070000 0.108333
0 0.930312 0.590000 0.080625 0.091667
0 0.240000 0.074167 0.080000 0.076667
0 0.964688 0.817500 0.069375 0.101667
0 0.369375 0.672083 0.093750 0.079167
0 0.891875 0.708333 0.075000 0.086667
0 0.932187 0.765417 0.080625 0.099167
0 0.959688 0.180417 0.071875 0.089167
0 0.230625 0.816250 0.067500 0.105833
0 0.871563 0.067083 0.083125 0.072500
4 0.143125 0.757083 0.071250 0.109167
0 0.901563 0.490833 0.074375 0.081667
0 0.599375 0.774167 0.070000 0.093333
0 0.560000 0.807917 0.075000 0.114167
0 0.505000 0.874583 0.092500 0.110833
0 0.534375 0.849583 0.071250 0.107500
0 0.852187 0.760000 0.073125 0.080000
0 0.590000 0.855000 0.066250 0.121667
0 0.060000 0.758750 0.082500 0.074167
0 0.853437 0.135833 0.073125 0.078333
