0 0.497812 0.165000 0.068125 0.096667
0 0.300312 0.801250 0.070625 0.084167
0 0.475938 0.602500 0.065625 0.091667
0 0.660000 0.179167 0.062500 0.091667
0 0.928125 0.339167 0.068750 0.091667
0 0.530312 0.506667 0.056875 0.080000
0 0.828750 0.361250 0.068750 0.100833
0 0.310000 0.539583 0.061250 0.107500
0 0.663438 0.318750 0.053125 0.077500
0 0.717500 0.940833 0.073750 0.103333
0 0.675000 0.496250 0.078750 0.070833
0 0.611563 0.255833 0.065625 0.086667
0 0.130938 0.341667 0.069375 0.098333
0 0.555625 0.597917 0.070000 0.099167
0 0.287813 0.195833 0.070625 0.075000
0 0.880938 0.702500 0.064375 0.086667
0 0.711562 0.410000 0.055625 0.103333
0 0.836250 0.762917 0.057500 0.077500
0 0.657188 0.567500 0.076875 0.085000
0 0.755938 0.324167 0.056875 0.090000
0 0.326250 0.101667 0.056250 0.081667
0 0.614688 0.102500 0.053125 0.081667
0 0.410938 0.642500 0.066875 0.081667
0 0.641875 0.754583 0.071250 0.094167
0 0.130938 0.692500 0.069375 0.086667
0 0.422812 0.315417 0.049375 0.082500
0 0.125625 0.256667 0.060000 0.083333
0 0.710313 0.629167 0.060625 0.085000
0 0.141875 0.540000 0.065000 0.081667
0 0.804375 0.857500 0.076250 0.105000
0 0.873125 0.265000 0.060000 0.080000
0 0.228437 0.247500 0.059375 0.091667
0 0.592812 0.812500 0.058125 0.095000
0 0.359375 0.753750 0.056250 0.087500
0 0.426250 0.712917 0.060000 0.107500
0 0.469687 0.815000 0.066875 0.098333
0 0.894375 0.576667 0.060000 0.081667
0 0.873125 0.150000 0.066250 0.086667
0 0.787500 0.704583 0.055000 0.095833
0 0.216875 0.081250 0.067500 0.079167
0 0.299375 0.307083 0.060000 0.090833
0 0.960313 0.620000 0.076875 0.105000
0 0.064375 0.555000 0.051250 0.081667
0 0.665937 0.415833 0.076875 0.088333
0 0.945937 0.429167 0.051875 0.081667
0 0.472187 0.456250 0.058125 0.092500
0 0.391250 0.874167 0.071250 0.075000
0 0.200313 0.380417 0.059375 0.075833
0 0.256563 0.695417 0.073125 0.109167
0 0.776875 0.130833 0.071250 0.085000
0 0.375625 0.915833 0.072500 0.093333
0 0.078125 0.322500 0.060000 0.081667
0 0.905625 0.459167 0.076250 0.076667
0 0.104688 0.428333 0.068125 0.091667
0 0.773438 0.593750 0.053125 0.099167
0 0.507188 0.699167 0.061875 0.086667
0 0.726875 0.099583 0.073750 0.090833
0 0.052812 0.713750 0.065625 0.092500
0 0.835938 0.629583 0.065625 0.074167
0 0.068437 0.113333 0.063125 0.078333
0 0.949688 0.236667 0.060625 0.088333
0 0.197187 0.646250 0.059375 0.080833
0 0.745000 0.522500 0.082500 0.096667
0 0.366250 0.386250 0.058750 0.075833
0 0.606563 0.542083 0.055625 0.112500
0 0.415000 0.550833 0.063750 0.080000
0 0.226875 0.769583 0.058750 0.082500
0 0.195937 0.821667 0.060625 0.083333
0 0.556250 0.115000 0.051250 0.083333
0 0.601875 0.657917 0.048750 0.082500
0 0.751875 0.835000 0.063750 0.088333
0 0.545000 0.059583 0.050000 0.094167
0 0.300312 0.234167 0.059375 0.090000
0 0.889375 0.933333 0.055000 0.083333
0 0.524062 0.815000 0.058125 0.120000
0 0.100000 0.876667 0.053750 0.066667
0 0.087188 0.218750 0.075625 0.087500
0 0.786875 0.949583 0.058750 0.094167
0 0.286562 0.887500 0.064375 0.076667
0 0.145000 0.107083 0.075000 0.079167
0 0.488438 0.272083 0.068125 0.087500
0 0.502812 0.077917 0.079375 0.072500
0 0.825937 0.471667 0.060625 0.090000
0 0.535625 0.430833 0.057500 0.071667
0 0.369375 0.644583 0.045000 0.090833
0 0.821250 0.120000 0.046250 0.076667
0 0.166875 0.753333 0.047500 0.060000
0 0.365625 0.250833 0.073750 0.128333
0 0.181250 0.712500 0.068750 0.101667
0 0.531563 0.242500 0.071875 0.098333
0 0.118750 0.634583 0.057500 0.087500
0 0.116562 0.786250 0.069375 0.070833
0 0.960000 0.940417 0.065000 0.074167
0 0.696875 0.833333 0.065000 0.093333
0 0.281562 0.377083 0.070625 0.087500
0 0.391562 0.816250 0.080625 0.095833
0 0.249062 0.523750 0.048125 0.060833
0 0.907500 0.055000 0.075000 0.110000
0 0.141563 0.135417 0.063125 0.084167
0 0.212188 0.445000 0.080625 0.073333
0 0.578750 0.405833 0.062500 0.075000
0 0.955625 0.843333 0.066250 0.093333
0 0.725938 0.716667 0.049375 0.080000
0 0.521563 0.926667 0.051875 0.073333
0 0.326875 0.470417 0.051250 0.069167
1 0.383125 0.224583 0.120000 0.122500
0 0.757188 0.177083 0.056875 0.087500
0 0.647813 0.053333 0.069375 0.076667
0 0.567813 0.055417 0.058125 0.069167
0 0.482812 0.046667 0.059375 0.085000
0 0.339375 0.141250 0.058750 0.075833
0 0.890000 0.479167 0.045000 0.075000
0 0.875000 0.603333 0.056250 0.080000
0 0.756563 0.917083 0.064375 0.097500
0 0.790625 0.885833 0.056250 0.068333
0 0.899062 0.902083 0.055625 0.077500
0 0.920937 0.934167 0.055625 0.090000
0 0.620938 0.770417 0.066875 0.077500
0 0.497812 0.759167 0.053125 0.066667
0 0.348125 0.684167 0.070000 0.095000
0 0.204063 0.619583 0.063125 0.074167
0 0.052187 0.185417 0.053125 0.070833
0 0.045000 0.125833 0.047500 0.091667
0 0.195625 0.072083 0.062500 0.075833
0 0.154688 0.165000 0.055625 0.081667
0 0.229063 0.273333 0.053125 0.090000
0 0.222812 0.297500 0.068125 0.068333
0 0.737812 0.229583 0.058125 0.104167
0 0.822187 0.389583 0.046875 0.089167
0 0.759062 0.360000 0.055625 0.086667
0 0.475000 0.494583 0.050000 0.097500
0 0.403750 0.474583 0.047500 0.084167
0 0.407813 0.508750 0.055625 0.075833
0 0.830000 0.422917 0.060000 0.090833
0 0.715000 0.681667 0.055000 0.091667
0 0.775000 0.661250 0.047500 0.087500
0 0.543750 0.900000 0.061250 0.070000
0 0.275938 0.932500 0.054375 0.105000
0 0.101562 0.913750 0.056875 0.085833
0 0.132188 0.886667 0.078125 0.086667
0 0.091563 0.787500 0.074375 0.066667
0 0.064062 0.769167 0.056875 0.080000
0 0.100937 0.616250 0.053125 0.070833
0 0.073125 0.529583 0.060000 0.069167
0 0.045937 0.363750 0.054375 0.057500
0 0.126562 0.460833 0.061875 0.080000
0 0.130000 0.485000 0.051250 0.090000
0 0.170937 0.840000 0.055625 0.076667
0 0.592187 0.688333 0.058125 0.081667
0 0.455625 0.285000 0.053750 0.096667
0 0.879375 0.045417 0.072500 0.072500
0 0.853437 0.132083 0.064375 0.074167
0 0.881563 0.284583 0.063125 0.074167
0 0.618437 0.495833 0.065625 0.081667
0 0.395625 0.383750 0.053750 0.065833
0 0.440625 0.334583 0.047500 0.085833
0 0.212188 0.363750 0.049375 0.072500
0 0.346250 0.475833 0.052500 0.068333
0 0.623437 0.410833 0.061875 0.066667
