0 0.540312 0.820000 0.073125 0.098333
0 0.174687 0.607917 0.068125 0.092500
0 0.637188 0.615000 0.084375 0.116667
0 0.725625 0.796250 0.077500 0.110833
0 0.428438 0.675000 0.078125 0.106667
0 0.213125 0.313333 0.082500 0.105000
0 0.906250 0.508750 0.077500 0.102500
0 0.320625 0.746250 0.072500 0.105833
0 0.385625 0.415000 0.075000 0.098333
0 0.174687 0.780833 0.086875 0.101667
0 0.141875 0.259167 0.080000 0.115000
0 0.276250 0.215000 0.072500 0.121667
0 0.960000 0.942083 0.072500 0.107500
0 0.090938 0.606667 0.075625 0.105000
0 0.454062 0.798750 0.079375 0.107500
0 0.454062 0.308750 0.088125 0.079167
0 0.501875 0.740000 0.091250 0.090000
0 0.542813 0.450833 0.068125 0.096667
0 0.553438 0.526250 0.078125 0.100833
0 0.389375 0.847083 0.072500 0.105833
0 0.488438 0.538333 0.078125 0.090000
0 0.085938 0.493333 0.068125 0.116667
0 0.528438 0.642917 0.093125 0.102500
0 0.147813 0.517917 0.070625 0.132500
0 0.228750 0.703333 0.072500 0.086667
0 0.638750 0.271667 0.067500 0.096667
0 0.875625 0.360417 0.078750 0.089167
0 0.876250 0.442083 0.092500 0.104167
0 0.616875 0.697917 0.080000 0.117500
0 0.493750 0.384167 0.105000 0.073333
0 0.485938 0.446250 0.066875 0.095833
0 0.118125 0.684583 0.072500 0.115833
0 0.154688 0.715417 0.073125 0.107500
3 0.291875 0.610833 0.113750 0.101667
