0 0.670937 0.398750 0.074375 0.092500
0 0.780312 0.425000 0.059375 0.071667
0 0.769687 0.525833 0.070625 0.088333
0 0.188125 0.226667 0.068750 0.078333
0 0.331562 0.146667 0.068125 0.090000
0 0.591875 0.220000 0.058750 0.073333
0 0.864375 0.115417 0.072500 0.087500
0 0.360625 0.310417 0.062500 0.085833
0 0.807813 0.860417 0.061875 0.077500
0 0.136875 0.346667 0.070000 0.080000
0 0.728750 0.133750 0.067500 0.077500
0 0.427812 0.842917 0.065625 0.079167
0 0.476875 0.545833 0.065000 0.090000
0 0.727812 0.472917 0.064375 0.082500
0 0.504062 0.202500 0.060625 0.078333
0 0.824063 0.587917 0.061875 0.092500
0 0.365312 0.630833 0.066875 0.083333
0 0.622812 0.565000 0.060625 0.083333
0 0.343750 0.559583 0.066250 0.077500
0 0.538438 0.505833 0.060625 0.073333
0 0.713437 0.580417 0.064375 0.089167
0 0.744375 0.267083 0.068750 0.074167
0 0.087500 0.222083 0.067500 0.085833
0 0.397813 0.043333 0.064375 0.085000
0 0.747188 0.342917 0.061875 0.077500
0 0.790625 0.041250 0.070000 0.079167
0 0.738437 0.691250 0.066875 0.077500
0 0.798125 0.948750 0.055000 0.072500
0 0.332500 0.817500 0.068750 0.085000
0 0.263750 0.677917 0.063750 0.082500
0 0.430312 0.594583 0.065625 0.084167
0 0.845000 0.468750 0.065000 0.085833
0 0.875625 0.327500 0.070000 0.090000
0 0.632188 0.320000 0.058125 0.076667
0 0.640625 0.085000 0.071250 0.076667
0 0.553438 0.916250 0.071875 0.109167
0 0.572187 0.801250 0.051875 0.085833
0 0.264375 0.824167 0.055000 0.096667
0 0.214062 0.682500 0.045625 0.088333
0 0.286250 0.387500 0.063750 0.071667
0 0.051875 0.707083 0.086250 0.074167
0 0.464375 0.927917 0.080000 0.057500
0 0.463438 0.094583 0.070625 0.090833
0 0.737812 0.832500 0.058125 0.068333
3 0.510000 0.811250 0.060000 0.077500
0 0.066875 0.810000 0.073750 0.076667
0 0.557187 0.300000 0.060625 0.060000
0 0.558438 0.042917 0.063125 0.082500
0 0.688750 0.189583 0.051250 0.077500
0 0.637188 0.960417 0.060625 0.072500
