0 0.252812 0.081250 0.073125 0.102500
0 0.389688 0.635417 0.061875 0.097500
0 0.075625 0.221667 0.057500 0.081667
0 0.646875 0.410833 0.066250 0.080000
0 0.454688 0.626667 0.068125 0.088333
0 0.073750 0.687083 0.062500 0.077500
0 0.303125 0.615833 0.067500 0.090000
0 0.619062 0.230833 0.056875 0.098333
0 0.685937 0.645833 0.061875 0.096667
0 0.599063 0.873750 0.069375 0.087500
0 0.225938 0.610833 0.074375 0.101667
0 0.553438 0.840000 0.065625 0.093333
0 0.668750 0.551667 0.067500 0.090000
0 0.803438 0.691250 0.071875 0.090833
0 0.121875 0.747500 0.067500 0.095000
0 0.735938 0.603333 0.066875 0.081667
0 0.112500 0.425417 0.056250 0.090833
0 0.771250 0.209583 0.060000 0.085833
0 0.315000 0.128750 0.070000 0.107500
0 0.478750 0.802083 0.070000 0.095833
0 0.593437 0.738750 0.058125 0.080833
0 0.958750 0.755833 0.068750 0.096667
0 0.599063 0.560417 0.065625 0.095833
0 0.715000 0.475417 0.068750 0.097500
0 0.171875 0.202917 0.067500 0.092500
0 0.870313 0.485833 0.069375 0.113333
0 0.529062 0.634167 0.071875 0.105000
0 0.163438 0.552917 0.064375 0.099167
0 0.875625 0.737083 0.081250 0.105833
0 0.809688 0.937500 0.061875 0.103333
0 0.573438 0.401667 0.064375 0.076667
0 0.740625 0.913333 0.067500 0.098333
0 0.367812 0.811667 0.064375 0.096667
0 0.948438 0.665417 0.069375 0.084167
0 0.797813 0.847917 0.064375 0.080833
0 0.119688 0.505417 0.071875 0.094167
0 0.289687 0.527500 0.065625 0.076667
0 0.198125 0.716250 0.070000 0.090833
0 0.891250 0.248750 0.057500 0.074167
0 0.476875 0.493750 0.057500 0.092500
0 0.906875 0.864583 0.063750 0.090833
0 0.730000 0.063333 0.068750 0.088333
0 0.484687 0.339583 0.051875 0.089167
0 0.347500 0.732500 0.070000 0.093333
0 0.314375 0.235833 0.060000 0.098333
0 0.213125 0.517083 0.066250 0.099167
0 0.176875 0.049583 0.071250 0.090833
0 0.700000 0.752083 0.072500 0.099167
0 0.708125 0.943750 0.060000 0.077500
0 0.544063 0.941250 0.064375 0.092500
0 0.958125 0.246667 0.070000 0.081667
0 0.924687 0.579583 0.066875 0.085833
0 0.829688 0.159167 0.054375 0.075000
0 0.422812 0.560000 0.060625 0.071667
0 0.381563 0.480000 0.068125 0.073333
0 0.476875 0.093750 0.073750 0.099167
0 0.650937 0.348750 0.068125 0.095833
0 0.858125 0.422500 0.068750 0.086667
0 0.169063 0.839167 0.066875 0.090000
0 0.226875 0.858333 0.072500 0.093333
0 0.764062 0.762917 0.049375 0.099167
0 0.740313 0.518333 0.055625 0.081667
0 0.534687 0.161250 0.060625 0.089167
0 0.651250 0.069583 0.062500 0.079167
0 0.562500 0.302917 0.068750 0.104167
0 0.067812 0.897500 0.059375 0.080000
0 0.151875 0.340833 0.053750 0.083333
0 0.161875 0.276667 0.058750 0.088333
0 0.499688 0.210833 0.075625 0.086667
0 0.835000 0.782917 0.066250 0.087500
0 0.891563 0.906250 0.071875 0.090833
0 0.888437 0.306250 0.061875 0.084167
0 0.391562 0.159583 0.076875 0.084167
0 0.064375 0.567500 0.063750 0.078333
0 0.136875 0.157083 0.070000 0.102500
0 0.034375 0.446250 0.060000 0.074167
0 0.301250 0.410417 0.053750 0.094167
0 0.085938 0.604583 0.060625 0.089167
0 0.258437 0.263750 0.056875 0.082500
0 0.274375 0.355000 0.068750 0.090000
0 0.085625 0.098333 0.060000 0.086667
0 0.591875 0.667917 0.065000 0.097500
0 0.752500 0.376250 0.060000 0.082500
0 0.824063 0.367917 0.071875 0.082500
0 0.528438 0.567500 0.061875 0.096667
0 0.802813 0.500000 0.078125 0.096667
0 0.797188 0.130833 0.059375 0.086667
0 0.257188 0.759583 0.056875 0.087500
0 0.696562 0.247500 0.066875 0.093333
0 0.429063 0.860417 0.066875 0.084167
0 0.297187 0.844583 0.054375 0.079167
0 0.693438 0.125833 0.061875 0.086667
0 0.337813 0.045417 0.069375 0.089167
0 0.183750 0.425833 0.061250 0.096667
0 0.115625 0.117500 0.082500 0.086667
0 0.720625 0.320833 0.060000 0.095000
0 0.660000 0.778750 0.062500 0.084167
0 0.555937 0.519167 0.074375 0.096667
0 0.402187 0.314583 0.075625 0.102500
0 0.766875 0.148750 0.061250 0.095833
0 0.307500 0.352917 0.051250 0.094167
0 0.287500 0.797500 0.067500 0.088333
0 0.497812 0.699167 0.070625 0.095000
0 0.927813 0.544583 0.066875 0.075833
0 0.957187 0.591667 0.068125 0.066667
0 0.910000 0.673750 0.073750 0.085833
0 0.970938 0.890417 0.053125 0.077500
0 0.719063 0.792500 0.053125 0.076667
0 0.474375 0.750833 0.051250 0.091667
0 0.361875 0.499167 0.061250 0.076667
0 0.030000 0.315833 0.057500 0.095000
0 0.460625 0.112083 0.067500 0.075833
0 0.439375 0.077083 0.067500 0.094167
0 0.670625 0.129583 0.058750 0.072500
0 0.504375 0.380833 0.053750 0.083333
4 0.369063 0.234167 0.066875 0.068333
0 0.346875 0.298333 0.051250 0.078333
0 0.225938 0.262083 0.054375 0.085833
0 0.217188 0.388333 0.079375 0.065000
0 0.252812 0.225000 0.060625 0.076667
0 0.199375 0.865417 0.063750 0.070833
0 0.097812 0.906667 0.058125 0.071667
0 0.424375 0.900000 0.066250 0.081667
0 0.322813 0.753333 0.068125 0.096667
0 0.230625 0.741667 0.061250 0.063333
0 0.441563 0.960000 0.063125 0.076667
0 0.402187 0.934167 0.058125 0.066667
0 0.620625 0.771250 0.058750 0.090833
0 0.783438 0.387917 0.061875 0.070833
0 0.732187 0.346667 0.049375 0.076667
0 0.890000 0.205833 0.071250 0.080000
0 0.673438 0.450417 0.055625 0.085833
0 0.427812 0.217083 0.069375 0.079167
0 0.471250 0.221667 0.068750 0.081667
0 0.373437 0.309583 0.061875 0.085833
0 0.420312 0.480000 0.085625 0.080000
0 0.850938 0.038333 0.053125 0.076667
0 0.437812 0.551667 0.055625 0.105000
0 0.750313 0.470417 0.065625 0.079167
0 0.646875 0.258750 0.051250 0.075833
0 0.582187 0.365417 0.069375 0.084167
0 0.117188 0.620833 0.063125 0.071667
0 0.500938 0.475833 0.053125 0.080000
0 0.368750 0.630000 0.051250 0.080000
0 0.308437 0.876250 0.048125 0.072500
0 0.290625 0.200000 0.063750 0.071667
0 0.172187 0.799167 0.061875 0.063333
0 0.304375 0.445000 0.060000 0.081667
0 0.070938 0.193750 0.066875 0.074167
0 0.041563 0.414167 0.076875 0.085000
