0 0.363125 0.565417 0.067500 0.094167
0 0.064062 0.708750 0.069375 0.092500
0 0.124688 0.457500 0.069375 0.090000
0 0.757812 0.167083 0.065625 0.089167
0 0.459688 0.475833 0.068125 0.085000
0 0.638437 0.759583 0.071875 0.097500
0 0.285938 0.389167 0.070625 0.083333
0 0.796250 0.356667 0.063750 0.095000
0 0.665000 0.177083 0.073750 0.090833
0 0.135313 0.151667 0.061875 0.086667
0 0.638437 0.098750 0.071875 0.089167
0 0.597500 0.461667 0.085000 0.095000
0 0.162188 0.823750 0.074375 0.090833
0 0.373125 0.384167 0.067500 0.103333
0 0.857500 0.605833 0.075000 0.091667
0 0.655000 0.382917 0.077500 0.100833
0 0.169063 0.328750 0.085625 0.110833
0 0.490938 0.381250 0.073125 0.094167
0 0.899062 0.683333 0.081875 0.091667
0 0.055313 0.500000 0.075625 0.108333
0 0.056563 0.181667 0.086875 0.120000
2 0.293438 0.612083 0.098125 0.117500
