0 0.710625 0.811250 0.056250 0.082500
0 0.061562 0.927917 0.065625 0.089167
0 0.361250 0.650000 0.062500 0.085000
0 0.473438 0.842083 0.063125 0.074167
0 0.856250 0.415833 0.068750 0.080000
0 0.365938 0.847083 0.064375 0.079167
0 0.340000 0.418333 0.065000 0.086667
0 0.646563 0.430833 0.075625 0.086667
0 0.125000 0.615833 0.062500 0.080000
0 0.171563 0.077083 0.060625 0.089167
0 0.914687 0.125417 0.074375 0.090833
0 0.717187 0.216667 0.066875 0.086667
0 0.707500 0.092500 0.065000 0.083333
0 0.868750 0.503333 0.061250 0.086667
0 0.221562 0.377500 0.068125 0.100000
0 0.292500 0.220417 0.065000 0.085833
0 0.279062 0.658750 0.069375 0.090833
0 0.082187 0.779167 0.071875 0.090000
0 0.388437 0.114167 0.069375 0.090000
0 0.109063 0.090417 0.056875 0.090833
0 0.940000 0.766667 0.056250 0.080000
0 0.606250 0.610000 0.073750 0.098333
0 0.423125 0.291667 0.080000 0.093333
0 0.892188 0.671250 0.065625 0.085833
0 0.533750 0.073750 0.063750 0.079167
0 0.692813 0.927917 0.064375 0.087500
0 0.438437 0.944583 0.073125 0.097500
0 0.776563 0.620000 0.056875 0.078333
0 0.162500 0.418750 0.062500 0.077500
0 0.754062 0.500417 0.060625 0.084167
0 0.702812 0.605000 0.066875 0.083333
0 0.252500 0.146250 0.067500 0.084167
0 0.487187 0.600417 0.064375 0.084167
0 0.650312 0.167083 0.073125 0.092500
0 0.637813 0.217083 0.068125 0.079167
0 0.807187 0.082083 0.059375 0.089167
0 0.314063 0.129583 0.068125 0.084167
0 0.767813 0.762500 0.069375 0.100000
0 0.852500 0.320000 0.063750 0.085000
0 0.320000 0.045417 0.065000 0.085833
0 0.368125 0.942500 0.075000 0.103333
0 0.540625 0.788333 0.068750 0.095000
0 0.960625 0.231667 0.067500 0.086667
3 0.824375 0.745000 0.072500 0.090000
0 0.532813 0.330833 0.068125 0.093333
0 0.865313 0.807500 0.059375 0.070000
0 0.291875 0.379583 0.067500 0.082500
0 0.895625 0.381667 0.065000 0.085000
0 0.274375 0.310833 0.060000 0.080000
0 0.643437 0.336667 0.065625 0.080000
0 0.540937 0.655833 0.070625 0.085000
0 0.061875 0.392500 0.063750 0.088333
0 0.063125 0.042917 0.058750 0.084167
0 0.536875 0.246250 0.060000 0.077500
0 0.514375 0.670417 0.068750 0.089167
0 0.613437 0.286250 0.065625 0.074167
0 0.046562 0.683750 0.055625 0.069167
0 0.396562 0.388333 0.046875 0.095000
0 0.786250 0.059167 0.066250 0.086667
0 0.967187 0.369583 0.059375 0.077500
0 0.034063 0.051250 0.065625 0.079167
0 0.199687 0.955417 0.065625 0.089167
0 0.584063 0.340833 0.069375 0.103333
