0 0.424063 0.337917 0.065625 0.105833
0 0.154688 0.732500 0.060625 0.085000
0 0.075000 0.481250 0.073750 0.090833
0 0.148750 0.495000 0.066250 0.078333
0 0.368125 0.280417 0.061250 0.079167
0 0.353438 0.875417 0.070625 0.105833
0 0.732187 0.320000 0.076875 0.096667
0 0.551875 0.435000 0.070000 0.090000
0 0.127188 0.088750 0.073125 0.094167
0 0.052187 0.701250 0.058125 0.084167
0 0.138437 0.635000 0.078125 0.095000
0 0.183125 0.188333 0.073750 0.093333
0 0.419687 0.647083 0.070625 0.080833
0 0.100625 0.822083 0.063750 0.095833
0 0.732500 0.893750 0.067500 0.094167
0 0.341562 0.408750 0.080625 0.099167
0 0.894062 0.370000 0.075625 0.091667
0 0.525312 0.138750 0.073125 0.105833
0 0.877500 0.848333 0.072500 0.103333
0 0.521563 0.052083 0.074375 0.085833
0 0.795312 0.424167 0.079375 0.100000
0 0.868125 0.772500 0.060000 0.075000
0 0.501563 0.569583 0.068125 0.090833
0 0.874375 0.274583 0.072500 0.105833
0 0.965000 0.674167 0.068750 0.098333
0 0.854375 0.402917 0.060000 0.100833
0 0.271250 0.113750 0.068750 0.092500
0 0.819375 0.184583 0.060000 0.072500
0 0.052500 0.807917 0.065000 0.115833
0 0.932187 0.843750 0.064375 0.099167
0 0.716562 0.171250 0.075625 0.095833
0 0.484063 0.260833 0.064375 0.081667
0 0.656563 0.080000 0.066875 0.100000
0 0.580000 0.610000 0.063750 0.085000
0 0.535937 0.754583 0.063125 0.099167
0 0.448125 0.134583 0.068750 0.079167
0 0.892500 0.719167 0.057500 0.091667
0 0.347813 0.090000 0.066875 0.106667
0 0.901875 0.597500 0.081250 0.081667
0 0.122500 0.335417 0.090000 0.092500
0 0.945625 0.092500 0.068750 0.085000
0 0.386250 0.119583 0.062500 0.105833
0 0.434375 0.893750 0.076250 0.092500
0 0.349687 0.205417 0.085625 0.095833
0 0.424063 0.236250 0.065625 0.090833
0 0.182812 0.840833 0.080625 0.085000
0 0.298750 0.280000 0.086250 0.095000
0 0.756875 0.631667 0.071250 0.105000
0 0.605938 0.807500 0.073125 0.088333
0 0.613750 0.948750 0.112500 0.072500
0 0.511250 0.290833 0.065000 0.110000
0 0.510938 0.670417 0.058125 0.092500
0 0.649687 0.530417 0.060625 0.094167
0 0.922500 0.547917 0.073750 0.105833
0 0.655312 0.935833 0.059375 0.115000
0 0.182188 0.305417 0.064375 0.109167
0 0.341250 0.545833 0.075000 0.108333
0 0.684375 0.854583 0.087500 0.097500
0 0.846875 0.649583 0.076250 0.087500
0 0.670312 0.725833 0.068125 0.083333
0 0.582187 0.292083 0.081875 0.089167
0 0.627188 0.386667 0.091875 0.065000
0 0.340000 0.640000 0.067500 0.103333
0 0.813125 0.108333 0.073750 0.095000
0 0.325937 0.735000 0.063125 0.100000
0 0.477187 0.781250 0.079375 0.099167
0 0.918438 0.158750 0.061875 0.079167
0 0.742500 0.795000 0.077500 0.086667
0 0.810000 0.722917 0.057500 0.100833
0 0.111875 0.292917 0.085000 0.060833
0 0.707500 0.066250 0.062500 0.095833
0 0.633125 0.610000 0.062500 0.091667
0 0.756563 0.160000 0.069375 0.101667
0 0.198750 0.565000 0.076250 0.096667
0 0.588125 0.532083 0.070000 0.097500
0 0.594688 0.730000 0.071875 0.080000
0 0.953438 0.940417 0.091875 0.072500
0 0.420312 0.925833 0.105625 0.076667
0 0.738437 0.561667 0.071875 0.095000
0 0.706562 0.684167 0.073125 0.061667
0 0.548438 0.186667 0.065625 0.106667
0 0.869375 0.134583 0.055000 0.112500
0 0.414687 0.820000 0.075625 0.085000
0 0.200937 0.936250 0.106875 0.089167
0 0.722187 0.243750 0.129375 0.057500
0 0.094687 0.938333 0.071875 0.106667
0 0.229687 0.791667 0.104375 0.065000
0 0.053437 0.210417 0.086875 0.102500
0 0.599688 0.466667 0.065625 0.098333
0 0.132188 0.218333 0.070625 0.098333
0 0.287813 0.943333 0.084375 0.091667
0 0.310000 0.626667 0.065000 0.100000
0 0.420625 0.114167 0.058750 0.080000
0 0.318437 0.040833 0.068125 0.081667
0 0.952812 0.252917 0.085625 0.099167
0 0.935937 0.588750 0.065625 0.090833
0 0.414375 0.747500 0.100000 0.090000
0 0.850938 0.705833 0.073125 0.085000
0 0.622812 0.330417 0.080625 0.089167
0 0.622812 0.352083 0.088125 0.087500
0 0.438437 0.207500 0.085625 0.091667
0 0.437812 0.795000 0.073125 0.093333
0 0.627188 0.802083 0.056875 0.084167
0 0.550000 0.685000 0.095000 0.093333
0 0.730000 0.082917 0.073750 0.094167
0 0.799063 0.099167 0.064375 0.118333
0 0.902188 0.100833 0.110625 0.061667
0 0.880625 0.239583 0.098750 0.072500
0 0.906563 0.176250 0.078125 0.082500
0 0.885000 0.048750 0.085000 0.059167
0 0.872500 0.440000 0.050000 0.080000
