0 0.922188 0.643750 0.061875 0.090833
4 0.267500 0.590000 0.076250 0.093333
0 0.828750 0.775000 0.061250 0.085000
0 0.339062 0.131250 0.058125 0.079167
0 0.646250 0.169167 0.072500 0.096667
0 0.339375 0.574167 0.061250 0.093333
0 0.847500 0.475000 0.080000 0.093333
0 0.498437 0.649167 0.060625 0.076667
0 0.229375 0.662917 0.062500 0.079167
0 0.722187 0.279583 0.056875 0.082500
0 0.663125 0.717083 0.071250 0.095833
0 0.846250 0.341250 0.065000 0.082500
0 0.713437 0.502917 0.071875 0.107500
0 0.329688 0.310417 0.074375 0.099167
0 0.913438 0.227083 0.058125 0.069167
0 0.905000 0.261250 0.062500 0.087500
0 0.465313 0.105417 0.066875 0.094167
0 0.126875 0.355833 0.067500 0.078333
0 0.781250 0.400833 0.070000 0.091667
0 0.143750 0.199167 0.071250 0.096667
0 0.877500 0.950000 0.071250 0.081667
0 0.085000 0.521667 0.051250 0.088333
0 0.796562 0.911667 0.071875 0.083333
0 0.081875 0.066250 0.067500 0.082500
0 0.293125 0.386250 0.057500 0.075833
0 0.373125 0.860000 0.070000 0.078333
0 0.559063 0.054167 0.058125 0.093333
0 0.461562 0.272500 0.061875 0.081667
0 0.181562 0.091250 0.066875 0.085833
0 0.935937 0.525417 0.061875 0.082500
0 0.293750 0.465833 0.072500 0.086667
0 0.532813 0.190000 0.060625 0.078333
0 0.474687 0.577500 0.060625 0.083333
0 0.789062 0.272083 0.074375 0.099167
1 0.893125 0.808333 0.076250 0.116667
1 0.640000 0.062917 0.078750 0.102500
0 0.169375 0.913750 0.053750 0.067500
0 0.099375 0.744167 0.067500 0.086667
0 0.783125 0.093750 0.056250 0.084167
0 0.889375 0.409583 0.055000 0.075833
0 0.669375 0.304583 0.050000 0.077500
0 0.637500 0.454167 0.066250 0.083333
0 0.305000 0.259167 0.057500 0.070000
0 0.402813 0.125833 0.064375 0.096667
0 0.413750 0.951250 0.066250 0.095833
0 0.551875 0.559583 0.055000 0.087500
0 0.284375 0.765417 0.048750 0.070833
0 0.437500 0.461667 0.060000 0.076667
0 0.520938 0.852083 0.065625 0.090833
0 0.435312 0.771667 0.063125 0.086667
0 0.589688 0.795833 0.066875 0.088333
0 0.435312 0.688750 0.063125 0.062500
0 0.080000 0.175833 0.057500 0.071667
0 0.104063 0.103750 0.066875 0.094167
0 0.712500 0.191667 0.056250 0.083333
0 0.824688 0.082917 0.066875 0.092500
0 0.630938 0.525833 0.073125 0.090000
0 0.608125 0.548333 0.062500 0.100000
1 0.800625 0.585000 0.090000 0.101667
0 0.853437 0.128750 0.055625 0.070833
0 0.372500 0.775000 0.063750 0.075000
0 0.690000 0.400833 0.050000 0.073333
0 0.610313 0.878750 0.071875 0.094167
0 0.157188 0.757083 0.066875 0.072500
0 0.878750 0.591667 0.053750 0.081667
0 0.297500 0.684583 0.051250 0.079167
0 0.726562 0.124583 0.068125 0.105833
0 0.140000 0.846667 0.067500 0.083333
0 0.174375 0.554583 0.052500 0.080833
0 0.165000 0.472500 0.061250 0.073333
1 0.636563 0.935417 0.075625 0.087500
0 0.128125 0.519583 0.050000 0.080833
0 0.485000 0.779167 0.067500 0.078333
0 0.960625 0.206667 0.071250 0.083333
0 0.430937 0.406667 0.069375 0.078333
0 0.774062 0.203750 0.046875 0.070833
0 0.684063 0.848333 0.070625 0.081667
0 0.691250 0.952500 0.052500 0.080000
0 0.065000 0.960000 0.063750 0.063333
0 0.193125 0.847500 0.066250 0.068333
0 0.352812 0.685417 0.050625 0.080833
0 0.377812 0.478750 0.053125 0.064167
0 0.245000 0.381667 0.055000 0.090000
0 0.211250 0.423750 0.051250 0.069167
0 0.226562 0.538750 0.050625 0.069167
0 0.425625 0.506250 0.073750 0.065833
0 0.246562 0.472917 0.065625 0.079167
0 0.325313 0.749167 0.050625 0.086667
