0 0.485000 0.160833 0.068750 0.090000
0 0.567500 0.093333 0.066250 0.085000
0 0.444688 0.082083 0.078125 0.104167
0 0.491875 0.359583 0.073750 0.094167
0 0.225625 0.550000 0.075000 0.085000
0 0.260937 0.617917 0.063125 0.069167
0 0.100000 0.837500 0.070000 0.095000
0 0.489063 0.454167 0.076875 0.095000
0 0.104375 0.716667 0.080000 0.086667
0 0.212500 0.695417 0.075000 0.090833
0 0.596875 0.180417 0.072500 0.104167
0 0.565937 0.380417 0.079375 0.095833
0 0.050000 0.544583 0.072500 0.090833
0 0.371563 0.689167 0.064375 0.088333
0 0.798750 0.305833 0.068750 0.088333
0 0.080937 0.469583 0.066875 0.084167
0 0.804375 0.469583 0.078750 0.115833
0 0.732187 0.330000 0.064375 0.085000
0 0.150625 0.467917 0.066250 0.089167
0 0.319375 0.190000 0.076250 0.106667
0 0.436563 0.679167 0.073125 0.088333
0 0.134687 0.649583 0.050625 0.065833
0 0.337500 0.596250 0.068750 0.097500
0 0.890312 0.078333 0.073125 0.106667
0 0.334688 0.878333 0.078125 0.095000
0 0.606563 0.694167 0.079375 0.096667
0 0.092500 0.092917 0.073750 0.094167
0 0.365938 0.405833 0.051875 0.081667
1 0.665312 0.797917 0.088125 0.105833
0 0.463125 0.279167 0.065000 0.081667
0 0.206250 0.435833 0.067500 0.083333
0 0.155000 0.567917 0.068750 0.099167
0 0.606875 0.415417 0.057500 0.074167
0 0.607187 0.306250 0.064375 0.089167
0 0.291875 0.378333 0.063750 0.083333
0 0.695312 0.460833 0.064375 0.086667
0 0.831250 0.926667 0.077500 0.100000
1 0.116562 0.290000 0.085625 0.116667
0 0.316250 0.432917 0.052500 0.079167
1 0.413750 0.460000 0.082500 0.101667
0 0.233125 0.072083 0.068750 0.092500
0 0.642188 0.490833 0.061875 0.090000
0 0.198125 0.295833 0.061250 0.066667
0 0.813438 0.177083 0.054375 0.080833
0 0.411562 0.580833 0.064375 0.076667
0 0.074063 0.414583 0.065625 0.082500
0 0.756875 0.263750 0.073750 0.084167
0 0.246875 0.177917 0.065000 0.109167
0 0.954688 0.047083 0.066875 0.089167
0 0.063125 0.057917 0.077500 0.100833
0 0.318125 0.723750 0.050000 0.072500
0 0.404375 0.784167 0.062500 0.085000
0 0.555000 0.481667 0.066250 0.086667
0 0.170937 0.746250 0.090625 0.094167
0 0.468750 0.600000 0.072500 0.085000
0 0.075938 0.224583 0.064375 0.084167
1 0.378750 0.144167 0.081250 0.116667
0 0.565312 0.627917 0.078125 0.094167
0 0.172187 0.891250 0.064375 0.079167
0 0.304375 0.055417 0.067500 0.090833
0 0.165313 0.085833 0.073125 0.093333
0 0.787188 0.087917 0.083125 0.102500
0 0.765312 0.180417 0.069375 0.095833
1 0.923125 0.789583 0.065000 0.202500
5 0.268125 0.852917 0.060000 0.075833
5 0.255937 0.779583 0.073125 0.069167
1 0.728437 0.147083 0.069375 0.122500
1 0.538750 0.239583 0.126250 0.087500
1 0.047188 0.159167 0.084375 0.101667
0 0.078125 0.915417 0.062500 0.065833
0 0.617812 0.574583 0.069375 0.069167
0 0.214062 0.357500 0.064375 0.073333
0 0.407500 0.409167 0.056250 0.070000
0 0.249062 0.395833 0.065625 0.085000
0 0.170937 0.492917 0.066875 0.075833
0 0.117188 0.560000 0.065625 0.071667
0 0.200000 0.876250 0.060000 0.090833
0 0.745313 0.773750 0.060625 0.082500
0 0.711250 0.427083 0.072500 0.072500
0 0.513125 0.560417 0.075000 0.090833
0 0.549375 0.535833 0.056250 0.080000
0 0.872188 0.924167 0.065625 0.080000
0 0.622188 0.493750 0.065625 0.082500
0 0.620313 0.292500 0.069375 0.096667
0 0.700937 0.065833 0.068125 0.118333
0 0.755313 0.827917 0.064375 0.062500
