0 0.847812 0.693333 0.063125 0.086667
0 0.230937 0.063333 0.059375 0.085000
0 0.653750 0.777917 0.072500 0.090833
0 0.524062 0.202500 0.073125 0.088333
0 0.426250 0.617917 0.075000 0.097500
4 0.145313 0.466250 0.084375 0.102500
0 0.798125 0.799583 0.080000 0.107500
0 0.244062 0.925417 0.075625 0.095833
0 0.306250 0.142917 0.073750 0.092500
0 0.369688 0.901250 0.065625 0.089167
0 0.753125 0.577500 0.073750 0.096667
4 0.541562 0.768750 0.075625 0.105833
0 0.051250 0.663333 0.073750 0.091667
0 0.099062 0.907500 0.064375 0.096667
0 0.465000 0.768750 0.073750 0.097500
0 0.636563 0.219167 0.069375 0.090000
4 0.317812 0.380417 0.078125 0.107500
0 0.492500 0.106667 0.067500 0.086667
0 0.138125 0.373750 0.073750 0.082500
0 0.090938 0.186250 0.059375 0.080833
0 0.684688 0.687500 0.063125 0.083333
0 0.129688 0.797917 0.060625 0.119167
0 0.665000 0.601667 0.061250 0.076667
0 0.901250 0.426250 0.068750 0.102500
0 0.777188 0.078333 0.058125 0.145000
0 0.557813 0.657083 0.065625 0.089167
0 0.369063 0.675000 0.056875 0.086667
0 0.043437 0.117500 0.064375 0.090000
0 0.217812 0.386250 0.075625 0.095833
0 0.374063 0.751667 0.059375 0.083333
0 0.888125 0.055000 0.070000 0.095000
0 0.740938 0.202500 0.070625 0.098333
0 0.956562 0.727083 0.066875 0.105833
0 0.736250 0.090833 0.063750 0.090000
0 0.171250 0.316667 0.072500 0.096667
0 0.719375 0.169167 0.065000 0.088333
0 0.131875 0.191250 0.053750 0.117500
0 0.587812 0.945833 0.068125 0.090000
0 0.029375 0.457083 0.057500 0.094167
0 0.327188 0.922500 0.061875 0.130000
