0 0.364375 0.851250 0.065000 0.105833
0 0.842187 0.072917 0.066875 0.087500
0 0.930625 0.597917 0.067500 0.095833
0 0.707812 0.576667 0.076875 0.103333
0 0.688438 0.354167 0.074375 0.095000
0 0.349687 0.155833 0.059375 0.083333
0 0.459375 0.814167 0.081250 0.095000
0 0.835625 0.786667 0.071250 0.098333
0 0.945000 0.052083 0.070000 0.094167
0 0.162812 0.936250 0.065625 0.085833
0 0.666250 0.241667 0.063750 0.083333
0 0.625625 0.290417 0.073750 0.097500
0 0.296875 0.805000 0.071250 0.078333
0 0.723437 0.927500 0.066875 0.088333
0 0.847812 0.706250 0.071875 0.080833
0 0.408750 0.149167 0.068750 0.090000
0 0.394688 0.060417 0.070625 0.082500
0 0.810312 0.472083 0.071875 0.100833
0 0.640625 0.880833 0.073750 0.075000
0 0.606875 0.812083 0.071250 0.085833
0 0.431875 0.305833 0.080000 0.101667
0 0.940000 0.822917 0.077500 0.099167
0 0.551875 0.845417 0.071250 0.092500
0 0.511563 0.744583 0.065625 0.087500
0 0.774375 0.353750 0.066250 0.102500
0 0.223750 0.832917 0.080000 0.090833
0 0.638750 0.087083 0.072500 0.082500
0 0.269688 0.522500 0.080625 0.101667
0 0.866250 0.323750 0.063750 0.109167
0 0.038750 0.743333 0.057500 0.093333
0 0.293438 0.734583 0.079375 0.085833
0 0.561250 0.328750 0.067500 0.109167
0 0.297187 0.297083 0.083125 0.095833
0 0.313125 0.212917 0.078750 0.092500
0 0.582812 0.423750 0.076875 0.097500
0 0.678750 0.726667 0.071250 0.100000
0 0.523438 0.167917 0.074375 0.087500
0 0.397813 0.784167 0.070625 0.091667
0 0.135313 0.521667 0.075625 0.106667
0 0.485000 0.368750 0.063750 0.109167
0 0.585938 0.761667 0.080625 0.085000
0 0.768437 0.622917 0.063125 0.090833
0 0.339375 0.634583 0.080000 0.100833
0 0.908438 0.259167 0.066875 0.101667
0 0.106875 0.888333 0.076250 0.101667
0 0.360625 0.404167 0.078750 0.116667
0 0.125938 0.064583 0.074375 0.095833
0 0.268125 0.665000 0.086250 0.101667
0 0.476250 0.478750 0.081250 0.115833
0 0.647500 0.958750 0.073750 0.075833
0 0.786875 0.655833 0.076250 0.086667
