0 0.183125 0.457083 0.058750 0.075833
0 0.424375 0.749167 0.068750 0.091667
0 0.658750 0.886250 0.058750 0.085833
0 0.934688 0.913333 0.068125 0.093333
0 0.310312 0.705000 0.070625 0.091667
0 0.457188 0.135833 0.075625 0.086667
0 0.364375 0.832917 0.070000 0.085833
0 0.639375 0.308333 0.075000 0.095000
0 0.528750 0.395833 0.066250 0.076667
0 0.880000 0.453750 0.066250 0.090833
1 0.822187 0.315417 0.083125 0.097500
0 0.718750 0.645000 0.070000 0.088333
0 0.816875 0.845417 0.071250 0.085833
0 0.625938 0.564167 0.070625 0.090000
0 0.719375 0.743333 0.073750 0.098333
0 0.535312 0.629167 0.060625 0.075000
0 0.035625 0.870833 0.063750 0.083333
0 0.081875 0.777083 0.068750 0.082500
0 0.943750 0.467917 0.070000 0.084167
0 0.218438 0.785833 0.109375 0.056667
0 0.945937 0.270000 0.066875 0.085000
0 0.688438 0.104583 0.071875 0.092500
0 0.468750 0.820833 0.070000 0.088333
3 0.175313 0.234583 0.080625 0.112500
0 0.554688 0.838750 0.075625 0.090833
0 0.800625 0.235417 0.073750 0.092500
0 0.513437 0.302500 0.069375 0.080000
0 0.722500 0.440833 0.070000 0.095000
0 0.710625 0.527083 0.062500 0.082500
0 0.466562 0.383750 0.064375 0.082500
0 0.585313 0.915417 0.071875 0.085833
0 0.540000 0.753750 0.067500 0.075833
0 0.384688 0.506250 0.070625 0.087500
0 0.841875 0.677500 0.070000 0.091667
3 0.374375 0.132917 0.083750 0.102500
0 0.813125 0.600833 0.072500 0.090000
0 0.823438 0.412083 0.071875 0.094167
0 0.174375 0.533333 0.065000 0.076667
0 0.737812 0.780833 0.081875 0.088333
0 0.308125 0.577500 0.067500 0.076667
0 0.104375 0.431667 0.083750 0.081667
0 0.857187 0.143750 0.074375 0.099167
0 0.465625 0.952917 0.063750 0.082500
0 0.394062 0.218333 0.061875 0.085000
0 0.919687 0.194583 0.071875 0.112500
0 0.894062 0.875417 0.083125 0.087500
0 0.105000 0.059167 0.055000 0.076667
0 0.431875 0.506667 0.067500 0.088333
0 0.554375 0.105417 0.067500 0.084167
0 0.357812 0.635833 0.076875 0.075000
0 0.063437 0.955417 0.056875 0.079167
0 0.446562 0.874167 0.058125 0.075000
0 0.558750 0.698333 0.072500 0.076667
0 0.114375 0.602500 0.061250 0.076667
0 0.455000 0.232500 0.068750 0.100000
0 0.824688 0.528750 0.065625 0.080833
0 0.588750 0.059583 0.078750 0.080833
0 0.480000 0.264167 0.068750 0.090000
0 0.250312 0.725000 0.059375 0.076667
0 0.105000 0.539167 0.061250 0.080000
1 0.294687 0.483750 0.101875 0.099167
0 0.906563 0.814167 0.101875 0.056667
0 0.766563 0.532500 0.054375 0.095000
0 0.721875 0.040833 0.083750 0.076667
0 0.873125 0.187917 0.063750 0.099167
0 0.242188 0.873333 0.065625 0.070000
0 0.251250 0.926667 0.086250 0.070000
