0 0.891250 0.711667 0.071250 0.105000
0 0.179688 0.652083 0.073125 0.092500
0 0.529062 0.621667 0.083125 0.103333
0 0.430000 0.115833 0.082500 0.106667
0 0.478125 0.304167 0.075000 0.095000
0 0.333437 0.884167 0.081875 0.110000
0 0.845625 0.315417 0.076250 0.097500
0 0.789062 0.515833 0.083125 0.103333
0 0.215000 0.226250 0.067500 0.110833
0 0.072813 0.694167 0.080625 0.115000
3 0.600000 0.202500 0.082500 0.123333
0 0.112812 0.890833 0.079375 0.101667
0 0.822500 0.110833 0.072500 0.085000
0 0.702500 0.230000 0.086250 0.105000
0 0.253125 0.717917 0.073750 0.097500
0 0.251250 0.329583 0.071250 0.099167
0 0.890625 0.056250 0.082500 0.105833
0 0.374375 0.389167 0.078750 0.101667
0 0.558750 0.366667 0.072500 0.096667
0 0.945312 0.376250 0.081875 0.105833
0 0.630313 0.394583 0.083125 0.110833
0 0.056875 0.242083 0.085000 0.115833
1 0.349375 0.500417 0.080000 0.135833
0 0.824063 0.810000 0.069375 0.093333
0 0.706562 0.146667 0.076875 0.091667
0 0.086250 0.429583 0.081250 0.114167
0 0.239063 0.087083 0.080625 0.097500
0 0.375000 0.658333 0.071250 0.100000
2 0.756875 0.851250 0.081250 0.137500
0 0.821562 0.199167 0.071875 0.111667
0 0.894375 0.403750 0.081250 0.122500
0 0.419687 0.462500 0.055625 0.108333
0 0.360938 0.045000 0.075625 0.090000
