0 0.250937 0.213750 0.085625 0.104167
0 0.462500 0.462917 0.070000 0.090833
0 0.950313 0.852917 0.081875 0.102500
0 0.127500 0.092917 0.072500 0.100833
0 0.084687 0.935833 0.075625 0.103333
5 0.531563 0.466667 0.074375 0.093333
0 0.225312 0.829167 0.075625 0.110000
0 0.446250 0.560833 0.070000 0.111667
0 0.602812 0.241250 0.074375 0.099167
0 0.633125 0.725417 0.076250 0.104167
0 0.953125 0.703333 0.075000 0.085000
0 0.390625 0.465417 0.072500 0.090833
0 0.885312 0.808333 0.071875 0.083333
0 0.872500 0.090833 0.065000 0.086667
0 0.052187 0.755833 0.070625 0.088333
0 0.374063 0.601250 0.078125 0.097500
0 0.519375 0.292500 0.076250 0.100000
0 0.313125 0.150833 0.075000 0.093333
0 0.541250 0.156667 0.067500 0.098333
0 0.945312 0.492500 0.076875 0.110000
0 0.718437 0.777500 0.074375 0.101667
0 0.276562 0.301250 0.078125 0.102500
0 0.888437 0.917917 0.071875 0.087500
0 0.332813 0.193333 0.063125 0.070000
0 0.327500 0.046250 0.066250 0.087500
0 0.797500 0.922917 0.077500 0.099167
0 0.429375 0.056250 0.075000 0.095833
0 0.631250 0.137083 0.070000 0.099167
0 0.460938 0.305833 0.049375 0.080000
1 0.047500 0.181667 0.083750 0.108333
0 0.526875 0.620000 0.075000 0.093333
0 0.914687 0.170833 0.085625 0.093333
0 0.615313 0.601667 0.073125 0.086667
1 0.772813 0.629583 0.088125 0.189167
4 0.949063 0.260000 0.080625 0.106667
1 0.155625 0.357500 0.108750 0.155000
1 0.245312 0.382917 0.081875 0.085833
1 0.328750 0.669167 0.077500 0.126667
0 0.195625 0.627917 0.073750 0.090833
0 0.924687 0.047083 0.051875 0.094167
0 0.534687 0.575833 0.071875 0.106667
0 0.596250 0.666667 0.072500 0.085000
0 0.809375 0.847500 0.076250 0.095000
0 0.933125 0.605000 0.061250 0.083333
0 0.917188 0.435000 0.071875 0.085000
0 0.965000 0.357083 0.058750 0.094167
0 0.334688 0.240000 0.068125 0.083333
0 0.293750 0.349167 0.057500 0.096667
0 0.339375 0.315833 0.056250 0.078333
0 0.147813 0.665833 0.070625 0.105000
0 0.120313 0.696667 0.059375 0.081667
0 0.111562 0.846667 0.068125 0.090000
0 0.170625 0.904583 0.081250 0.097500
0 0.385000 0.690000 0.056250 0.078333
0 0.450000 0.381667 0.060000 0.071667
0 0.386562 0.366667 0.066875 0.076667
0 0.377188 0.071250 0.064375 0.107500
0 0.033125 0.082083 0.065000 0.085833
0 0.109063 0.158750 0.063125 0.079167
0 0.865625 0.896250 0.062500 0.089167
