0 0.078125 0.445833 0.062500 0.091667
0 0.084687 0.646667 0.068125 0.095000
0 0.510625 0.617083 0.067500 0.090833
0 0.820625 0.546250 0.075000 0.089167
0 0.111250 0.758750 0.063750 0.100833
0 0.466250 0.344583 0.067500 0.085833
0 0.805000 0.452500 0.067500 0.086667
0 0.928125 0.112083 0.070000 0.082500
0 0.877812 0.621250 0.064375 0.102500
0 0.745313 0.505833 0.063125 0.081667
0 0.142813 0.240417 0.071875 0.082500
0 0.179375 0.738333 0.066250 0.080000
0 0.284062 0.641250 0.066875 0.087500
0 0.369375 0.119167 0.067500 0.090000
0 0.426250 0.853750 0.068750 0.089167
0 0.635000 0.607917 0.066250 0.092500
0 0.501250 0.945417 0.063750 0.085833
0 0.671875 0.510000 0.062500 0.093333
0 0.800625 0.629167 0.066250 0.086667
0 0.267500 0.948333 0.067500 0.098333
0 0.942500 0.427083 0.062500 0.084167
0 0.957812 0.637500 0.063125 0.083333
0 0.834375 0.072083 0.063750 0.085833
0 0.193125 0.340833 0.067500 0.083333
0 0.248438 0.283750 0.059375 0.069167
0 0.752188 0.112083 0.063125 0.080833
0 0.495625 0.077917 0.065000 0.087500
0 0.313750 0.311250 0.060000 0.082500
0 0.465938 0.682917 0.065625 0.079167
0 0.371875 0.746250 0.073750 0.095833
0 0.769687 0.184583 0.068125 0.085833
0 0.220938 0.857083 0.068125 0.102500
0 0.585625 0.927917 0.053750 0.094167
0 0.420625 0.411250 0.071250 0.080833
0 0.889687 0.730417 0.064375 0.099167
0 0.575313 0.565417 0.061875 0.092500
0 0.145937 0.580000 0.060625 0.083333
0 0.472187 0.527083 0.050625 0.074167
0 0.659375 0.733750 0.058750 0.084167
0 0.212812 0.432083 0.064375 0.085833
0 0.350625 0.494583 0.063750 0.094167
0 0.594688 0.823750 0.066875 0.084167
0 0.527188 0.400833 0.065625 0.100000
0 0.893125 0.273750 0.065000 0.099167
0 0.288438 0.538333 0.066875 0.076667
0 0.214062 0.180417 0.063125 0.092500
0 0.703750 0.393333 0.068750 0.083333
0 0.142500 0.480417 0.068750 0.089167
0 0.213125 0.627917 0.058750 0.107500
0 0.806562 0.258333 0.069375 0.080000
0 0.545937 0.701667 0.073125 0.086667
0 0.043750 0.960000 0.063750 0.078333
0 0.325625 0.221667 0.068750 0.080000
0 0.935312 0.857083 0.065625 0.089167
0 0.908750 0.907083 0.055000 0.097500
0 0.687813 0.899583 0.046875 0.092500
0 0.862500 0.847083 0.068750 0.085833
0 0.920625 0.505417 0.055000 0.074167
0 0.755000 0.843333 0.050000 0.093333
0 0.740625 0.676667 0.077500 0.080000
0 0.685000 0.639583 0.061250 0.084167
0 0.336875 0.860000 0.080000 0.076667
0 0.580937 0.756667 0.068125 0.085000
0 0.413438 0.518750 0.059375 0.092500
0 0.518750 0.806667 0.051250 0.090000
0 0.693438 0.270000 0.071875 0.080000
0 0.615313 0.172917 0.066875 0.089167
0 0.686562 0.083333 0.058125 0.081667
0 0.836875 0.796667 0.050000 0.091667
0 0.545625 0.526667 0.070000 0.090000
0 0.450313 0.140833 0.059375 0.078333
0 0.093438 0.082083 0.061875 0.082500
0 0.499375 0.198333 0.067500 0.071667
0 0.068125 0.780417 0.057500 0.095833
0 0.128125 0.381667 0.053750 0.061667
0 0.381563 0.385000 0.060625 0.086667
0 0.107188 0.331250 0.065625 0.087500
0 0.836875 0.938333 0.073750 0.090000
0 0.731563 0.611250 0.066875 0.089167
0 0.634687 0.915000 0.060625 0.073333
1 0.635938 0.859583 0.059375 0.080833
0 0.660000 0.092500 0.057500 0.081667
0 0.477187 0.232500 0.065625 0.076667
0 0.654375 0.171667 0.057500 0.080000
0 0.880000 0.497083 0.057500 0.069167
0 0.501563 0.839167 0.054375 0.085000
0 0.710625 0.875417 0.058750 0.077500
0 0.777813 0.821250 0.055625 0.084167
