0 0.907188 0.499167 0.076875 0.101667
0 0.959375 0.602083 0.080000 0.114167
0 0.678750 0.676667 0.083750 0.106667
0 0.590313 0.429583 0.085625 0.114167
0 0.418125 0.595833 0.086250 0.111667
0 0.042500 0.729583 0.083750 0.107500
0 0.375937 0.333750 0.084375 0.112500
0 0.549687 0.171250 0.076875 0.107500
0 0.071563 0.658750 0.084375 0.102500
0 0.827187 0.532083 0.075625 0.110833
0 0.795625 0.786250 0.081250 0.119167
0 0.909062 0.809167 0.076875 0.106667
0 0.076563 0.841250 0.076875 0.092500
0 0.294687 0.150833 0.078125 0.120000
0 0.525937 0.349583 0.086875 0.102500
0 0.685625 0.417500 0.082500 0.100000
0 0.544687 0.741667 0.085625 0.113333
0 0.634062 0.872917 0.083125 0.107500
0 0.373437 0.760833 0.078125 0.086667
0 0.180938 0.224583 0.080625 0.095833
0 0.768125 0.338333 0.077500 0.123333
0 0.245938 0.762917 0.075625 0.104167
0 0.461875 0.440417 0.085000 0.115833
3 0.624375 0.222500 0.101250 0.115000
0 0.229687 0.184167 0.076875 0.108333
0 0.164375 0.456667 0.087500 0.108333
0 0.329688 0.251250 0.095625 0.112500
0 0.484063 0.160833 0.089375 0.115000
0 0.733125 0.201667 0.076250 0.106667
0 0.275000 0.950000 0.072500 0.098333
0 0.245938 0.432500 0.071875 0.113333
0 0.118125 0.752917 0.081250 0.122500
0 0.457188 0.065833 0.070625 0.103333
0 0.804375 0.110417 0.070000 0.114167
0 0.868125 0.916250 0.077500 0.114167
0 0.108438 0.178333 0.081875 0.105000
0 0.124375 0.141250 0.086250 0.090833
0 0.772188 0.143750 0.081875 0.105833
0 0.161562 0.621250 0.081875 0.117500
0 0.732812 0.101250 0.075625 0.109167
0 0.871563 0.774583 0.063125 0.129167
0 0.874375 0.210833 0.075000 0.131667
0 0.386875 0.941667 0.083750 0.096667
0 0.938438 0.246250 0.083125 0.100833
0 0.942187 0.282083 0.070625 0.112500
0 0.773438 0.263750 0.076875 0.109167
0 0.921562 0.046250 0.081875 0.092500
0 0.045625 0.284167 0.070000 0.108333
0 0.291875 0.761250 0.065000 0.114167
0 0.142500 0.344583 0.087500 0.127500
0 0.123750 0.385833 0.065000 0.111667
