0 0.570000 0.465833 0.058750 0.085000
0 0.780312 0.501667 0.064375 0.090000
0 0.628750 0.186667 0.057500 0.085000
0 0.880625 0.571250 0.060000 0.099167
0 0.833750 0.245833 0.060000 0.090000
0 0.895625 0.446250 0.070000 0.104167
0 0.087188 0.271667 0.075625 0.078333
0 0.696562 0.596250 0.069375 0.104167
0 0.838125 0.376250 0.058750 0.087500
0 0.703750 0.091250 0.065000 0.089167
0 0.913750 0.378333 0.072500 0.091667
0 0.700937 0.434583 0.063125 0.080833
0 0.331562 0.130000 0.066875 0.103333
0 0.100000 0.499583 0.070000 0.105833
0 0.740000 0.806667 0.066250 0.093333
0 0.481250 0.097917 0.062500 0.092500
0 0.870625 0.139583 0.053750 0.085833
0 0.114687 0.388750 0.063125 0.077500
0 0.600313 0.112083 0.051875 0.089167
0 0.965938 0.746250 0.066875 0.084167
0 0.205313 0.218750 0.053125 0.082500
0 0.754062 0.570833 0.059375 0.091667
0 0.854375 0.753333 0.061250 0.111667
0 0.083437 0.344167 0.066875 0.085000
0 0.100937 0.741667 0.061875 0.090000
0 0.145625 0.445417 0.063750 0.087500
0 0.310937 0.902083 0.061875 0.122500
0 0.708750 0.730417 0.062500 0.099167
0 0.072188 0.718750 0.050625 0.114167
0 0.760312 0.229583 0.063125 0.075833
0 0.777813 0.385833 0.060625 0.125000
0 0.495625 0.156667 0.052500 0.090000
0 0.185312 0.552083 0.070625 0.102500
3 0.072188 0.188333 0.081875 0.133333
0 0.468125 0.263750 0.060000 0.095833
3 0.441563 0.293333 0.079375 0.166667
0 0.967812 0.684583 0.064375 0.087500
0 0.733750 0.384167 0.067500 0.091667
0 0.778750 0.199583 0.052500 0.130833
0 0.820625 0.150833 0.047500 0.096667
0 0.909375 0.832500 0.060000 0.141667
0 0.636563 0.072500 0.039375 0.105000
