0 0.069062 0.774583 0.068125 0.084167
0 0.241875 0.577917 0.061250 0.080833
0 0.543438 0.225000 0.056875 0.083333
0 0.317812 0.584167 0.061875 0.083333
0 0.233750 0.288333 0.071250 0.086667
0 0.937187 0.175000 0.066875 0.090000
0 0.744062 0.279167 0.066875 0.086667
0 0.438125 0.579583 0.058750 0.079167
0 0.255312 0.714583 0.058125 0.079167
0 0.097812 0.218333 0.061875 0.088333
0 0.370937 0.322500 0.073125 0.088333
0 0.698125 0.669583 0.073750 0.094167
0 0.587812 0.067500 0.068125 0.088333
0 0.264688 0.504583 0.069375 0.077500
0 0.657500 0.255833 0.060000 0.086667
0 0.882188 0.055833 0.075625 0.100000
0 0.244375 0.112917 0.063750 0.082500
0 0.703750 0.069583 0.065000 0.087500
0 0.718437 0.848333 0.073125 0.106667
0 0.300000 0.906250 0.071250 0.095833
0 0.071563 0.437083 0.069375 0.099167
0 0.135000 0.450000 0.063750 0.086667
0 0.667500 0.885000 0.067500 0.081667
0 0.813125 0.354583 0.066250 0.080833
0 0.198125 0.939583 0.062500 0.080833
1 0.184688 0.527083 0.063125 0.079167
0 0.155000 0.850833 0.072500 0.091667
0 0.917813 0.773750 0.061875 0.077500
0 0.607500 0.532500 0.068750 0.073333
0 0.942500 0.413333 0.081250 0.118333
0 0.310312 0.142500 0.065625 0.081667
0 0.118438 0.885833 0.064375 0.083333
0 0.948750 0.853333 0.068750 0.091667
3 0.407500 0.809167 0.086250 0.086667
0 0.697500 0.370000 0.071250 0.088333
0 0.645938 0.337083 0.063125 0.079167
0 0.867188 0.162083 0.063125 0.079167
0 0.285000 0.429167 0.075000 0.083333
0 0.140000 0.688750 0.070000 0.094167
0 0.513125 0.938750 0.063750 0.072500
0 0.827812 0.892500 0.065625 0.076667
0 0.349062 0.087917 0.064375 0.094167
0 0.212812 0.044167 0.058125 0.076667
0 0.396250 0.733333 0.063750 0.081667
0 0.200000 0.715417 0.052500 0.074167
0 0.514062 0.566667 0.070625 0.085000
0 0.485938 0.350000 0.056875 0.070000
0 0.073750 0.914583 0.055000 0.077500
0 0.179375 0.615833 0.072500 0.106667
0 0.600938 0.157500 0.071875 0.088333
0 0.800312 0.423333 0.070625 0.070000
0 0.393437 0.158750 0.091875 0.079167
0 0.797813 0.944583 0.060625 0.067500
0 0.618125 0.465000 0.067500 0.078333
0 0.864062 0.780833 0.069375 0.108333
0 0.848750 0.224583 0.080000 0.089167
0 0.804063 0.876667 0.069375 0.078333
0 0.462187 0.538333 0.064375 0.075000
0 0.465625 0.914167 0.057500 0.075000
1 0.778438 0.486667 0.091875 0.111667
0 0.951562 0.511667 0.090625 0.071667
0 0.034063 0.898750 0.048125 0.069167
0 0.833750 0.818333 0.046250 0.088333
0 0.620313 0.226250 0.068125 0.082500
