0 0.385313 0.364583 0.065625 0.097500
0 0.793438 0.672500 0.069375 0.090000
0 0.293438 0.880000 0.061875 0.095000
0 0.830313 0.574167 0.073125 0.090000
0 0.343125 0.276250 0.065000 0.089167
0 0.543750 0.378333 0.067500 0.088333
0 0.893437 0.895417 0.078125 0.085833
0 0.298750 0.557917 0.066250 0.090833
0 0.210313 0.600417 0.074375 0.097500
0 0.683750 0.852083 0.076250 0.099167
0 0.903750 0.622917 0.077500 0.099167
0 0.918125 0.156667 0.072500 0.105000
0 0.336562 0.816667 0.070625 0.091667
0 0.661563 0.366667 0.063125 0.091667
0 0.215000 0.868333 0.068750 0.078333
0 0.532813 0.297083 0.085625 0.077500
0 0.462187 0.720833 0.061875 0.105000
0 0.907500 0.338750 0.060000 0.092500
0 0.722187 0.255417 0.064375 0.110833
0 0.512500 0.933333 0.071250 0.091667
0 0.957812 0.309167 0.066875 0.101667
0 0.465000 0.873750 0.066250 0.089167
0 0.124375 0.795417 0.062500 0.092500
0 0.798438 0.428750 0.069375 0.102500
0 0.606250 0.355833 0.067500 0.091667
0 0.371875 0.512083 0.058750 0.115833
0 0.851250 0.496667 0.057500 0.076667
0 0.676875 0.271250 0.060000 0.097500
0 0.110000 0.416250 0.071250 0.092500
0 0.420938 0.295833 0.075625 0.093333
0 0.378125 0.722917 0.071250 0.084167
0 0.082500 0.531667 0.068750 0.076667
0 0.127812 0.685000 0.070625 0.100000
0 0.298438 0.713750 0.071875 0.104167
0 0.877188 0.457917 0.069375 0.092500
0 0.572187 0.911667 0.071875 0.090000
0 0.576250 0.222917 0.068750 0.109167
0 0.178125 0.916250 0.080000 0.092500
0 0.372812 0.207500 0.066875 0.093333
0 0.319375 0.069167 0.073750 0.073333
0 0.925312 0.957500 0.076875 0.081667
0 0.388750 0.122500 0.066250 0.103333
0 0.626250 0.627500 0.073750 0.093333
0 0.756563 0.749583 0.091875 0.074167
0 0.405313 0.787500 0.071875 0.105000
0 0.945312 0.847500 0.085625 0.091667
0 0.297812 0.479583 0.070625 0.099167
0 0.251250 0.099583 0.068750 0.107500
0 0.436875 0.213333 0.080000 0.096667
0 0.723750 0.625833 0.081250 0.091667
0 0.832187 0.327917 0.074375 0.099167
0 0.480312 0.637500 0.071875 0.081667
0 0.425938 0.649167 0.058125 0.083333
0 0.184062 0.232083 0.055625 0.109167
0 0.203437 0.132917 0.073125 0.084167
0 0.678125 0.775833 0.088750 0.075000
0 0.175937 0.525417 0.080625 0.072500
0 0.822812 0.386667 0.068125 0.088333
0 0.600625 0.842500 0.071250 0.096667
0 0.476250 0.422083 0.072500 0.085833
0 0.947500 0.516667 0.061250 0.086667
0 0.280313 0.410833 0.066875 0.078333
0 0.435000 0.933750 0.070000 0.090833
0 0.454062 0.126667 0.054375 0.101667
0 0.613437 0.252500 0.075625 0.090000
0 0.104688 0.612917 0.075625 0.094167
0 0.745625 0.556667 0.070000 0.066667
0 0.222812 0.811667 0.071875 0.088333
0 0.518437 0.842500 0.071875 0.086667
0 0.224688 0.430000 0.066875 0.076667
0 0.650312 0.523750 0.065625 0.095833
0 0.186562 0.456667 0.075625 0.085000
0 0.052812 0.686250 0.090625 0.095833
0 0.204063 0.286250 0.071875 0.085833
0 0.937813 0.695000 0.064375 0.091667
0 0.668438 0.598750 0.074375 0.085833
0 0.255625 0.351250 0.086250 0.077500
0 0.916562 0.541667 0.066875 0.103333
0 0.436563 0.502500 0.079375 0.108333
0 0.550312 0.809583 0.075625 0.095833
0 0.640000 0.715833 0.082500 0.086667
0 0.102188 0.473333 0.086875 0.073333
0 0.966250 0.751250 0.066250 0.090833
0 0.458750 0.596250 0.072500 0.100833
0 0.226875 0.697917 0.072500 0.092500
0 0.559063 0.573333 0.060625 0.103333
0 0.052187 0.649583 0.078125 0.102500
0 0.720000 0.950417 0.068750 0.095833
0 0.253437 0.312083 0.081875 0.072500
