0 0.064062 0.945417 0.079375 0.100833
0 0.058750 0.672917 0.071250 0.094167
0 0.093750 0.827500 0.073750 0.115000
0 0.135313 0.851250 0.063125 0.087500
0 0.070000 0.071667 0.077500 0.093333
0 0.037187 0.162083 0.074375 0.102500
0 0.107500 0.190000 0.067500 0.090000
0 0.130625 0.286250 0.067500 0.099167
0 0.257812 0.855000 0.079375 0.101667
0 0.317188 0.866667 0.063125 0.103333
0 0.264375 0.944167 0.066250 0.090000
0 0.337500 0.770833 0.070000 0.101667
0 0.372188 0.679167 0.068125 0.101667
0 0.184375 0.525000 0.067500 0.095000
0 0.248438 0.555000 0.063125 0.095000
0 0.228750 0.434167 0.062500 0.100000
0 0.218125 0.395417 0.075000 0.102500
0 0.282187 0.358750 0.076875 0.097500
0 0.333750 0.291667 0.075000 0.106667
0 0.346562 0.327500 0.063125 0.098333
0 0.352812 0.419167 0.078125 0.076667
0 0.433125 0.448750 0.070000 0.082500
0 0.418750 0.554583 0.067500 0.104167
0 0.434688 0.775417 0.070625 0.089167
0 0.485625 0.725833 0.067500 0.110000
0 0.466875 0.870000 0.067500 0.093333
0 0.650625 0.779167 0.068750 0.096667
0 0.649375 0.663333 0.063750 0.088333
0 0.584688 0.520417 0.076875 0.092500
0 0.606875 0.382083 0.086250 0.075833
0 0.452188 0.305000 0.073125 0.100000
0 0.440937 0.062500 0.076875 0.093333
0 0.492500 0.219167 0.081250 0.090000
0 0.892500 0.802917 0.075000 0.112500
0 0.761875 0.699167 0.067500 0.095000
0 0.744375 0.610833 0.075000 0.088333
0 0.798125 0.535000 0.065000 0.093333
0 0.576875 0.059167 0.055000 0.093333
0 0.602812 0.153333 0.066875 0.088333
0 0.619062 0.281667 0.073125 0.096667
0 0.895625 0.153333 0.076250 0.091667
0 0.765312 0.171250 0.074375 0.102500
0 0.740938 0.250417 0.079375 0.090833
0 0.845000 0.307500 0.072500 0.091667
0 0.889062 0.362500 0.065625 0.086667
0 0.767813 0.322083 0.071875 0.084167
0 0.710625 0.466250 0.062500 0.085833
0 0.782500 0.414583 0.085000 0.110833
6 0.632188 0.463333 0.086875 0.135000
