0 0.360312 0.125417 0.081875 0.100833
0 0.220312 0.695000 0.078125 0.095000
0 0.070625 0.323333 0.073750 0.098333
0 0.051250 0.430417 0.077500 0.087500
0 0.645938 0.397083 0.079375 0.110833
0 0.350313 0.858750 0.069375 0.104167
0 0.947187 0.673750 0.075625 0.110833
0 0.293125 0.807500 0.080000 0.111667
0 0.788750 0.677917 0.068750 0.090833
0 0.723750 0.901250 0.072500 0.097500
0 0.648438 0.761667 0.073125 0.103333
0 0.170000 0.612917 0.063750 0.107500
0 0.310000 0.476667 0.075000 0.096667
0 0.612500 0.192083 0.072500 0.090833
0 0.875625 0.319167 0.083750 0.096667
0 0.787500 0.568333 0.077500 0.098333
0 0.764687 0.856667 0.079375 0.078333
0 0.564688 0.183333 0.070625 0.096667
