0 0.801562 0.265833 0.061875 0.083333
1 0.709063 0.446250 0.078125 0.092500
0 0.536250 0.672083 0.072500 0.095833
0 0.668438 0.751250 0.071875 0.097500
0 0.225312 0.694167 0.066875 0.085000
0 0.371250 0.739167 0.062500 0.080000
0 0.770312 0.542917 0.078125 0.102500
0 0.760625 0.821667 0.068750 0.091667
0 0.675000 0.086667 0.073750 0.083333
0 0.505938 0.514167 0.064375 0.085000
0 0.051875 0.793750 0.070000 0.094167
0 0.910000 0.497917 0.076250 0.104167
0 0.431250 0.911667 0.061250 0.081667
0 0.460000 0.669167 0.076250 0.085000
0 0.892813 0.272917 0.060625 0.082500
0 0.147813 0.432917 0.068125 0.084167
0 0.235625 0.518750 0.068750 0.082500
0 0.767500 0.189583 0.077500 0.094167
0 0.112500 0.585000 0.066250 0.091667
0 0.864062 0.907083 0.073125 0.095833
0 0.516250 0.420833 0.080000 0.096667
0 0.526875 0.912500 0.063750 0.075000
0 0.542813 0.096250 0.064375 0.094167
0 0.174687 0.770833 0.073125 0.086667
0 0.424063 0.174583 0.069375 0.082500
0 0.056875 0.167500 0.073750 0.080000
0 0.213438 0.160833 0.055625 0.075000
0 0.202187 0.367917 0.059375 0.089167
0 0.502500 0.794583 0.071250 0.084167
0 0.298125 0.803750 0.061250 0.094167
0 0.598437 0.915833 0.089375 0.076667
0 0.763750 0.681250 0.053750 0.085833
0 0.443437 0.354167 0.064375 0.085000
0 0.791250 0.103750 0.063750 0.097500
0 0.086875 0.916250 0.070000 0.092500
0 0.960938 0.451250 0.071875 0.087500
0 0.918750 0.341250 0.071250 0.090833
0 0.247500 0.855000 0.075000 0.090000
0 0.957500 0.040000 0.080000 0.078333
0 0.453125 0.511667 0.067500 0.078333
0 0.867188 0.551250 0.059375 0.074167
0 0.593750 0.323333 0.061250 0.081667
0 0.153438 0.807500 0.065625 0.085000
0 0.845625 0.118333 0.056250 0.081667
0 0.714375 0.630000 0.051250 0.071667
0 0.406875 0.698333 0.047500 0.068333
0 0.545312 0.347917 0.066875 0.079167
0 0.242812 0.342917 0.065625 0.095833
0 0.483438 0.724583 0.061875 0.079167
0 0.333437 0.806250 0.068125 0.094167
0 0.835938 0.039583 0.071875 0.077500
0 0.203437 0.897917 0.069375 0.082500
0 0.353438 0.244167 0.078125 0.080000
0 0.336250 0.206250 0.075000 0.089167
0 0.469375 0.606667 0.070000 0.081667
0 0.497500 0.310417 0.072500 0.074167
0 0.760312 0.086667 0.058125 0.078333
0 0.933438 0.403333 0.070625 0.080000
0 0.155312 0.353333 0.053125 0.071667
0 0.133750 0.922083 0.070000 0.090833
0 0.965938 0.695417 0.066875 0.089167
0 0.967500 0.619583 0.065000 0.075833
0 0.033438 0.692083 0.064375 0.080833
4 0.177187 0.282083 0.101875 0.077500
