0 0.832187 0.310417 0.061875 0.082500
0 0.763437 0.748333 0.061875 0.071667
0 0.049375 0.347500 0.066250 0.081667
0 0.680625 0.752083 0.057500 0.079167
0 0.233750 0.309583 0.066250 0.079167
0 0.792500 0.196667 0.065000 0.093333
0 0.470313 0.938750 0.074375 0.097500
0 0.739062 0.603750 0.071875 0.094167
0 0.196563 0.145000 0.065625 0.083333
0 0.523125 0.827083 0.066250 0.087500
0 0.272500 0.097500 0.068750 0.081667
0 0.074063 0.222083 0.058125 0.082500
0 0.140313 0.606250 0.056875 0.085833
0 0.120000 0.905833 0.068750 0.083333
0 0.684688 0.365000 0.073125 0.095000
0 0.591875 0.500000 0.065000 0.090000
0 0.574375 0.333333 0.065000 0.086667
0 0.442188 0.758750 0.079375 0.095833
0 0.478438 0.078333 0.058125 0.086667
0 0.596875 0.096667 0.076250 0.088333
0 0.474375 0.567500 0.060000 0.086667
0 0.375000 0.590833 0.068750 0.088333
0 0.790312 0.057917 0.060625 0.080833
0 0.613125 0.577917 0.067500 0.087500
0 0.811250 0.459583 0.065000 0.085833
0 0.960625 0.423333 0.070000 0.093333
0 0.782500 0.392083 0.063750 0.087500
0 0.078750 0.472500 0.067500 0.085000
0 0.698438 0.263750 0.070625 0.085833
0 0.865625 0.495000 0.077500 0.101667
0 0.338438 0.337917 0.053125 0.077500
0 0.058750 0.781250 0.072500 0.094167
0 0.210938 0.486250 0.055625 0.077500
0 0.678125 0.169167 0.058750 0.091667
0 0.285938 0.561250 0.064375 0.089167
0 0.157500 0.464583 0.056250 0.077500
0 0.481563 0.465000 0.061875 0.075000
0 0.576562 0.761667 0.073125 0.086667
0 0.085938 0.593333 0.051875 0.071667
0 0.904062 0.730000 0.071875 0.085000
0 0.084062 0.661667 0.071875 0.081667
0 0.293125 0.472083 0.058750 0.089167
0 0.080000 0.743750 0.067500 0.084167
0 0.086875 0.047917 0.068750 0.087500
0 0.422812 0.603750 0.069375 0.105833
0 0.940937 0.853333 0.069375 0.086667
0 0.960938 0.564167 0.074375 0.090000
0 0.175625 0.547500 0.075000 0.091667
0 0.715000 0.562917 0.072500 0.077500
0 0.680937 0.068333 0.076875 0.080000
0 0.714375 0.424583 0.067500 0.092500
0 0.708438 0.497500 0.066875 0.086667
0 0.953125 0.777083 0.071250 0.085833
0 0.932500 0.953333 0.065000 0.080000
0 0.338750 0.419583 0.080000 0.074167
