0 0.899687 0.109167 0.065625 0.095000
0 0.083125 0.805833 0.060000 0.078333
0 0.344375 0.653333 0.062500 0.078333
0 0.181875 0.665000 0.066250 0.101667
0 0.234375 0.860000 0.068750 0.096667
0 0.521875 0.709583 0.062500 0.085833
0 0.147500 0.225417 0.073750 0.109167
0 0.749062 0.136250 0.068125 0.084167
0 0.521875 0.536250 0.058750 0.080833
0 0.603125 0.212917 0.063750 0.087500
0 0.521563 0.114167 0.063125 0.081667
0 0.760625 0.647500 0.075000 0.078333
0 0.568438 0.663333 0.055625 0.083333
0 0.254688 0.134583 0.064375 0.077500
0 0.825937 0.728333 0.066875 0.085000
0 0.067812 0.327500 0.068125 0.098333
0 0.943438 0.677500 0.061875 0.071667
0 0.540312 0.419167 0.066875 0.076667
0 0.740000 0.542917 0.058750 0.080833
0 0.227813 0.351250 0.066875 0.084167
0 0.109687 0.570000 0.064375 0.086667
0 0.863750 0.898750 0.062500 0.079167
0 0.092188 0.449583 0.063125 0.085833
0 0.678438 0.641250 0.065625 0.090833
6 0.212188 0.748750 0.070625 0.100833
0 0.298750 0.595417 0.066250 0.080833
0 0.477812 0.590000 0.054375 0.075000
0 0.683125 0.109583 0.061250 0.082500
0 0.908125 0.536667 0.057500 0.085000
0 0.105938 0.113750 0.065625 0.074167
0 0.787500 0.307083 0.067500 0.075833
0 0.178125 0.343333 0.057500 0.083333
0 0.260625 0.058750 0.060000 0.074167
0 0.940625 0.362083 0.073750 0.094167
0 0.792188 0.227083 0.068125 0.094167
0 0.511875 0.036250 0.056250 0.070833
0 0.841562 0.151667 0.051875 0.085000
0 0.668750 0.782083 0.061250 0.110833
0 0.433437 0.429583 0.060625 0.089167
0 0.541875 0.327083 0.063750 0.079167
0 0.153438 0.464167 0.058125 0.106667
0 0.450625 0.763750 0.055000 0.079167
0 0.378750 0.354583 0.058750 0.070833
0 0.364687 0.474167 0.069375 0.098333
0 0.765938 0.439167 0.059375 0.075000
0 0.401875 0.513750 0.070000 0.074167
0 0.204063 0.419583 0.059375 0.085833
0 0.554063 0.278750 0.060625 0.077500
0 0.298750 0.316667 0.056250 0.086667
0 0.460938 0.502083 0.061875 0.082500
2 0.445000 0.130000 0.081250 0.100000
0 0.173125 0.579583 0.051250 0.077500
0 0.120000 0.315417 0.055000 0.085833
0 0.948438 0.873750 0.054375 0.080833
1 0.099375 0.062083 0.086250 0.079167
0 0.825313 0.469167 0.050625 0.076667
0 0.681875 0.567917 0.072500 0.090833
0 0.609375 0.423750 0.057500 0.070833
0 0.593437 0.056250 0.046875 0.077500
0 0.404687 0.085000 0.054375 0.066667
1 0.821562 0.946667 0.079375 0.095000
0 0.646250 0.462500 0.063750 0.115000
0 0.810312 0.365417 0.061875 0.067500
0 0.376875 0.230833 0.063750 0.075000
0 0.240000 0.497917 0.050000 0.060833
0 0.245312 0.716667 0.051875 0.068333
1 0.912500 0.837917 0.072500 0.134167
0 0.063750 0.637083 0.052500 0.062500
0 0.952187 0.611250 0.049375 0.060833
0 0.868437 0.507917 0.045625 0.080833
0 0.594688 0.370000 0.060625 0.076667
0 0.686875 0.501667 0.058750 0.090000
0 0.054688 0.410417 0.063125 0.085833
0 0.227813 0.547500 0.058125 0.063333
0 0.317812 0.373750 0.058125 0.069167
0 0.378437 0.284583 0.058125 0.057500
0 0.617500 0.504167 0.055000 0.070000
0 0.574063 0.571667 0.059375 0.090000
0 0.576875 0.529583 0.051250 0.090833
0 0.412187 0.405833 0.046875 0.095000
