0 0.775312 0.402500 0.070625 0.095000
0 0.717812 0.285417 0.069375 0.090833
0 0.660625 0.918333 0.068750 0.093333
0 0.538125 0.338750 0.067500 0.089167
0 0.305625 0.503333 0.065000 0.080000
0 0.281562 0.724167 0.063125 0.103333
0 0.339062 0.768333 0.069375 0.088333
0 0.552188 0.743333 0.070625 0.088333
0 0.702187 0.663750 0.071875 0.072500
0 0.520000 0.886667 0.067500 0.078333
0 0.612187 0.485833 0.069375 0.101667
0 0.386875 0.368333 0.070000 0.066667
0 0.262500 0.181250 0.073750 0.097500
0 0.416563 0.932500 0.058125 0.088333
0 0.385625 0.859583 0.076250 0.095833
0 0.182188 0.313333 0.079375 0.100000
0 0.634375 0.196250 0.071250 0.075833
0 0.311563 0.560000 0.063125 0.088333
0 0.926875 0.645417 0.065000 0.089167
0 0.960625 0.482083 0.063750 0.084167
0 0.672500 0.457083 0.068750 0.089167
0 0.767500 0.932917 0.075000 0.077500
0 0.337500 0.057917 0.065000 0.092500
0 0.752812 0.144167 0.073125 0.110000
0 0.930625 0.767083 0.073750 0.070833
0 0.155625 0.157083 0.076250 0.087500
0 0.668750 0.830833 0.065000 0.088333
0 0.467500 0.140833 0.065000 0.086667
0 0.720625 0.055417 0.073750 0.100833
0 0.499688 0.728750 0.069375 0.082500
0 0.872188 0.732083 0.070625 0.070833
0 0.714688 0.823750 0.061875 0.097500
0 0.665312 0.335417 0.076875 0.084167
0 0.300000 0.277500 0.066250 0.103333
0 0.205313 0.245417 0.078125 0.084167
0 0.457188 0.444167 0.065625 0.080000
0 0.504375 0.527917 0.073750 0.089167
0 0.077188 0.102083 0.083125 0.092500
0 0.598437 0.369583 0.065625 0.097500
0 0.500000 0.783750 0.066250 0.097500
0 0.406875 0.108750 0.058750 0.102500
0 0.550000 0.072500 0.060000 0.095000
0 0.597187 0.542083 0.079375 0.090833
0 0.796875 0.786667 0.088750 0.091667
0 0.072500 0.955000 0.073750 0.088333
0 0.950937 0.067083 0.069375 0.100833
0 0.639375 0.386250 0.071250 0.095833
0 0.052500 0.812917 0.071250 0.089167
0 0.721250 0.735000 0.088750 0.081667
0 0.390625 0.286667 0.072500 0.093333
0 0.838750 0.198333 0.080000 0.091667
0 0.842500 0.151667 0.070000 0.081667
0 0.355938 0.308333 0.063125 0.095000
0 0.615625 0.046667 0.060000 0.086667
0 0.209063 0.659583 0.095625 0.095833
0 0.045000 0.707917 0.072500 0.074167
0 0.040938 0.900417 0.063125 0.084167
0 0.310625 0.419167 0.086250 0.101667
0 0.920000 0.850000 0.077500 0.095000
0 0.517188 0.065417 0.063125 0.100833
0 0.867812 0.229583 0.061875 0.097500
0 0.909062 0.300417 0.066875 0.084167
0 0.451250 0.567500 0.085000 0.091667
0 0.462500 0.055833 0.066250 0.100000
0 0.958125 0.259167 0.061250 0.098333
0 0.426563 0.496250 0.089375 0.064167
0 0.833438 0.064167 0.083125 0.091667
0 0.196250 0.127917 0.112500 0.072500
0 0.717812 0.538333 0.074375 0.113333
0 0.846562 0.582083 0.083125 0.114167
0 0.805625 0.045417 0.075000 0.079167
0 0.513437 0.230000 0.070625 0.101667
0 0.042813 0.752500 0.083125 0.068333
0 0.898438 0.240000 0.074375 0.086667
