0 0.421250 0.137500 0.066250 0.088333
0 0.727187 0.740417 0.069375 0.094167
0 0.852187 0.686667 0.071875 0.100000
0 0.258125 0.622083 0.073750 0.097500
0 0.607187 0.300417 0.069375 0.087500
0 0.490000 0.231667 0.058750 0.083333
0 0.055938 0.781250 0.066875 0.087500
0 0.290625 0.212083 0.066250 0.079167
0 0.815937 0.405417 0.068125 0.090833
0 0.409375 0.713750 0.076250 0.105833
0 0.611250 0.950000 0.073750 0.088333
0 0.066562 0.962083 0.060625 0.075833
0 0.245000 0.473333 0.058750 0.080000
0 0.369063 0.565833 0.063125 0.078333
0 0.857500 0.239583 0.067500 0.084167
0 0.291250 0.921250 0.053750 0.079167
0 0.694063 0.082917 0.058125 0.080833
0 0.747500 0.412917 0.070000 0.094167
0 0.526250 0.851250 0.067500 0.085833
0 0.259062 0.079583 0.070625 0.094167
0 0.937500 0.322917 0.061250 0.079167
0 0.750313 0.175417 0.065625 0.087500
0 0.880625 0.923750 0.076250 0.105833
0 0.486875 0.070000 0.061250 0.090000
0 0.678125 0.248333 0.067500 0.081667
0 0.770625 0.508333 0.057500 0.076667
0 0.391875 0.364583 0.057500 0.084167
0 0.223438 0.201667 0.070625 0.100000
0 0.221562 0.362083 0.063125 0.075833
0 0.340625 0.088750 0.068750 0.075833
0 0.103125 0.291250 0.060000 0.079167
0 0.084062 0.402917 0.060625 0.077500
0 0.215000 0.749583 0.068750 0.072500
0 0.367500 0.187917 0.060000 0.085833
0 0.653125 0.358750 0.070000 0.082500
0 0.290625 0.540000 0.071250 0.078333
0 0.907813 0.572083 0.060625 0.080833
0 0.200313 0.830417 0.059375 0.084167
0 0.676562 0.870417 0.056875 0.069167
0 0.119063 0.750833 0.069375 0.083333
0 0.043125 0.276250 0.067500 0.097500
0 0.535000 0.663333 0.058750 0.080000
0 0.636563 0.705417 0.063125 0.084167
0 0.925937 0.470417 0.076875 0.082500
0 0.797813 0.277083 0.056875 0.080833
0 0.664375 0.654167 0.060000 0.083333
0 0.293438 0.347083 0.065625 0.070833
0 0.624687 0.810417 0.061875 0.090833
0 0.228437 0.937917 0.055625 0.072500
0 0.168125 0.157917 0.058750 0.084167
0 0.481875 0.952083 0.070000 0.077500
0 0.734688 0.299583 0.049375 0.070833
0 0.894687 0.168333 0.051875 0.068333
0 0.317500 0.410833 0.063750 0.078333
0 0.098437 0.919167 0.066875 0.078333
0 0.153438 0.200417 0.061875 0.082500
0 0.264688 0.284167 0.056875 0.080000
0 0.115937 0.122083 0.069375 0.077500
0 0.438750 0.630833 0.068750 0.071667
0 0.933125 0.421250 0.050000 0.092500
0 0.570937 0.836667 0.074375 0.090000
0 0.779375 0.875833 0.067500 0.081667
0 0.940312 0.249583 0.051875 0.075833
0 0.404687 0.262500 0.063125 0.095000
0 0.044687 0.400000 0.056875 0.076667
0 0.873437 0.083750 0.078125 0.070833
0 0.130000 0.855000 0.060000 0.065000
0 0.433125 0.884167 0.057500 0.080000
0 0.377500 0.475000 0.051250 0.071667
0 0.769062 0.265833 0.060625 0.086667
0 0.032500 0.653750 0.063750 0.077500
0 0.035312 0.172500 0.059375 0.071667
3 0.643750 0.405833 0.096250 0.095000
3 0.205313 0.591250 0.085625 0.110833
0 0.325313 0.469167 0.066875 0.078333
0 0.874687 0.565833 0.054375 0.073333
1 0.415312 0.844167 0.073125 0.125000
0 0.473438 0.039167 0.069375 0.076667
0 0.093750 0.100417 0.053750 0.072500
