0 0.232500 0.564167 0.063750 0.080000
0 0.244688 0.347083 0.074375 0.089167
0 0.665000 0.209583 0.062500 0.085833
0 0.873750 0.914167 0.061250 0.078333
0 0.753750 0.338333 0.067500 0.090000
0 0.565000 0.251667 0.070000 0.078333
0 0.114062 0.858750 0.078125 0.105833
0 0.701562 0.852083 0.064375 0.080833
0 0.523750 0.599583 0.083750 0.102500
0 0.548438 0.744167 0.064375 0.081667
0 0.664375 0.210417 0.077500 0.104167
0 0.704063 0.686667 0.069375 0.085000
0 0.898438 0.647500 0.083125 0.098333
0 0.759375 0.938333 0.068750 0.086667
0 0.486250 0.699583 0.078750 0.099167
0 0.599063 0.608750 0.071875 0.102500
0 0.543125 0.172917 0.076250 0.100833
0 0.605938 0.476250 0.083125 0.100833
0 0.764062 0.585833 0.075625 0.103333
0 0.699688 0.456667 0.061875 0.080000
0 0.487187 0.242917 0.080625 0.099167
0 0.763437 0.424583 0.069375 0.094167
0 0.619062 0.832083 0.076875 0.092500
0 0.910312 0.292083 0.069375 0.092500
0 0.833125 0.464583 0.068750 0.087500
0 0.826875 0.366250 0.058750 0.080833
0 0.161250 0.560833 0.075000 0.095000
0 0.299063 0.287917 0.065625 0.087500
0 0.961250 0.692917 0.066250 0.067500
0 0.035625 0.420417 0.061250 0.084167
0 0.648125 0.866667 0.067500 0.095000
0 0.237187 0.435000 0.074375 0.093333
0 0.218438 0.213750 0.076875 0.105833
0 0.903750 0.429583 0.061250 0.082500
0 0.612187 0.724167 0.084375 0.100000
0 0.526875 0.925000 0.076250 0.105000
0 0.645938 0.304583 0.080625 0.105833
0 0.423125 0.752917 0.073750 0.092500
0 0.524062 0.391250 0.068125 0.082500
0 0.297812 0.115833 0.076875 0.095000
0 0.260000 0.793333 0.086250 0.108333
0 0.135625 0.200417 0.073750 0.099167
0 0.665937 0.405833 0.074375 0.103333
0 0.040000 0.495000 0.072500 0.080000
0 0.225312 0.638750 0.068125 0.089167
0 0.359687 0.259167 0.063125 0.090000
0 0.708125 0.098750 0.078750 0.092500
0 0.198750 0.872917 0.063750 0.085833
0 0.268750 0.481667 0.063750 0.078333
0 0.950000 0.862083 0.067500 0.084167
0 0.579688 0.088333 0.079375 0.101667
0 0.154375 0.268333 0.078750 0.098333
0 0.646563 0.508333 0.078125 0.095000
0 0.085938 0.533750 0.065625 0.087500
0 0.543438 0.466667 0.066875 0.085000
0 0.048750 0.944583 0.068750 0.090833
0 0.047188 0.880417 0.076875 0.099167
0 0.436563 0.324167 0.048125 0.083333
0 0.307500 0.642083 0.070000 0.089167
1 0.075625 0.152500 0.076250 0.110000
0 0.064687 0.360833 0.063125 0.078333
0 0.072500 0.242500 0.077500 0.105000
0 0.267188 0.706667 0.066875 0.111667
0 0.693750 0.735000 0.075000 0.096667
0 0.395000 0.270833 0.073750 0.100000
0 0.682187 0.116667 0.066875 0.096667
0 0.634062 0.127917 0.061875 0.079167
0 0.292500 0.742917 0.072500 0.080833
0 0.338750 0.677083 0.071250 0.097500
0 0.736875 0.512083 0.066250 0.094167
0 0.489687 0.325000 0.070625 0.090000
0 0.793125 0.410417 0.060000 0.089167
0 0.814375 0.521667 0.068750 0.083333
5 0.063125 0.737917 0.096250 0.127500
1 0.268750 0.156667 0.088750 0.125000
0 0.146563 0.947500 0.068125 0.098333
0 0.280938 0.257917 0.071875 0.090833
