0 0.172813 0.205417 0.066875 0.092500
0 0.915312 0.502083 0.070625 0.097500
0 0.825937 0.508333 0.073125 0.098333
0 0.780312 0.610417 0.068125 0.095833
0 0.648750 0.428333 0.073750 0.090000
0 0.663750 0.883750 0.061250 0.079167
0 0.925937 0.196667 0.071875 0.096667
0 0.915625 0.630833 0.075000 0.100000
0 0.274687 0.877917 0.073125 0.092500
0 0.856875 0.247500 0.063750 0.088333
0 0.796562 0.385417 0.064375 0.090833
0 0.646250 0.780000 0.066250 0.088333
0 0.559063 0.632083 0.071875 0.092500
0 0.771250 0.067083 0.073750 0.095833
0 0.100625 0.362083 0.063750 0.075833
0 0.351562 0.432500 0.068125 0.110000
0 0.515312 0.872083 0.061875 0.084167
0 0.440000 0.300833 0.071250 0.088333
0 0.353438 0.800833 0.076875 0.106667
0 0.140313 0.085417 0.069375 0.092500
0 0.855000 0.135000 0.072500 0.098333
0 0.108125 0.928333 0.073750 0.100000
0 0.724375 0.780000 0.068750 0.093333
0 0.070312 0.130833 0.066875 0.105000
0 0.183750 0.590417 0.070000 0.079167
0 0.183438 0.756667 0.074375 0.095000
0 0.897813 0.060833 0.059375 0.080000
0 0.227813 0.302917 0.071875 0.102500
0 0.228750 0.095417 0.062500 0.084167
0 0.861563 0.416250 0.058125 0.074167
0 0.592812 0.872917 0.060625 0.080833
0 0.404375 0.871667 0.066250 0.086667
0 0.577187 0.792083 0.063125 0.074167
0 0.128438 0.509583 0.069375 0.100833
0 0.215000 0.494583 0.061250 0.085833
0 0.402187 0.630417 0.061875 0.084167
0 0.739062 0.233333 0.061875 0.091667
0 0.854062 0.889583 0.063125 0.099167
0 0.166563 0.698333 0.084375 0.108333
0 0.164062 0.451250 0.054375 0.072500
0 0.238437 0.160417 0.056875 0.074167
0 0.602500 0.125000 0.067500 0.095000
0 0.803438 0.910417 0.063125 0.117500
0 0.389062 0.587083 0.071875 0.099167
0 0.298125 0.960833 0.062500 0.076667
0 0.939688 0.836250 0.094375 0.087500
0 0.140000 0.297083 0.065000 0.084167
0 0.536250 0.959583 0.057500 0.079167
0 0.942500 0.923333 0.076250 0.096667
1 0.418438 0.440833 0.074375 0.146667
