0 0.290000 0.558750 0.065000 0.089167
0 0.251250 0.814583 0.061250 0.080833
0 0.080000 0.300833 0.066250 0.091667
0 0.860000 0.347500 0.058750 0.086667
0 0.581562 0.337500 0.058125 0.095000
0 0.473125 0.599583 0.061250 0.099167
0 0.504062 0.838750 0.071875 0.105833
0 0.698438 0.349583 0.073125 0.095833
0 0.939375 0.481667 0.076250 0.106667
0 0.319063 0.208750 0.063125 0.089167
0 0.790625 0.733750 0.065000 0.095833
0 0.864062 0.726250 0.063125 0.084167
2 0.592500 0.187917 0.067500 0.102500
0 0.842500 0.159583 0.067500 0.107500
0 0.783438 0.635000 0.066875 0.100000
0 0.044687 0.139167 0.063125 0.085000
0 0.088125 0.792500 0.072500 0.103333
0 0.802813 0.858750 0.068125 0.104167
0 0.666250 0.539167 0.067500 0.085000
0 0.669063 0.179167 0.058125 0.095000
0 0.811875 0.513750 0.063750 0.089167
0 0.138125 0.156250 0.071250 0.090833
0 0.414062 0.505417 0.065625 0.090833
0 0.172187 0.398333 0.073125 0.091667
0 0.517813 0.129583 0.061875 0.087500
0 0.265625 0.644167 0.072500 0.090000
0 0.627188 0.432917 0.065625 0.100833
0 0.407813 0.607917 0.068125 0.100833
0 0.735938 0.150417 0.065625 0.080833
0 0.172813 0.857500 0.076875 0.085000
0 0.360312 0.125417 0.069375 0.077500
1 0.952500 0.103333 0.071250 0.115000
0 0.841875 0.638750 0.062500 0.092500
0 0.189375 0.561667 0.071250 0.088333
0 0.385937 0.406250 0.071875 0.087500
0 0.776875 0.260000 0.055000 0.085000
0 0.801250 0.192500 0.053750 0.080000
0 0.654062 0.843333 0.071875 0.090000
0 0.034688 0.675000 0.064375 0.096667
0 0.185000 0.224167 0.080000 0.076667
0 0.563125 0.092917 0.062500 0.084167
3 0.085625 0.924583 0.080000 0.109167
0 0.886875 0.120417 0.067500 0.092500
0 0.375000 0.342083 0.055000 0.070833
