0 0.142500 0.927083 0.063750 0.082500
0 0.346562 0.242917 0.064375 0.095833
0 0.330937 0.702500 0.055625 0.076667
0 0.368750 0.383750 0.061250 0.084167
0 0.859688 0.392500 0.059375 0.080000
0 0.445937 0.790417 0.071875 0.100833
0 0.269375 0.475833 0.082500 0.100000
0 0.927813 0.067500 0.058125 0.081667
0 0.495937 0.747083 0.071875 0.099167
0 0.808438 0.939583 0.060625 0.080833
0 0.920000 0.408750 0.063750 0.087500
4 0.103125 0.760000 0.083750 0.081667
0 0.723750 0.795000 0.072500 0.075000
0 0.071875 0.465833 0.068750 0.100000
0 0.514062 0.867083 0.075625 0.090833
0 0.433750 0.511250 0.073750 0.079167
0 0.089375 0.213333 0.062500 0.080000
0 0.476875 0.433333 0.067500 0.085000
0 0.266875 0.712500 0.067500 0.090000
0 0.848750 0.134583 0.072500 0.097500
0 0.044062 0.244583 0.060625 0.087500
0 0.867188 0.663333 0.064375 0.085000
0 0.326562 0.160000 0.060625 0.075000
0 0.601562 0.903750 0.060625 0.084167
0 0.223750 0.575000 0.075000 0.096667
0 0.821562 0.237083 0.056875 0.090833
0 0.746563 0.510417 0.061875 0.082500
0 0.039062 0.821250 0.071875 0.065833
0 0.936875 0.875000 0.065000 0.076667
0 0.524687 0.087083 0.064375 0.105833
0 0.618750 0.349167 0.055000 0.080000
0 0.733437 0.074583 0.069375 0.097500
0 0.405313 0.247500 0.054375 0.073333
0 0.595625 0.767500 0.062500 0.078333
1 0.142187 0.175417 0.078125 0.097500
0 0.626875 0.125417 0.057500 0.075833
0 0.047813 0.339583 0.054375 0.069167
0 0.898438 0.807917 0.059375 0.075833
0 0.751875 0.248750 0.063750 0.075833
0 0.257500 0.315417 0.063750 0.064167
0 0.794375 0.592083 0.052500 0.079167
0 0.954063 0.136667 0.073125 0.093333
0 0.674063 0.586667 0.056875 0.068333
0 0.940937 0.247500 0.061875 0.078333
0 0.902188 0.171250 0.060625 0.080833
0 0.565937 0.330833 0.060625 0.088333
0 0.606875 0.499583 0.065000 0.072500
0 0.290000 0.257917 0.051250 0.080833
1 0.138750 0.568750 0.095000 0.110833
0 0.182812 0.627083 0.050625 0.079167
0 0.673438 0.952500 0.059375 0.076667
0 0.798438 0.686250 0.059375 0.075833
0 0.846875 0.311250 0.057500 0.075833
0 0.687500 0.191667 0.056250 0.073333
0 0.061250 0.552500 0.068750 0.073333
0 0.875000 0.058750 0.047500 0.069167
0 0.188438 0.048750 0.091875 0.085833
0 0.776563 0.320833 0.061875 0.058333
0 0.703438 0.667917 0.053125 0.065833
0 0.740313 0.265000 0.064375 0.071667
0 0.861563 0.255000 0.074375 0.091667
0 0.304688 0.080417 0.050625 0.095833
0 0.667813 0.110000 0.064375 0.093333
0 0.896250 0.755833 0.063750 0.071667
0 0.835625 0.801667 0.061250 0.065000
0 0.615000 0.564583 0.061250 0.072500
0 0.512188 0.250833 0.064375 0.068333
0 0.592187 0.295000 0.059375 0.090000
0 0.464687 0.232083 0.048125 0.074167
0 0.726250 0.137500 0.068750 0.073333
0 0.672500 0.526250 0.061250 0.064167
0 0.074375 0.139167 0.090000 0.073333
0 0.063125 0.038333 0.053750 0.066667
0 0.169375 0.111250 0.067500 0.054167
0 0.586562 0.089167 0.063125 0.071667
0 0.820312 0.045417 0.063125 0.087500
0 0.741250 0.200000 0.063750 0.070000
0 0.716875 0.456667 0.127500 0.075000
0 0.735938 0.392500 0.065625 0.071667
0 0.719688 0.335417 0.058125 0.060833
0 0.687500 0.388750 0.063750 0.085833
0 0.924063 0.473333 0.093125 0.096667
0 0.832812 0.745417 0.063125 0.082500
0 0.608437 0.957083 0.064375 0.085833
0 0.028438 0.652917 0.055625 0.080833
