0 0.372188 0.649583 0.079375 0.090833
0 0.720938 0.451250 0.056875 0.079167
0 0.360000 0.815000 0.055000 0.083333
0 0.139375 0.542083 0.071250 0.084167
0 0.046562 0.257500 0.068125 0.091667
0 0.148438 0.259583 0.068125 0.102500
0 0.666562 0.145000 0.070625 0.085000
0 0.366250 0.427500 0.056250 0.078333
0 0.301875 0.869167 0.061250 0.085000
0 0.774062 0.880833 0.070625 0.078333
0 0.057500 0.209583 0.072500 0.095833
0 0.409062 0.586667 0.059375 0.081667
0 0.212812 0.282083 0.064375 0.092500
0 0.848125 0.427500 0.067500 0.096667
0 0.680625 0.935417 0.070000 0.089167
1 0.725938 0.753750 0.074375 0.097500
0 0.131250 0.350833 0.057500 0.083333
0 0.921250 0.530833 0.068750 0.090000
0 0.463125 0.730417 0.061250 0.080833
0 0.135313 0.623750 0.063125 0.080833
0 0.702812 0.669167 0.066875 0.086667
0 0.230313 0.110417 0.064375 0.084167
0 0.286562 0.142083 0.063125 0.087500
0 0.846250 0.827917 0.062500 0.100833
0 0.243438 0.547917 0.064375 0.084167
0 0.693125 0.855000 0.066250 0.065000
0 0.934063 0.366250 0.054375 0.077500
0 0.369688 0.047917 0.060625 0.085833
0 0.433750 0.098750 0.065000 0.079167
0 0.703750 0.266667 0.070000 0.085000
0 0.746563 0.353333 0.065625 0.083333
0 0.320625 0.359167 0.065000 0.071667
0 0.067187 0.380417 0.065625 0.097500
4 0.499063 0.308750 0.083125 0.100833
0 0.526250 0.744583 0.073750 0.094167
0 0.920625 0.236667 0.061250 0.071667
0 0.482187 0.379167 0.059375 0.070000
0 0.683125 0.509583 0.057500 0.070833
0 0.922813 0.932917 0.065625 0.080833
0 0.354375 0.246667 0.062500 0.085000
0 0.214062 0.849583 0.058125 0.070833
0 0.770938 0.724167 0.061875 0.078333
0 0.425000 0.288333 0.052500 0.073333
0 0.621875 0.676667 0.057500 0.083333
0 0.391875 0.953333 0.068750 0.078333
0 0.363750 0.143750 0.065000 0.079167
0 0.230000 0.912083 0.061250 0.079167
0 0.903125 0.450000 0.065000 0.078333
0 0.621250 0.537500 0.055000 0.078333
0 0.505938 0.810000 0.055625 0.075000
0 0.486875 0.669583 0.072500 0.075833
0 0.735000 0.090000 0.060000 0.088333
0 0.451250 0.475417 0.063750 0.072500
0 0.311250 0.090417 0.057500 0.074167
0 0.405938 0.206667 0.054375 0.071667
0 0.950313 0.165417 0.059375 0.084167
0 0.814688 0.685417 0.051875 0.070833
0 0.859375 0.732917 0.055000 0.069167
0 0.465000 0.573333 0.057500 0.075000
0 0.640312 0.235417 0.055625 0.072500
0 0.170313 0.127917 0.049375 0.080833
0 0.904375 0.705833 0.053750 0.070000
0 0.046250 0.493333 0.062500 0.101667
0 0.322500 0.599167 0.067500 0.068333
0 0.418125 0.905417 0.071250 0.070833
0 0.410625 0.837500 0.057500 0.073333
0 0.967500 0.187917 0.058750 0.070833
0 0.917500 0.097083 0.057500 0.077500
3 0.056563 0.636250 0.096875 0.135833
0 0.051250 0.045833 0.072500 0.088333
0 0.101875 0.103750 0.070000 0.079167
0 0.698438 0.040000 0.061875 0.078333
0 0.095312 0.500000 0.066875 0.083333
0 0.125625 0.475000 0.052500 0.065000
0 0.295000 0.554583 0.052500 0.074167
0 0.120938 0.791250 0.059375 0.094167
0 0.089063 0.867083 0.063125 0.082500
0 0.128438 0.852083 0.065625 0.094167
0 0.162812 0.892500 0.075625 0.090000
0 0.191562 0.933750 0.049375 0.082500
