0 0.504687 0.366667 0.065625 0.093333
0 0.510000 0.582083 0.055000 0.077500
0 0.083437 0.912917 0.071875 0.090833
0 0.114375 0.331667 0.067500 0.081667
0 0.494375 0.205417 0.057500 0.085833
0 0.226250 0.438750 0.067500 0.079167
0 0.459062 0.615833 0.055625 0.085000
0 0.736250 0.866667 0.057500 0.076667
0 0.824375 0.056250 0.061250 0.085833
0 0.725000 0.323750 0.070000 0.089167
0 0.140313 0.750000 0.058125 0.076667
0 0.081875 0.717083 0.056250 0.092500
0 0.326562 0.221250 0.064375 0.087500
0 0.668438 0.056667 0.060625 0.085000
0 0.826562 0.805833 0.055625 0.078333
6 0.103438 0.139583 0.105625 0.089167
0 0.608750 0.654583 0.067500 0.095833
0 0.830000 0.271250 0.075000 0.085833
0 0.852812 0.385000 0.066875 0.093333
0 0.219062 0.700000 0.061875 0.076667
0 0.486563 0.810833 0.060625 0.095000
0 0.580625 0.862917 0.072500 0.095833
0 0.316563 0.045417 0.075625 0.080833
0 0.293125 0.139583 0.067500 0.087500
0 0.138750 0.665000 0.073750 0.095000
0 0.364063 0.425000 0.065625 0.088333
0 0.401562 0.368750 0.068125 0.092500
0 0.207500 0.606667 0.067500 0.080000
0 0.486875 0.904167 0.071250 0.078333
0 0.733750 0.640417 0.065000 0.095833
0 0.788750 0.757083 0.066250 0.089167
0 0.583438 0.366250 0.074375 0.079167
0 0.596875 0.162500 0.056250 0.086667
0 0.643125 0.487917 0.075000 0.084167
0 0.706562 0.764583 0.070625 0.084167
0 0.841562 0.193333 0.061875 0.091667
0 0.969688 0.600833 0.059375 0.085000
0 0.668125 0.796667 0.065000 0.068333
0 0.686250 0.700833 0.063750 0.076667
0 0.892813 0.640417 0.063125 0.080833
0 0.206563 0.362917 0.056875 0.079167
0 0.246562 0.314167 0.064375 0.095000
0 0.803125 0.347500 0.057500 0.080000
0 0.133125 0.250000 0.067500 0.086667
0 0.624375 0.207083 0.063750 0.102500
0 0.639687 0.315417 0.074375 0.067500
3 0.110312 0.828750 0.089375 0.087500
0 0.680625 0.632500 0.053750 0.073333
0 0.885625 0.721667 0.058750 0.075000
6 0.327188 0.468333 0.095625 0.116667
0 0.071563 0.242917 0.053125 0.075833
0 0.872188 0.641667 0.075625 0.096667
