0 0.545937 0.907083 0.073125 0.092500
0 0.655625 0.485833 0.063750 0.101667
0 0.084687 0.267083 0.075625 0.085833
0 0.557500 0.503333 0.070000 0.098333
0 0.482500 0.317917 0.072500 0.097500
0 0.135313 0.851667 0.075625 0.085000
0 0.931875 0.318333 0.076250 0.093333
0 0.376250 0.273333 0.068750 0.096667
0 0.686562 0.375833 0.066875 0.096667
0 0.814063 0.858750 0.063125 0.099167
0 0.844375 0.936667 0.063750 0.096667
0 0.654375 0.743750 0.067500 0.104167
0 0.569375 0.765417 0.081250 0.089167
0 0.596875 0.407917 0.072500 0.092500
0 0.408750 0.835833 0.075000 0.081667
0 0.097187 0.180833 0.076875 0.090000
0 0.665937 0.935000 0.074375 0.101667
0 0.591875 0.579583 0.080000 0.092500
0 0.785937 0.761250 0.079375 0.099167
0 0.456875 0.946667 0.058750 0.088333
0 0.255312 0.298333 0.074375 0.100000
0 0.220312 0.445417 0.075625 0.092500
0 0.147500 0.113333 0.083750 0.088333
0 0.338125 0.858750 0.073750 0.099167
0 0.415312 0.441250 0.079375 0.105833
0 0.412500 0.578333 0.072500 0.093333
0 0.116562 0.385833 0.064375 0.090000
0 0.758437 0.287917 0.089375 0.087500
0 0.370625 0.412917 0.073750 0.099167
0 0.266250 0.534167 0.077500 0.111667
0 0.783438 0.543750 0.079375 0.094167
0 0.584688 0.673750 0.075625 0.097500
0 0.060000 0.503750 0.068750 0.099167
4 0.193438 0.662083 0.098125 0.109167
