0 0.085312 0.288750 0.066875 0.097500
0 0.400625 0.610833 0.061250 0.086667
0 0.744375 0.647500 0.062500 0.086667
0 0.798750 0.623333 0.061250 0.091667
0 0.858750 0.596667 0.058750 0.080000
0 0.890938 0.183333 0.068125 0.095000
0 0.770312 0.916250 0.064375 0.094167
0 0.277813 0.648750 0.063125 0.080833
0 0.350938 0.214167 0.056875 0.078333
0 0.434063 0.522083 0.063125 0.095833
0 0.089063 0.839167 0.064375 0.088333
0 0.702812 0.723333 0.070625 0.093333
0 0.806250 0.804583 0.063750 0.089167
0 0.644687 0.130417 0.065625 0.087500
0 0.448750 0.665417 0.065000 0.077500
0 0.328750 0.862500 0.063750 0.085000
0 0.225938 0.044167 0.073125 0.088333
0 0.411562 0.261250 0.056875 0.084167
0 0.658125 0.784167 0.065000 0.078333
0 0.302812 0.132917 0.065625 0.097500
0 0.820625 0.170417 0.061250 0.084167
0 0.250312 0.349583 0.071875 0.087500
0 0.950313 0.717083 0.063125 0.099167
0 0.274687 0.153333 0.049375 0.103333
0 0.094687 0.600000 0.066875 0.093333
0 0.188125 0.136667 0.070000 0.096667
0 0.230625 0.468333 0.061250 0.083333
0 0.335000 0.315417 0.081250 0.087500
0 0.124688 0.213750 0.076875 0.084167
0 0.670312 0.447917 0.063125 0.085833
0 0.930312 0.552500 0.061875 0.080000
0 0.161250 0.858750 0.051250 0.105833
0 0.543438 0.115000 0.053125 0.088333
0 0.584688 0.879167 0.070625 0.070000
0 0.188438 0.260000 0.059375 0.076667
0 0.410938 0.885833 0.065625 0.095000
0 0.511875 0.360000 0.061250 0.081667
0 0.750938 0.162917 0.058125 0.074167
0 0.845625 0.959167 0.068750 0.080000
0 0.366250 0.690833 0.060000 0.070000
0 0.919063 0.816250 0.073125 0.074167
0 0.870000 0.688750 0.065000 0.074167
0 0.093125 0.657083 0.062500 0.097500
0 0.495625 0.886667 0.076250 0.075000
0 0.091563 0.135000 0.061875 0.071667
0 0.102188 0.453333 0.073125 0.080000
0 0.529375 0.549583 0.072500 0.094167
0 0.394688 0.840000 0.063125 0.073333
0 0.345625 0.929583 0.055000 0.109167
0 0.551875 0.488333 0.077500 0.090000
0 0.938750 0.660833 0.051250 0.093333
0 0.573125 0.197083 0.070000 0.085833
0 0.530312 0.445000 0.078125 0.078333
0 0.631250 0.720000 0.060000 0.065000
0 0.037812 0.783333 0.061875 0.093333
0 0.147813 0.357917 0.060625 0.079167
0 0.701250 0.892917 0.046250 0.097500
0 0.321562 0.398750 0.065625 0.070833
0 0.925625 0.500417 0.063750 0.087500
0 0.730313 0.791667 0.061875 0.085000
0 0.914375 0.897500 0.053750 0.085000
0 0.746250 0.567500 0.058750 0.073333
1 0.866563 0.329167 0.084375 0.123333
0 0.165000 0.600000 0.063750 0.070000
1 0.327188 0.767917 0.076875 0.110833
0 0.721250 0.398750 0.057500 0.074167
0 0.621563 0.272083 0.074375 0.072500
0 0.610625 0.633333 0.067500 0.106667
0 0.750313 0.497083 0.061875 0.087500
0 0.297187 0.732500 0.065625 0.066667
0 0.594063 0.914167 0.054375 0.076667
0 0.478438 0.842917 0.071875 0.070833
0 0.363750 0.786667 0.052500 0.076667
0 0.161562 0.249583 0.063125 0.075833
0 0.325625 0.356250 0.057500 0.080833
0 0.637188 0.292500 0.054375 0.078333
0 0.877188 0.731250 0.060625 0.090833
0 0.917500 0.860000 0.070000 0.070000
