0 0.501875 0.198333 0.057500 0.081667
0 0.142813 0.572917 0.059375 0.075833
0 0.451875 0.270417 0.056250 0.079167
0 0.669687 0.186250 0.061875 0.090833
0 0.040625 0.844583 0.058750 0.080833
0 0.220938 0.359167 0.065625 0.088333
0 0.406250 0.855833 0.073750 0.090000
0 0.153125 0.658333 0.080000 0.100000
0 0.813750 0.469167 0.062500 0.085000
0 0.564375 0.901250 0.062500 0.090833
0 0.063125 0.271250 0.075000 0.089167
0 0.324062 0.505000 0.061875 0.085000
0 0.863437 0.736250 0.073125 0.100833
0 0.387188 0.291250 0.063125 0.082500
0 0.831562 0.176667 0.066875 0.088333
1 0.787188 0.715417 0.086875 0.099167
0 0.856875 0.366667 0.061250 0.081667
0 0.358125 0.604167 0.066250 0.093333
0 0.600313 0.371250 0.060625 0.074167
0 0.065312 0.466250 0.073125 0.079167
1 0.159688 0.756667 0.080625 0.096667
0 0.697812 0.539167 0.069375 0.090000
0 0.859062 0.547500 0.065625 0.071667
0 0.205000 0.244167 0.065000 0.093333
0 0.437188 0.457083 0.074375 0.072500
0 0.654062 0.765000 0.078125 0.085000
0 0.165000 0.492917 0.076250 0.095833
0 0.092500 0.748750 0.063750 0.084167
0 0.856250 0.282917 0.086250 0.085833
0 0.739062 0.608333 0.080625 0.066667
0 0.905000 0.377500 0.047500 0.080000
0 0.054375 0.367083 0.062500 0.080833
0 0.147500 0.901250 0.056250 0.072500
0 0.447188 0.395000 0.061875 0.076667
6 0.251250 0.759167 0.096250 0.098333
0 0.497812 0.115833 0.065625 0.066667
0 0.646563 0.047500 0.065625 0.091667
0 0.082187 0.953750 0.058125 0.077500
0 0.185312 0.153333 0.051875 0.073333
0 0.594688 0.672083 0.048125 0.067500
0 0.126562 0.055833 0.068125 0.070000
0 0.319688 0.724583 0.060625 0.072500
0 0.444375 0.220417 0.050000 0.082500
0 0.157188 0.837083 0.080625 0.069167
0 0.433437 0.333333 0.051875 0.068333
