0 0.230625 0.215833 0.057500 0.075000
0 0.061250 0.800833 0.066250 0.083333
0 0.141250 0.223333 0.060000 0.083333
0 0.455937 0.270000 0.070625 0.095000
0 0.447500 0.750417 0.071250 0.105833
0 0.647500 0.592500 0.066250 0.085000
0 0.382812 0.430417 0.070625 0.095833
0 0.586875 0.371667 0.075000 0.076667
0 0.912500 0.940000 0.062500 0.090000
0 0.685625 0.880833 0.062500 0.081667
0 0.563125 0.094583 0.063750 0.090833
0 0.629687 0.748750 0.070625 0.104167
0 0.531875 0.488333 0.063750 0.085000
0 0.287500 0.287500 0.066250 0.090000
0 0.536563 0.570833 0.076875 0.086667
0 0.495937 0.134583 0.070625 0.090833
0 0.836250 0.768750 0.068750 0.090833
0 0.100000 0.355000 0.066250 0.085000
0 0.793125 0.095833 0.076250 0.101667
0 0.781250 0.534583 0.076250 0.085833
0 0.230000 0.860000 0.072500 0.086667
0 0.259375 0.772500 0.067500 0.100000
0 0.685312 0.420000 0.070625 0.086667
0 0.681562 0.252500 0.066875 0.083333
0 0.900625 0.342083 0.073750 0.090833
0 0.571562 0.451250 0.065625 0.092500
0 0.380625 0.803333 0.066250 0.093333
0 0.873437 0.132083 0.069375 0.097500
0 0.777500 0.809167 0.073750 0.091667
0 0.432812 0.625833 0.066875 0.093333
0 0.047188 0.488750 0.074375 0.080833
0 0.259375 0.373750 0.056250 0.072500
0 0.445000 0.076250 0.060000 0.092500
0 0.042188 0.306667 0.068125 0.095000
0 0.166563 0.468750 0.066875 0.087500
0 0.052187 0.415833 0.065625 0.075000
0 0.204063 0.405000 0.073125 0.093333
0 0.646250 0.486667 0.057500 0.076667
3 0.837812 0.911250 0.100625 0.095833
0 0.580937 0.883333 0.054375 0.086667
0 0.359063 0.642083 0.056875 0.079167
0 0.918438 0.413750 0.068125 0.095833
0 0.452500 0.178333 0.067500 0.073333
0 0.144063 0.658750 0.058125 0.099167
0 0.644687 0.050833 0.063125 0.081667
0 0.744375 0.506667 0.066250 0.083333
6 0.918750 0.722083 0.101250 0.105833
0 0.123750 0.529167 0.065000 0.075000
1 0.124063 0.079167 0.078125 0.140000
0 0.095312 0.922917 0.079375 0.079167
0 0.183750 0.772917 0.056250 0.074167
0 0.315312 0.748750 0.060625 0.075833
0 0.713125 0.468750 0.066250 0.084167
0 0.234063 0.449167 0.066875 0.081667
