0 0.384375 0.593750 0.063750 0.082500
0 0.231250 0.282500 0.060000 0.080000
0 0.687500 0.415000 0.058750 0.076667
0 0.563750 0.485417 0.056250 0.080833
0 0.895000 0.145833 0.065000 0.078333
0 0.344375 0.717917 0.073750 0.094167
0 0.791875 0.374167 0.062500 0.080000
0 0.365625 0.156250 0.073750 0.095833
0 0.766563 0.709167 0.074375 0.091667
4 0.759062 0.175417 0.070625 0.100833
4 0.193125 0.384167 0.067500 0.111667
0 0.711875 0.095833 0.072500 0.073333
0 0.351875 0.255000 0.062500 0.088333
0 0.076563 0.431667 0.063125 0.081667
0 0.514687 0.365833 0.076875 0.103333
0 0.909375 0.061667 0.066250 0.083333
0 0.157188 0.910000 0.060625 0.076667
0 0.641563 0.750000 0.068125 0.086667
0 0.272188 0.632083 0.060625 0.084167
0 0.573750 0.684167 0.068750 0.076667
0 0.457188 0.501667 0.073125 0.095000
0 0.489063 0.290000 0.060625 0.088333
0 0.709375 0.285833 0.071250 0.088333
0 0.253437 0.453333 0.064375 0.083333
0 0.391250 0.905833 0.061250 0.091667
0 0.582187 0.375833 0.063125 0.086667
0 0.824063 0.154583 0.059375 0.080833
0 0.464375 0.863750 0.068750 0.082500
0 0.545000 0.821667 0.068750 0.085000
0 0.940312 0.461667 0.063125 0.076667
0 0.855313 0.707083 0.064375 0.090833
0 0.402187 0.434167 0.068125 0.096667
0 0.634375 0.906250 0.072500 0.089167
0 0.256563 0.821250 0.069375 0.084167
0 0.778750 0.797083 0.077500 0.087500
0 0.280625 0.525833 0.072500 0.076667
0 0.866875 0.819583 0.061250 0.087500
5 0.811250 0.512917 0.080000 0.109167
0 0.078125 0.900417 0.068750 0.085833
0 0.202813 0.195000 0.065625 0.083333
0 0.587812 0.578750 0.065625 0.082500
0 0.840000 0.381250 0.075000 0.089167
0 0.234687 0.674583 0.060625 0.079167
0 0.045625 0.301667 0.062500 0.095000
0 0.913125 0.622083 0.060000 0.092500
0 0.652813 0.593750 0.054375 0.087500
0 0.651563 0.259167 0.065625 0.095000
0 0.684688 0.586250 0.060625 0.092500
0 0.178750 0.632083 0.055000 0.075833
0 0.248125 0.750000 0.072500 0.086667
0 0.856250 0.613750 0.055000 0.075833
0 0.668750 0.342083 0.073750 0.084167
0 0.961250 0.371667 0.062500 0.090000
0 0.080625 0.077083 0.063750 0.084167
0 0.453125 0.148333 0.055000 0.083333
0 0.600625 0.650417 0.058750 0.077500
0 0.054375 0.190000 0.062500 0.085000
0 0.281250 0.100417 0.070000 0.072500
0 0.069062 0.247917 0.070625 0.084167
0 0.612500 0.313333 0.063750 0.086667
0 0.505313 0.467500 0.051875 0.103333
0 0.277813 0.150000 0.059375 0.081667
0 0.050000 0.061250 0.063750 0.080833
0 0.036250 0.087500 0.063750 0.100000
0 0.764375 0.527083 0.052500 0.132500
0 0.967187 0.245833 0.065625 0.088333
0 0.915937 0.291667 0.069375 0.081667
0 0.958438 0.299583 0.069375 0.062500
0 0.916250 0.352083 0.065000 0.080833
