0 0.624062 0.075833 0.071875 0.100000
0 0.752500 0.932083 0.067500 0.092500
0 0.806250 0.086250 0.070000 0.092500
0 0.188438 0.711250 0.071875 0.095833
0 0.701875 0.075000 0.066250 0.103333
0 0.175000 0.246250 0.066250 0.094167
0 0.901563 0.715000 0.066875 0.098333
0 0.782813 0.809583 0.063125 0.082500
0 0.444063 0.880833 0.070625 0.091667
0 0.245625 0.652083 0.066250 0.102500
0 0.329688 0.260833 0.066875 0.091667
0 0.384375 0.812083 0.063750 0.095833
0 0.528125 0.479167 0.068750 0.095000
0 0.885000 0.899583 0.062500 0.085833
0 0.200000 0.328750 0.062500 0.085833
0 0.352187 0.367083 0.063125 0.089167
0 0.422812 0.373750 0.065625 0.087500
0 0.055938 0.065000 0.060625 0.090000
0 0.176250 0.934167 0.060000 0.083333
0 0.706562 0.546250 0.068125 0.087500
0 0.303438 0.132917 0.070625 0.092500
0 0.346562 0.528333 0.061875 0.081667
0 0.236250 0.064583 0.063750 0.087500
0 0.404687 0.585833 0.065625 0.100000
0 0.306875 0.607500 0.063750 0.093333
0 0.944375 0.277083 0.067500 0.087500
0 0.808750 0.383750 0.068750 0.102500
0 0.372188 0.667917 0.070625 0.084167
0 0.564063 0.230833 0.066875 0.081667
0 0.058750 0.442917 0.070000 0.097500
0 0.064687 0.325417 0.075625 0.097500
0 0.149062 0.118333 0.064375 0.081667
0 0.074063 0.150833 0.070625 0.085000
0 0.443437 0.763750 0.051875 0.075833
0 0.348125 0.935833 0.067500 0.093333
0 0.117500 0.540833 0.070000 0.091667
0 0.416250 0.250833 0.062500 0.086667
0 0.525937 0.063750 0.069375 0.095833
0 0.147500 0.802917 0.058750 0.084167
0 0.137500 0.637917 0.077500 0.082500
0 0.884687 0.343750 0.064375 0.099167
0 0.905625 0.216250 0.067500 0.074167
0 0.230937 0.869167 0.069375 0.088333
0 0.630938 0.743333 0.078125 0.085000
0 0.963125 0.632500 0.067500 0.091667
0 0.102500 0.231667 0.067500 0.091667
0 0.936250 0.119583 0.071250 0.084167
0 0.491563 0.241250 0.060625 0.084167
0 0.387188 0.452500 0.066875 0.086667
0 0.731875 0.309583 0.063750 0.092500
0 0.733125 0.752917 0.063750 0.094167
0 0.558125 0.144583 0.075000 0.085833
0 0.728125 0.398333 0.073750 0.075000
0 0.799063 0.216250 0.061875 0.077500
0 0.450000 0.468333 0.072500 0.100000
0 0.741563 0.182083 0.068125 0.105833
0 0.281562 0.792083 0.065625 0.107500
0 0.649687 0.164167 0.074375 0.081667
0 0.229063 0.511667 0.069375 0.093333
0 0.151250 0.403750 0.068750 0.090833
0 0.309375 0.854583 0.070000 0.095833
0 0.274375 0.383750 0.081250 0.092500
0 0.925000 0.511250 0.053750 0.085833
0 0.304375 0.464167 0.072500 0.098333
0 0.800625 0.299583 0.071250 0.079167
0 0.489375 0.366250 0.060000 0.097500
0 0.820937 0.582500 0.063125 0.093333
0 0.746250 0.607083 0.056250 0.099167
0 0.649062 0.362083 0.054375 0.094167
0 0.880313 0.124583 0.068125 0.082500
0 0.588750 0.437083 0.067500 0.082500
0 0.823125 0.952500 0.066250 0.081667
0 0.035312 0.540417 0.068125 0.082500
0 0.474062 0.547917 0.074375 0.082500
0 0.541562 0.371250 0.053125 0.090833
0 0.035000 0.916667 0.068750 0.098333
0 0.503125 0.678750 0.087500 0.107500
0 0.600938 0.295833 0.069375 0.073333
0 0.473750 0.612083 0.077500 0.074167
1 0.592187 0.363750 0.061875 0.089167
