0 0.888437 0.321667 0.063125 0.083333
0 0.493750 0.522917 0.068750 0.099167
0 0.225000 0.824167 0.070000 0.085000
0 0.833438 0.604583 0.068125 0.077500
0 0.887500 0.137083 0.058750 0.075833
0 0.563438 0.656250 0.066875 0.080833
0 0.834375 0.763750 0.062500 0.089167
0 0.852500 0.680417 0.058750 0.077500
0 0.273125 0.885833 0.063750 0.085000
0 0.573750 0.402500 0.068750 0.073333
0 0.772813 0.800417 0.068125 0.102500
0 0.768750 0.065833 0.066250 0.088333
0 0.495937 0.697500 0.064375 0.096667
0 0.356875 0.866667 0.063750 0.088333
0 0.590625 0.062500 0.068750 0.095000
0 0.416250 0.757083 0.063750 0.085833
0 0.331250 0.777917 0.060000 0.082500
0 0.690625 0.320417 0.052500 0.085833
0 0.128125 0.107083 0.062500 0.077500
0 0.437500 0.129583 0.060000 0.082500
0 0.210938 0.225000 0.059375 0.090000
0 0.600938 0.734583 0.060625 0.082500
0 0.379688 0.170000 0.069375 0.088333
0 0.671875 0.470833 0.057500 0.086667
0 0.930625 0.800000 0.075000 0.091667
0 0.108438 0.801250 0.055625 0.082500
0 0.422500 0.851667 0.061250 0.093333
0 0.180000 0.553333 0.068750 0.081667
0 0.492812 0.426667 0.060625 0.081667
0 0.535937 0.130000 0.058125 0.085000
0 0.560625 0.215833 0.070000 0.073333
0 0.571562 0.482500 0.059375 0.080000
0 0.097812 0.593333 0.059375 0.083333
0 0.686875 0.193750 0.060000 0.087500
0 0.711562 0.414167 0.061875 0.083333
0 0.864375 0.530417 0.065000 0.094167
0 0.097187 0.337500 0.063125 0.096667
0 0.657813 0.106250 0.058125 0.082500
0 0.063750 0.126667 0.062500 0.088333
0 0.633125 0.321667 0.057500 0.098333
0 0.077813 0.228750 0.055625 0.084167
0 0.099375 0.900000 0.062500 0.085000
0 0.425938 0.552083 0.060625 0.082500
0 0.168437 0.780417 0.050625 0.109167
0 0.792813 0.194583 0.063125 0.079167
0 0.559688 0.936250 0.055625 0.085833
0 0.128125 0.184583 0.060000 0.077500
0 0.161250 0.464167 0.072500 0.091667
0 0.741875 0.658333 0.063750 0.086667
0 0.832187 0.399167 0.056875 0.090000
0 0.250312 0.306667 0.055625 0.081667
0 0.251875 0.553750 0.056250 0.075833
0 0.289062 0.155417 0.059375 0.087500
0 0.280625 0.620833 0.058750 0.080000
0 0.682500 0.578333 0.063750 0.093333
0 0.057188 0.648333 0.058125 0.088333
0 0.268125 0.712083 0.067500 0.092500
0 0.258750 0.415417 0.063750 0.092500
0 0.906875 0.906667 0.048750 0.086667
0 0.099375 0.402917 0.061250 0.099167
0 0.914375 0.223333 0.068750 0.100000
0 0.165937 0.347500 0.059375 0.083333
0 0.755625 0.296667 0.068750 0.100000
0 0.610625 0.547500 0.058750 0.085000
0 0.695937 0.079167 0.065625 0.086667
0 0.608750 0.834583 0.071250 0.087500
0 0.311875 0.267500 0.061250 0.091667
0 0.904375 0.748750 0.070000 0.107500
0 0.230937 0.736667 0.064375 0.091667
0 0.929688 0.495417 0.070625 0.090833
0 0.456562 0.047500 0.065625 0.080000
0 0.811562 0.960833 0.071875 0.076667
0 0.780937 0.348333 0.068125 0.076667
0 0.356250 0.265417 0.061250 0.087500
0 0.894062 0.414583 0.064375 0.092500
0 0.822500 0.116667 0.062500 0.076667
0 0.030937 0.310000 0.051875 0.106667
0 0.960938 0.653750 0.071875 0.064167
0 0.935312 0.037083 0.071875 0.074167
0 0.936562 0.405000 0.058125 0.085000
0 0.346875 0.500833 0.057500 0.080000
0 0.132500 0.694167 0.050000 0.091667
0 0.190625 0.375417 0.066250 0.075833
0 0.254375 0.471667 0.077500 0.078333
0 0.728125 0.952500 0.070000 0.093333
0 0.968437 0.902500 0.061875 0.095000
0 0.957500 0.545417 0.083750 0.097500
1 0.564063 0.308333 0.081875 0.116667
