0 0.701250 0.645833 0.061250 0.088333
0 0.166875 0.565000 0.071250 0.090000
0 0.885938 0.534167 0.069375 0.081667
0 0.890000 0.880000 0.060000 0.091667
0 0.281250 0.465000 0.062500 0.086667
0 0.310000 0.392917 0.062500 0.089167
0 0.120625 0.057083 0.057500 0.080833
0 0.463750 0.255417 0.063750 0.075833
0 0.376875 0.256250 0.062500 0.080833
0 0.857812 0.073333 0.070625 0.095000
0 0.508125 0.333333 0.076250 0.083333
0 0.465938 0.658333 0.063125 0.085000
0 0.053437 0.102500 0.065625 0.088333
0 0.062812 0.408333 0.068125 0.083333
0 0.719688 0.180417 0.075625 0.094167
0 0.065937 0.185833 0.065625 0.081667
0 0.765312 0.805000 0.073125 0.085000
0 0.593125 0.483750 0.067500 0.080833
0 0.667500 0.856250 0.066250 0.092500
0 0.253750 0.356250 0.062500 0.085833
0 0.652813 0.377083 0.075625 0.094167
3 0.226562 0.122917 0.081875 0.102500
0 0.403438 0.614583 0.068125 0.090833
0 0.437500 0.874167 0.076250 0.086667
0 0.499688 0.047500 0.056875 0.080000
0 0.587500 0.908750 0.065000 0.072500
0 0.647188 0.694583 0.066875 0.100833
0 0.386562 0.814167 0.075625 0.098333
0 0.439688 0.047917 0.060625 0.082500
0 0.455313 0.124583 0.069375 0.082500
0 0.418750 0.179167 0.070000 0.075000
0 0.657500 0.174167 0.062500 0.090000
0 0.338125 0.607917 0.067500 0.079167
0 0.533438 0.672083 0.059375 0.085833
0 0.840625 0.749167 0.068750 0.096667
4 0.664062 0.505417 0.081875 0.115833
0 0.592500 0.411250 0.062500 0.079167
0 0.755625 0.289583 0.063750 0.085833
0 0.922813 0.139167 0.066875 0.078333
0 0.910000 0.712500 0.068750 0.083333
0 0.742500 0.115000 0.058750 0.086667
0 0.935000 0.065833 0.066250 0.078333
0 0.062500 0.625417 0.070000 0.084167
0 0.576875 0.646667 0.070000 0.090000
0 0.117500 0.842917 0.086250 0.079167
0 0.593750 0.717917 0.065000 0.080833
0 0.795312 0.956667 0.058125 0.073333
0 0.697500 0.267500 0.066250 0.088333
0 0.670312 0.280000 0.073125 0.076667
0 0.850313 0.947083 0.063125 0.069167
0 0.038125 0.660833 0.075000 0.073333
