0 0.852187 0.868750 0.066875 0.082500
0 0.533750 0.303750 0.065000 0.084167
0 0.692813 0.924167 0.069375 0.093333
0 0.100625 0.695833 0.062500 0.086667
0 0.782813 0.083750 0.064375 0.092500
0 0.326562 0.898333 0.058125 0.088333
0 0.633125 0.779167 0.070000 0.105000
0 0.700937 0.589583 0.078125 0.107500
0 0.923125 0.353333 0.066250 0.088333
0 0.341562 0.086667 0.063125 0.096667
0 0.476250 0.856250 0.068750 0.092500
0 0.564375 0.842917 0.070000 0.094167
0 0.417812 0.637500 0.076875 0.103333
0 0.704688 0.063750 0.069375 0.089167
0 0.934688 0.641667 0.081875 0.105000
0 0.741875 0.817500 0.063750 0.086667
0 0.572812 0.167083 0.064375 0.089167
0 0.604375 0.936667 0.076250 0.081667
0 0.148125 0.070417 0.065000 0.100833
0 0.689688 0.455417 0.071875 0.100833
0 0.220000 0.139167 0.073750 0.100000
0 0.415625 0.922083 0.066250 0.090833
0 0.301875 0.173750 0.072500 0.097500
0 0.067500 0.864167 0.055000 0.078333
0 0.716875 0.248750 0.063750 0.104167
0 0.306563 0.641667 0.086875 0.088333
0 0.188438 0.639583 0.075625 0.094167
0 0.078125 0.125417 0.065000 0.107500
0 0.237813 0.303750 0.063125 0.087500
0 0.161875 0.296667 0.073750 0.118333
0 0.903125 0.108750 0.066250 0.075833
0 0.200937 0.058333 0.058125 0.083333
0 0.496563 0.941667 0.065625 0.098333
0 0.272813 0.055417 0.068125 0.100833
0 0.543750 0.047083 0.070000 0.092500
0 0.640312 0.231250 0.070625 0.110833
0 0.254688 0.464583 0.079375 0.105833
0 0.943750 0.257917 0.058750 0.074167
0 0.441875 0.082083 0.063750 0.100833
0 0.440312 0.156667 0.075625 0.086667
0 0.775937 0.321250 0.069375 0.094167
0 0.950625 0.490833 0.070000 0.095000
0 0.314375 0.728333 0.056250 0.063333
0 0.253750 0.526667 0.081250 0.106667
0 0.625938 0.392500 0.074375 0.098333
0 0.901875 0.036250 0.081250 0.067500
0 0.967812 0.088333 0.063125 0.070000
2 0.537188 0.581667 0.094375 0.120000
0 0.660625 0.159167 0.072500 0.100000
