0 0.329375 0.821667 0.077500 0.096667
0 0.653750 0.552083 0.075000 0.092500
0 0.936250 0.822917 0.068750 0.094167
0 0.271250 0.787917 0.073750 0.092500
0 0.298438 0.062083 0.075625 0.095833
0 0.765000 0.070000 0.070000 0.093333
0 0.741563 0.404167 0.068125 0.093333
0 0.232813 0.287917 0.065625 0.102500
0 0.786250 0.603750 0.070000 0.090833
0 0.061875 0.859167 0.077500 0.098333
0 0.408125 0.120833 0.073750 0.088333
0 0.230000 0.748333 0.086250 0.101667
0 0.775625 0.721667 0.068750 0.098333
0 0.643125 0.946250 0.076250 0.102500
0 0.115625 0.467500 0.072500 0.101667
0 0.918438 0.722083 0.078125 0.097500
0 0.861250 0.556667 0.071250 0.093333
0 0.424063 0.627083 0.081875 0.089167
0 0.182500 0.163333 0.068750 0.091667
0 0.950000 0.607500 0.075000 0.106667
0 0.569375 0.937083 0.086250 0.109167
0 0.160938 0.671250 0.083125 0.102500
0 0.641563 0.739167 0.080625 0.113333
0 0.624062 0.436667 0.076875 0.100000
0 0.330625 0.617500 0.091250 0.095000
0 0.037500 0.571250 0.066250 0.089167
0 0.512500 0.263333 0.066250 0.090000
0 0.296875 0.384583 0.068750 0.090833
0 0.674375 0.317083 0.077500 0.102500
0 0.156875 0.260417 0.077500 0.080833
0 0.834688 0.186667 0.066875 0.098333
0 0.858125 0.454583 0.072500 0.102500
0 0.250312 0.184167 0.073125 0.098333
0 0.298438 0.254167 0.069375 0.098333
0 0.838750 0.344583 0.071250 0.097500
0 0.222500 0.655000 0.070000 0.100000
0 0.102813 0.826667 0.071875 0.100000
0 0.691562 0.723750 0.064375 0.107500
0 0.915937 0.542917 0.071875 0.102500
0 0.570937 0.709167 0.066875 0.090000
0 0.433437 0.532083 0.079375 0.095833
0 0.535000 0.796667 0.072500 0.085000
0 0.954375 0.396250 0.076250 0.095833
0 0.376250 0.747917 0.071250 0.090833
0 0.751563 0.502083 0.069375 0.104167
0 0.804375 0.370000 0.072500 0.103333
0 0.483750 0.102083 0.067500 0.117500
0 0.221250 0.091667 0.073750 0.098333
0 0.571250 0.510000 0.075000 0.085000
0 0.716875 0.802500 0.073750 0.098333
0 0.068125 0.201250 0.085000 0.099167
0 0.575625 0.659167 0.078750 0.080000
0 0.483750 0.939583 0.073750 0.109167
0 0.664687 0.104167 0.063125 0.098333
1 0.313437 0.157083 0.089375 0.110833
0 0.421563 0.902083 0.071875 0.095833
3 0.594063 0.345833 0.080625 0.133333
0 0.251875 0.463333 0.066250 0.111667
0 0.424375 0.939583 0.075000 0.084167
0 0.712500 0.867917 0.075000 0.097500
0 0.669687 0.462917 0.076875 0.085833
0 0.964375 0.271667 0.058750 0.110000
0 0.686250 0.102500 0.077500 0.086667
0 0.556875 0.490417 0.070000 0.092500
0 0.953750 0.359583 0.065000 0.099167
0 0.772500 0.504583 0.066250 0.099167
0 0.712500 0.903333 0.071250 0.090000
