0 0.324375 0.435417 0.070000 0.084167
0 0.721875 0.630000 0.071250 0.085000
0 0.625000 0.722083 0.061250 0.085833
0 0.054375 0.330417 0.077500 0.097500
0 0.634687 0.822917 0.061875 0.099167
0 0.802188 0.302500 0.076875 0.088333
0 0.787188 0.090833 0.065625 0.096667
0 0.465000 0.689583 0.077500 0.089167
0 0.755000 0.207500 0.067500 0.105000
0 0.689688 0.085833 0.070625 0.090000
0 0.858437 0.087083 0.064375 0.095833
0 0.502188 0.815000 0.064375 0.096667
0 0.076563 0.816667 0.058125 0.106667
0 0.703438 0.438333 0.080625 0.105000
0 0.161250 0.471250 0.081250 0.095833
0 0.371563 0.347917 0.069375 0.097500
0 0.508750 0.245833 0.072500 0.095000
0 0.195312 0.721250 0.076875 0.090833
0 0.477187 0.523750 0.081875 0.107500
0 0.577812 0.173750 0.078125 0.104167
0 0.197500 0.102083 0.065000 0.112500
0 0.216875 0.603750 0.062500 0.094167
0 0.240625 0.641250 0.087500 0.092500
2 0.904062 0.585417 0.100625 0.115833
3 0.431563 0.811250 0.079375 0.120833
3 0.093750 0.589583 0.087500 0.120833
