0 0.578750 0.740417 0.062500 0.087500
0 0.402187 0.468750 0.061875 0.082500
0 0.285313 0.804167 0.069375 0.095000
0 0.196563 0.283333 0.076875 0.095000
0 0.329062 0.442917 0.066875 0.102500
0 0.827500 0.525833 0.073750 0.088333
0 0.395625 0.745000 0.063750 0.081667
0 0.597187 0.417083 0.075625 0.102500
0 0.772813 0.687917 0.063125 0.085833
0 0.926250 0.482500 0.063750 0.083333
0 0.449062 0.186250 0.063125 0.085833
0 0.745313 0.232917 0.061875 0.082500
0 0.800000 0.327917 0.061250 0.054167
0 0.472187 0.896250 0.058125 0.074167
0 0.174063 0.828750 0.058125 0.079167
0 0.091563 0.638333 0.069375 0.108333
0 0.606250 0.242917 0.066250 0.104167
0 0.577812 0.055833 0.070625 0.093333
0 0.757812 0.514583 0.071875 0.094167
0 0.080625 0.183333 0.060000 0.095000
0 0.420938 0.575833 0.063125 0.078333
0 0.615938 0.546667 0.060625 0.076667
0 0.540312 0.361667 0.070625 0.075000
0 0.203437 0.537083 0.069375 0.084167
0 0.914687 0.096250 0.068125 0.105833
0 0.885000 0.247083 0.062500 0.074167
0 0.220625 0.165417 0.060000 0.090833
0 0.369375 0.198333 0.080000 0.090000
0 0.422812 0.817083 0.059375 0.075833
0 0.815000 0.756667 0.062500 0.081667
0 0.881250 0.170417 0.053750 0.090833
0 0.214375 0.655417 0.065000 0.092500
0 0.607812 0.137083 0.061875 0.085833
0 0.058438 0.315000 0.063125 0.083333
0 0.464687 0.457083 0.064375 0.094167
0 0.118438 0.048750 0.069375 0.095833
0 0.171875 0.124167 0.063750 0.098333
0 0.157188 0.700417 0.058125 0.087500
0 0.706562 0.391667 0.068125 0.083333
0 0.234063 0.612917 0.064375 0.082500
0 0.093438 0.818333 0.064375 0.085000
0 0.543750 0.142917 0.057500 0.097500
0 0.527500 0.910417 0.057500 0.075833
0 0.885938 0.400000 0.073125 0.096667
0 0.674375 0.702083 0.062500 0.077500
0 0.736250 0.146667 0.061250 0.091667
0 0.355312 0.603750 0.050625 0.067500
2 0.483750 0.095417 0.077500 0.095833
0 0.514375 0.845417 0.061250 0.094167
0 0.304375 0.934583 0.057500 0.075833
1 0.625938 0.924167 0.069375 0.121667
0 0.825313 0.203750 0.060625 0.075833
0 0.324688 0.134167 0.058125 0.090000
0 0.788750 0.052083 0.075000 0.095833
0 0.698750 0.282083 0.071250 0.084167
0 0.795312 0.137500 0.066875 0.081667
0 0.121563 0.881667 0.079375 0.071667
0 0.965625 0.139583 0.060000 0.082500
0 0.116562 0.321667 0.053125 0.090000
0 0.098437 0.397500 0.064375 0.070000
0 0.450937 0.058750 0.053125 0.077500
0 0.802188 0.385000 0.064375 0.068333
0 0.555937 0.636667 0.065625 0.080000
0 0.059375 0.733333 0.063750 0.091667
3 0.104688 0.945417 0.079375 0.109167
0 0.023750 0.635833 0.046250 0.065000
0 0.582812 0.918333 0.058125 0.076667
0 0.780312 0.861667 0.051875 0.096667
