0 0.468438 0.191250 0.078125 0.090833
0 0.750625 0.165417 0.068750 0.092500
0 0.240937 0.774167 0.059375 0.078333
0 0.591875 0.890000 0.056250 0.078333
0 0.281250 0.514167 0.066250 0.091667
0 0.536875 0.621250 0.072500 0.095833
0 0.423750 0.789583 0.072500 0.090833
0 0.646875 0.525417 0.065000 0.087500
0 0.357187 0.817917 0.071875 0.092500
0 0.488125 0.317500 0.066250 0.083333
0 0.270313 0.927500 0.075625 0.098333
0 0.457500 0.520417 0.061250 0.080833
0 0.880000 0.508333 0.060000 0.078333
0 0.948750 0.507917 0.066250 0.089167
0 0.589688 0.134167 0.053125 0.076667
0 0.176250 0.354167 0.061250 0.075000
0 0.147813 0.847500 0.064375 0.078333
0 0.612812 0.604167 0.074375 0.096667
0 0.850000 0.594167 0.066250 0.080000
0 0.887813 0.402500 0.059375 0.081667
0 0.470313 0.646667 0.060625 0.090000
1 0.348438 0.905833 0.083125 0.086667
0 0.891875 0.800000 0.058750 0.093333
0 0.734688 0.819583 0.065625 0.077500
0 0.686875 0.613750 0.070000 0.077500
0 0.385937 0.524583 0.069375 0.069167
0 0.410625 0.326250 0.052500 0.079167
0 0.640312 0.230833 0.073125 0.085000
0 0.502500 0.448333 0.068750 0.093333
0 0.704688 0.081250 0.075625 0.094167
0 0.740000 0.730833 0.065000 0.081667
0 0.325313 0.567500 0.064375 0.085000
0 0.282187 0.238750 0.071875 0.090833
0 0.877812 0.316667 0.068125 0.070000
0 0.680312 0.053333 0.064375 0.080000
0 0.109375 0.655417 0.050000 0.077500
0 0.305625 0.377083 0.073750 0.095833
0 0.064375 0.930833 0.063750 0.073333
0 0.217812 0.242083 0.050625 0.069167
0 0.569063 0.410417 0.063125 0.089167
0 0.096562 0.752500 0.061875 0.071667
0 0.305937 0.061667 0.055625 0.075000
0 0.326250 0.650417 0.056250 0.070833
0 0.315312 0.336250 0.068125 0.085833
0 0.341875 0.274167 0.057500 0.075000
0 0.708438 0.242917 0.071875 0.077500
0 0.544375 0.174583 0.058750 0.077500
0 0.706875 0.540833 0.048750 0.080000
0 0.383125 0.190000 0.053750 0.071667
0 0.331562 0.456667 0.056875 0.075000
0 0.211250 0.568333 0.068750 0.093333
0 0.758437 0.475833 0.054375 0.070000
0 0.535312 0.900000 0.049375 0.070000
0 0.940625 0.654583 0.056250 0.070833
0 0.785937 0.271667 0.048125 0.070000
0 0.816250 0.343750 0.057500 0.070833
0 0.804063 0.538750 0.054375 0.067500
0 0.165313 0.260417 0.059375 0.075833
0 0.813125 0.124583 0.062500 0.089167
0 0.459688 0.111667 0.059375 0.075000
0 0.664062 0.846250 0.060625 0.092500
0 0.895312 0.199167 0.045625 0.076667
0 0.402500 0.430000 0.055000 0.075000
0 0.772813 0.876250 0.061875 0.064167
0 0.932813 0.069583 0.059375 0.087500
0 0.855313 0.700833 0.055625 0.073333
0 0.624375 0.795000 0.052500 0.070000
0 0.835000 0.154583 0.077500 0.087500
0 0.146250 0.592500 0.048750 0.070000
0 0.912813 0.590417 0.058125 0.070833
1 0.411562 0.072917 0.076875 0.115833
0 0.061562 0.519583 0.054375 0.082500
0 0.606250 0.478750 0.051250 0.069167
0 0.400000 0.254583 0.057500 0.067500
0 0.569688 0.369167 0.064375 0.085000
0 0.034063 0.679167 0.068125 0.093333
0 0.274687 0.114167 0.051875 0.068333
0 0.905000 0.929167 0.062500 0.085000
0 0.955000 0.715417 0.068750 0.080833
0 0.075625 0.270833 0.062500 0.086667
0 0.876563 0.115000 0.056875 0.073333
0 0.224062 0.464167 0.056875 0.088333
0 0.946875 0.368750 0.067500 0.077500
0 0.210313 0.706250 0.046875 0.067500
0 0.438750 0.961667 0.055000 0.066667
1 0.852187 0.838750 0.094375 0.107500
0 0.613437 0.351250 0.060625 0.067500
0 0.920000 0.260833 0.052500 0.066667
0 0.856875 0.247500 0.060000 0.071667
0 0.411250 0.712500 0.053750 0.063333
0 0.048438 0.589167 0.056875 0.071667
0 0.070000 0.369167 0.051250 0.068333
0 0.942813 0.758750 0.060625 0.065833
0 0.733125 0.490833 0.055000 0.071667
0 0.913125 0.053750 0.057500 0.082500
0 0.950937 0.882500 0.049375 0.063333
0 0.934375 0.309167 0.051250 0.055000
0 0.120938 0.090000 0.043125 0.071667
0 0.056875 0.127917 0.052500 0.084167
0 0.076875 0.098333 0.052500 0.085000
0 0.091875 0.225000 0.085000 0.110000
0 0.367500 0.372500 0.050000 0.068333
0 0.257500 0.635417 0.055000 0.065833
0 0.255937 0.701667 0.046875 0.070000
0 0.250000 0.576250 0.065000 0.080833
0 0.097500 0.628750 0.050000 0.085833
0 0.413125 0.662083 0.055000 0.074167
0 0.539687 0.967917 0.055625 0.060833
