0 0.956250 0.498750 0.058750 0.077500
0 0.281250 0.260833 0.062500 0.095000
0 0.900312 0.918333 0.064375 0.083333
0 0.240937 0.561250 0.058125 0.080833
0 0.365312 0.175417 0.054375 0.082500
0 0.167813 0.164583 0.058125 0.080833
0 0.576875 0.642083 0.060000 0.079167
0 0.689375 0.736667 0.066250 0.100000
0 0.718750 0.893333 0.058750 0.090000
0 0.338125 0.780833 0.061250 0.090000
0 0.654062 0.078333 0.063125 0.081667
0 0.437812 0.839583 0.059375 0.075833
0 0.879687 0.553750 0.060625 0.080833
0 0.896563 0.462917 0.058125 0.092500
0 0.437500 0.134167 0.056250 0.080000
0 0.842187 0.214583 0.053125 0.072500
0 0.596250 0.570000 0.063750 0.076667
0 0.395625 0.925833 0.061250 0.086667
0 0.520312 0.590833 0.070625 0.105000
0 0.825625 0.610417 0.060000 0.090833
0 0.761250 0.141250 0.061250 0.084167
0 0.380000 0.095000 0.060000 0.083333
0 0.920937 0.172500 0.068125 0.090000
0 0.901875 0.831250 0.076250 0.084167
0 0.818438 0.841250 0.056875 0.080833
0 0.806875 0.295000 0.060000 0.073333
0 0.048125 0.700000 0.058750 0.083333
0 0.743125 0.305833 0.068750 0.093333
0 0.148750 0.945833 0.072500 0.091667
0 0.219062 0.119583 0.069375 0.084167
0 0.698750 0.814583 0.063750 0.087500
0 0.283125 0.920000 0.060000 0.076667
0 0.509062 0.867917 0.066875 0.084167
0 0.350000 0.547500 0.061250 0.081667
0 0.232813 0.395833 0.061875 0.088333
0 0.964688 0.108750 0.060625 0.082500
0 0.777813 0.397917 0.071875 0.085833
0 0.464375 0.591250 0.068750 0.099167
0 0.639062 0.642083 0.066875 0.075833
0 0.572500 0.153750 0.068750 0.084167
0 0.556250 0.347083 0.065000 0.070833
0 0.825625 0.066250 0.071250 0.087500
0 0.390625 0.570000 0.067500 0.083333
0 0.286875 0.737917 0.063750 0.092500
0 0.228750 0.315000 0.063750 0.083333
0 0.806562 0.500417 0.066875 0.082500
0 0.170625 0.619583 0.061250 0.079167
0 0.200313 0.499583 0.059375 0.085833
0 0.416250 0.050417 0.052500 0.074167
0 0.565937 0.735417 0.074375 0.090833
0 0.420625 0.762083 0.057500 0.085833
0 0.307812 0.197083 0.068125 0.089167
0 0.120313 0.860417 0.056875 0.079167
0 0.251563 0.137500 0.065625 0.075000
0 0.399687 0.481667 0.055625 0.088333
0 0.310000 0.347083 0.070000 0.102500
0 0.106563 0.661667 0.063125 0.096667
0 0.058750 0.776250 0.056250 0.077500
0 0.179375 0.808750 0.082500 0.105833
0 0.542500 0.844583 0.068750 0.077500
0 0.224688 0.212917 0.059375 0.077500
0 0.135937 0.231250 0.063125 0.082500
0 0.727812 0.216250 0.061875 0.100833
0 0.865625 0.786667 0.067500 0.096667
0 0.630625 0.780417 0.050000 0.075833
0 0.618437 0.147500 0.063125 0.075000
0 0.588750 0.237917 0.065000 0.075833
0 0.365938 0.302083 0.070625 0.077500
0 0.149375 0.369583 0.058750 0.079167
0 0.150625 0.547500 0.065000 0.076667
0 0.844063 0.916250 0.056875 0.087500
0 0.752812 0.560000 0.051875 0.080000
0 0.551875 0.936250 0.065000 0.082500
0 0.932813 0.382500 0.073125 0.090000
0 0.122813 0.468750 0.069375 0.095833
0 0.252500 0.642917 0.055000 0.085833
0 0.311875 0.103750 0.056250 0.077500
0 0.942813 0.777083 0.068125 0.080833
0 0.197500 0.740000 0.065000 0.070000
0 0.385937 0.659167 0.073125 0.080000
0 0.481250 0.414167 0.060000 0.081667
0 0.087188 0.184167 0.059375 0.058333
0 0.504062 0.780417 0.069375 0.075833
0 0.781250 0.899167 0.048750 0.076667
0 0.481563 0.709583 0.063125 0.085833
0 0.132500 0.693333 0.060000 0.080000
0 0.408750 0.233750 0.048750 0.069167
0 0.075313 0.107083 0.063125 0.079167
0 0.835313 0.666667 0.065625 0.083333
0 0.332188 0.376667 0.066875 0.073333
0 0.514375 0.495417 0.066250 0.075833
0 0.204063 0.662083 0.066875 0.087500
0 0.910000 0.278750 0.065000 0.075833
0 0.130312 0.090417 0.065625 0.082500
0 0.600313 0.870000 0.054375 0.085000
0 0.310312 0.474583 0.065625 0.077500
0 0.453437 0.528750 0.068125 0.109167
0 0.033125 0.414583 0.065000 0.080833
0 0.904062 0.080417 0.051875 0.079167
0 0.591250 0.445000 0.056250 0.085000
0 0.874062 0.692083 0.070625 0.097500
0 0.051875 0.290833 0.061250 0.081667
0 0.890625 0.392083 0.061250 0.072500
0 0.050313 0.619583 0.055625 0.079167
0 0.615625 0.317083 0.057500 0.062500
0 0.741563 0.073750 0.050625 0.097500
1 0.473750 0.066250 0.082500 0.095833
1 0.212812 0.886250 0.100625 0.114167
0 0.419063 0.680000 0.070625 0.083333
0 0.665312 0.567500 0.054375 0.076667
1 0.502188 0.111250 0.064375 0.074167
0 0.630625 0.871250 0.067500 0.085833
0 0.654687 0.897917 0.044375 0.074167
0 0.757812 0.597083 0.050625 0.085833
0 0.749062 0.639167 0.055625 0.081667
0 0.676250 0.331250 0.052500 0.069167
0 0.659375 0.357083 0.056250 0.092500
0 0.541250 0.080833 0.057500 0.058333
0 0.553750 0.037917 0.058750 0.075833
0 0.317812 0.067917 0.055625 0.085833
0 0.182812 0.050417 0.060625 0.082500
0 0.151250 0.068333 0.057500 0.080000
0 0.108438 0.111667 0.071875 0.063333
0 0.168750 0.240000 0.056250 0.073333
0 0.087813 0.233333 0.069375 0.090000
0 0.068437 0.267500 0.071875 0.070000
0 0.904062 0.195833 0.045625 0.065000
0 0.737187 0.242083 0.056875 0.075833
0 0.457188 0.389583 0.060625 0.082500
0 0.399375 0.317500 0.067500 0.081667
0 0.434375 0.250417 0.046250 0.082500
0 0.165313 0.348750 0.055625 0.060833
0 0.035937 0.040833 0.063125 0.075000
0 0.078437 0.395417 0.045625 0.062500
0 0.101562 0.433333 0.063125 0.081667
0 0.216562 0.340417 0.053125 0.085833
0 0.147187 0.475000 0.054375 0.066667
0 0.185625 0.531667 0.060000 0.076667
0 0.297187 0.640833 0.045625 0.081667
0 0.277187 0.645000 0.060625 0.070000
0 0.305937 0.720000 0.056875 0.068333
0 0.076563 0.757083 0.061875 0.082500
0 0.434375 0.354583 0.057500 0.084167
0 0.880313 0.283750 0.054375 0.075833
0 0.659062 0.644583 0.053125 0.070833
0 0.577187 0.478750 0.045625 0.070833
0 0.691250 0.501667 0.051250 0.078333
0 0.751250 0.045417 0.060000 0.084167
0 0.643437 0.167500 0.055625 0.076667
0 0.612187 0.248333 0.055625 0.063333
0 0.576250 0.300833 0.058750 0.088333
0 0.835938 0.090417 0.056875 0.089167
0 0.826562 0.130417 0.064375 0.082500
0 0.351562 0.409583 0.068125 0.075833
0 0.214062 0.715000 0.063125 0.090000
0 0.526563 0.761667 0.066875 0.076667
0 0.760000 0.767083 0.060000 0.074167
0 0.770000 0.733333 0.065000 0.068333
0 0.842812 0.752917 0.060625 0.074167
0 0.906563 0.725833 0.058125 0.083333
0 0.940000 0.728750 0.066250 0.077500
0 0.779062 0.938750 0.055625 0.084167
0 0.529375 0.955000 0.061250 0.070000
0 0.500938 0.959167 0.053125 0.070000
0 0.920625 0.917083 0.052500 0.077500
0 0.852187 0.950417 0.046875 0.075833
0 0.605000 0.754583 0.058750 0.072500
0 0.408438 0.721250 0.063125 0.074167
0 0.330625 0.453750 0.058750 0.060833
0 0.669687 0.526667 0.054375 0.081667
0 0.687187 0.532917 0.051875 0.072500
0 0.828750 0.488750 0.057500 0.074167
0 0.456250 0.693333 0.061250 0.061667
0 0.928438 0.638333 0.065625 0.083333
0 0.947812 0.638750 0.069375 0.074167
0 0.951875 0.525833 0.058750 0.091667
0 0.858437 0.382083 0.063125 0.085833
0 0.829063 0.352500 0.055625 0.076667
0 0.935937 0.285000 0.054375 0.070000
0 0.967812 0.337917 0.061875 0.082500
0 0.815625 0.383750 0.068750 0.070833
0 0.542188 0.496250 0.064375 0.067500
0 0.580000 0.560417 0.060000 0.072500
0 0.465313 0.506667 0.075625 0.083333
0 0.782188 0.763750 0.055625 0.080833
0 0.156562 0.710417 0.058125 0.064167
