0 0.926875 0.505417 0.073750 0.085833
0 0.297187 0.692500 0.066875 0.090000
0 0.124063 0.162917 0.061875 0.085833
0 0.483438 0.202917 0.068125 0.097500
0 0.367188 0.640417 0.080625 0.084167
0 0.211250 0.843333 0.062500 0.071667
0 0.060937 0.744167 0.060625 0.090000
0 0.660312 0.265833 0.064375 0.086667
0 0.056250 0.192083 0.068750 0.085833
0 0.694688 0.845833 0.064375 0.080000
0 0.927188 0.612083 0.060625 0.085833
0 0.747500 0.068333 0.063750 0.075000
0 0.363750 0.776250 0.070000 0.095833
0 0.425938 0.697500 0.068125 0.095000
0 0.874062 0.427917 0.070625 0.097500
0 0.079375 0.459583 0.071250 0.102500
0 0.255312 0.298750 0.071875 0.090833
0 0.952187 0.782083 0.065625 0.089167
0 0.766563 0.826250 0.058125 0.095833
0 0.120000 0.842917 0.062500 0.082500
0 0.173437 0.765833 0.059375 0.085000
0 0.384375 0.556250 0.063750 0.079167
0 0.721562 0.675833 0.065625 0.065000
0 0.753437 0.922500 0.061875 0.073333
0 0.089063 0.389167 0.061875 0.078333
0 0.141563 0.317917 0.068125 0.075833
0 0.866563 0.657500 0.063125 0.075000
0 0.435000 0.888333 0.058750 0.081667
0 0.075000 0.095417 0.060000 0.082500
0 0.541562 0.122917 0.066875 0.097500
0 0.350000 0.277917 0.060000 0.082500
0 0.740000 0.399167 0.065000 0.085000
0 0.961562 0.703750 0.071875 0.092500
0 0.660000 0.362083 0.061250 0.089167
0 0.819688 0.477083 0.076875 0.107500
0 0.420625 0.135833 0.056250 0.078333
0 0.226250 0.589583 0.063750 0.077500
0 0.063750 0.567500 0.061250 0.071667
0 0.865938 0.755417 0.063125 0.074167
0 0.509687 0.414167 0.051875 0.081667
0 0.240625 0.080833 0.056250 0.085000
0 0.248438 0.411667 0.063125 0.080000
0 0.171563 0.438333 0.070625 0.083333
0 0.322813 0.947500 0.056875 0.075000
0 0.866250 0.895417 0.063750 0.070833
0 0.807500 0.778750 0.061250 0.082500
0 0.825313 0.919167 0.061875 0.088333
0 0.218750 0.500000 0.057500 0.078333
0 0.653125 0.635417 0.071250 0.104167
0 0.629687 0.907500 0.071875 0.075000
0 0.233750 0.921667 0.062500 0.091667
0 0.155625 0.525833 0.057500 0.080000
0 0.638125 0.145833 0.056250 0.076667
0 0.428750 0.413333 0.056250 0.076667
0 0.214375 0.370833 0.061250 0.081667
0 0.296563 0.597083 0.055625 0.070833
0 0.298438 0.875417 0.056875 0.074167
0 0.597500 0.092917 0.057500 0.090833
0 0.900312 0.155833 0.059375 0.086667
0 0.387188 0.946667 0.063125 0.071667
0 0.852500 0.516250 0.067500 0.062500
0 0.966250 0.918750 0.066250 0.089167
0 0.437500 0.328333 0.067500 0.081667
0 0.629062 0.817083 0.055625 0.072500
0 0.556562 0.752500 0.069375 0.098333
0 0.444063 0.623333 0.078125 0.085000
0 0.494063 0.580833 0.065625 0.080000
0 0.912188 0.835833 0.059375 0.076667
0 0.266562 0.795833 0.053125 0.086667
0 0.175625 0.915417 0.063750 0.084167
0 0.301250 0.113333 0.062500 0.066667
0 0.085938 0.937500 0.066875 0.085000
0 0.693750 0.737917 0.061250 0.085833
0 0.365625 0.430833 0.066250 0.088333
0 0.938125 0.290417 0.067500 0.085833
0 0.783438 0.595000 0.071875 0.095000
0 0.035937 0.059167 0.063125 0.083333
0 0.441875 0.510417 0.058750 0.090833
0 0.173750 0.675417 0.050000 0.074167
0 0.841562 0.237500 0.054375 0.081667
0 0.200313 0.241667 0.058125 0.076667
0 0.332500 0.353333 0.060000 0.088333
0 0.365312 0.331250 0.064375 0.092500
0 0.843437 0.369167 0.073125 0.080000
0 0.778750 0.307917 0.061250 0.094167
0 0.527188 0.329583 0.065625 0.069167
0 0.228437 0.732083 0.065625 0.089167
0 0.285938 0.514583 0.056875 0.072500
0 0.294375 0.327083 0.073750 0.087500
0 0.841875 0.803333 0.072500 0.085000
0 0.357187 0.040417 0.069375 0.080833
0 0.030625 0.354583 0.050000 0.084167
0 0.567500 0.549583 0.070000 0.080833
0 0.587812 0.898750 0.061875 0.060833
0 0.606250 0.633750 0.058750 0.089167
0 0.856250 0.053333 0.061250 0.071667
0 0.187812 0.131250 0.061875 0.075833
0 0.758437 0.545833 0.051875 0.081667
0 0.533438 0.510000 0.064375 0.080000
0 0.605000 0.558333 0.076250 0.075000
0 0.773438 0.697083 0.055625 0.067500
0 0.820000 0.146667 0.048750 0.073333
0 0.717187 0.261667 0.063125 0.081667
0 0.591562 0.199167 0.071875 0.081667
0 0.265937 0.207917 0.054375 0.072500
0 0.098750 0.618333 0.065000 0.120000
0 0.705313 0.140000 0.044375 0.093333
0 0.117813 0.816250 0.044375 0.077500
0 0.028750 0.824167 0.057500 0.078333
0 0.062500 0.920000 0.050000 0.080000
0 0.062812 0.877083 0.074375 0.082500
0 0.197500 0.938750 0.070000 0.084167
0 0.107500 0.031250 0.060000 0.059167
0 0.166563 0.240833 0.053125 0.066667
0 0.150625 0.461667 0.050000 0.066667
0 0.225000 0.463750 0.058750 0.094167
0 0.275313 0.411250 0.055625 0.072500
0 0.178437 0.104583 0.056875 0.075833
0 0.119375 0.376250 0.058750 0.077500
0 0.268750 0.603750 0.071250 0.075833
0 0.155000 0.668750 0.058750 0.072500
0 0.617500 0.690417 0.060000 0.085833
0 0.597812 0.720417 0.053125 0.072500
0 0.712187 0.759167 0.050625 0.070000
0 0.656250 0.798750 0.058750 0.070833
0 0.698750 0.870417 0.056250 0.085833
0 0.383437 0.920000 0.058125 0.076667
0 0.125000 0.596250 0.070000 0.102500
0 0.691250 0.508750 0.071250 0.075833
0 0.802813 0.634583 0.059375 0.087500
0 0.438437 0.079167 0.056875 0.090000
0 0.331250 0.113333 0.062500 0.063333
0 0.206250 0.097917 0.070000 0.085833
0 0.257500 0.191250 0.050000 0.089167
0 0.763750 0.145417 0.052500 0.062500
0 0.969063 0.035000 0.055625 0.066667
0 0.824688 0.044583 0.055625 0.074167
0 0.912813 0.111667 0.060625 0.078333
0 0.745625 0.243750 0.053750 0.079167
0 0.767188 0.252500 0.043125 0.075000
0 0.910000 0.239167 0.071250 0.070000
0 0.900000 0.263750 0.051250 0.082500
0 0.872812 0.264167 0.063125 0.066667
0 0.955000 0.422083 0.063750 0.100833
0 0.972187 0.375000 0.053125 0.080000
0 0.910000 0.591667 0.055000 0.070000
0 0.858437 0.715417 0.054375 0.082500
0 0.884375 0.732500 0.066250 0.081667
0 0.790625 0.685833 0.050000 0.083333
0 0.730625 0.648333 0.052500 0.081667
0 0.716250 0.732083 0.058750 0.085833
0 0.561250 0.889167 0.060000 0.068333
0 0.528438 0.951250 0.056875 0.085833
0 0.320937 0.840000 0.055625 0.073333
0 0.438125 0.861250 0.061250 0.084167
0 0.305625 0.507917 0.060000 0.089167
0 0.475313 0.488750 0.055625 0.074167
0 0.730000 0.439167 0.046250 0.081667
0 0.782188 0.106667 0.064375 0.088333
0 0.804063 0.135000 0.065625 0.083333
0 0.585938 0.144167 0.063125 0.081667
0 0.272813 0.173333 0.063125 0.083333
0 0.463125 0.302500 0.060000 0.095000
0 0.513437 0.351667 0.055625 0.081667
0 0.501250 0.258333 0.060000 0.078333
0 0.615625 0.175000 0.053750 0.091667
0 0.685000 0.090417 0.045000 0.074167
0 0.700625 0.551667 0.056250 0.066667
0 0.631563 0.503750 0.068125 0.085833
0 0.520938 0.608750 0.064375 0.085833
0 0.745313 0.502917 0.064375 0.099167
0 0.894375 0.933333 0.060000 0.080000
0 0.330937 0.807500 0.064375 0.091667
0 0.843125 0.267500 0.068750 0.081667
0 0.328437 0.515833 0.054375 0.068333
0 0.355625 0.497500 0.051250 0.068333
0 0.464375 0.541250 0.062500 0.075833
0 0.245000 0.770000 0.058750 0.080000
0 0.212188 0.752917 0.073125 0.074167
0 0.523438 0.038750 0.066875 0.070833
0 0.444375 0.422500 0.062500 0.065000
