0 0.254375 0.701667 0.068750 0.086667
0 0.240625 0.912083 0.063750 0.087500
0 0.762188 0.090833 0.069375 0.111667
0 0.940312 0.317083 0.073125 0.097500
0 0.685312 0.177917 0.070625 0.090833
0 0.075625 0.438333 0.080000 0.108333
0 0.545312 0.084583 0.073125 0.092500
0 0.913438 0.508333 0.083125 0.081667
0 0.243438 0.302500 0.071875 0.091667
0 0.861563 0.261250 0.076875 0.092500
0 0.709375 0.710000 0.073750 0.086667
0 0.562500 0.557500 0.072500 0.091667
0 0.332188 0.136667 0.075625 0.098333
0 0.591562 0.790833 0.079375 0.100000
0 0.171250 0.894167 0.075000 0.105000
0 0.485938 0.176667 0.071875 0.108333
0 0.352812 0.259583 0.074375 0.092500
0 0.898438 0.767500 0.073125 0.090000
0 0.960000 0.571250 0.068750 0.095833
0 0.515312 0.480000 0.079375 0.118333
0 0.474375 0.876667 0.072500 0.098333
0 0.685937 0.619167 0.060625 0.100000
0 0.057813 0.679167 0.081875 0.103333
0 0.078750 0.303750 0.070000 0.097500
0 0.925000 0.210417 0.076250 0.107500
0 0.783750 0.482500 0.082500 0.100000
0 0.145625 0.526250 0.072500 0.107500
0 0.079062 0.595833 0.068125 0.091667
0 0.277500 0.830000 0.077500 0.093333
0 0.137500 0.641250 0.077500 0.105833
0 0.677500 0.282500 0.065000 0.095000
0 0.855938 0.166250 0.073125 0.092500
0 0.499375 0.573750 0.068750 0.089167
0 0.403750 0.681667 0.075000 0.098333
0 0.430625 0.474583 0.087500 0.105833
0 0.183438 0.233750 0.081875 0.124167
0 0.909062 0.658333 0.073125 0.103333
0 0.182500 0.633750 0.076250 0.079167
0 0.204063 0.382500 0.083125 0.106667
0 0.745625 0.500833 0.075000 0.100000
0 0.739375 0.355000 0.066250 0.091667
0 0.332188 0.589583 0.068125 0.107500
0 0.630313 0.287500 0.068125 0.076667
0 0.863750 0.953333 0.078750 0.085000
0 0.903125 0.113333 0.067500 0.096667
3 0.809688 0.740417 0.093125 0.134167
0 0.482812 0.079583 0.061875 0.104167
0 0.896563 0.883750 0.071875 0.102500
0 0.381250 0.745833 0.077500 0.096667
3 0.564063 0.295417 0.075625 0.147500
0 0.593437 0.909167 0.058125 0.095000
0 0.096875 0.866667 0.070000 0.106667
0 0.805937 0.075833 0.066875 0.091667
6 0.071875 0.802083 0.067500 0.105833
0 0.126250 0.874167 0.063750 0.096667
0 0.405938 0.758333 0.071875 0.105000
0 0.793125 0.124583 0.070000 0.104167
0 0.560625 0.914167 0.071250 0.105000
0 0.695000 0.381667 0.070000 0.095000
0 0.365312 0.569167 0.053125 0.140000
0 0.604062 0.356250 0.051875 0.092500
0 0.670937 0.354167 0.073125 0.116667
0 0.866875 0.918750 0.098750 0.089167
