0 0.693125 0.533750 0.063750 0.089167
0 0.714688 0.077500 0.065625 0.090000
0 0.602500 0.504583 0.065000 0.089167
0 0.952812 0.365000 0.069375 0.095000
0 0.765625 0.360417 0.066250 0.085833
0 0.651250 0.440417 0.061250 0.087500
0 0.395625 0.092917 0.063750 0.085833
0 0.948125 0.187917 0.071250 0.082500
0 0.365000 0.341667 0.061250 0.085000
0 0.530312 0.934167 0.063125 0.091667
0 0.864688 0.762083 0.060625 0.084167
0 0.946250 0.497917 0.068750 0.095833
0 0.741250 0.637500 0.060000 0.083333
0 0.455937 0.939167 0.073125 0.103333
0 0.364687 0.183333 0.068125 0.100000
0 0.410938 0.273333 0.068125 0.085000
0 0.900937 0.429167 0.060625 0.080000
0 0.730625 0.784583 0.066250 0.094167
0 0.573438 0.736250 0.061875 0.089167
0 0.893437 0.121250 0.061875 0.085833
0 0.791562 0.140833 0.066875 0.091667
0 0.358750 0.912083 0.058750 0.084167
0 0.144063 0.188333 0.068125 0.091667
0 0.756875 0.913333 0.058750 0.085000
0 0.671875 0.627083 0.066250 0.100833
0 0.797188 0.837500 0.069375 0.075000
0 0.188438 0.825417 0.060625 0.084167
0 0.588750 0.830417 0.060000 0.084167
0 0.115625 0.822083 0.061250 0.087500
0 0.655937 0.248333 0.064375 0.086667
0 0.443750 0.589583 0.061250 0.079167
0 0.305937 0.384167 0.065625 0.090000
0 0.785937 0.538333 0.064375 0.080000
0 0.929375 0.782500 0.060000 0.088333
0 0.249375 0.090833 0.073750 0.093333
0 0.609062 0.087083 0.055625 0.080833
0 0.865313 0.613750 0.061875 0.087500
0 0.442500 0.485417 0.062500 0.095833
0 0.271250 0.500000 0.063750 0.090000
0 0.181562 0.459583 0.069375 0.085833
0 0.793438 0.708333 0.060625 0.086667
0 0.925312 0.616250 0.060625 0.099167
0 0.046250 0.730417 0.065000 0.080833
0 0.095312 0.072917 0.059375 0.079167
0 0.414375 0.727083 0.060000 0.104167
0 0.740938 0.456250 0.058125 0.085833
0 0.141250 0.570833 0.065000 0.081667
0 0.505313 0.487083 0.060625 0.084167
0 0.465313 0.100000 0.061875 0.085000
0 0.513750 0.571667 0.063750 0.081667
0 0.213750 0.249583 0.058750 0.090833
0 0.820312 0.909167 0.059375 0.080000
0 0.710313 0.165833 0.066875 0.071667
0 0.802813 0.620417 0.058125 0.090833
0 0.093438 0.646250 0.061875 0.107500
0 0.838750 0.384167 0.063750 0.088333
0 0.740938 0.245833 0.063125 0.080000
0 0.526563 0.836667 0.064375 0.088333
0 0.055938 0.222500 0.059375 0.085000
0 0.102188 0.935000 0.058125 0.080000
0 0.485938 0.370000 0.061875 0.085000
0 0.067812 0.864583 0.053125 0.084167
0 0.504375 0.657917 0.060000 0.077500
0 0.239687 0.703333 0.065625 0.083333
0 0.063437 0.120417 0.061875 0.082500
0 0.153750 0.288750 0.062500 0.080833
0 0.416563 0.861667 0.076875 0.093333
0 0.587187 0.408750 0.064375 0.079167
0 0.838125 0.210417 0.067500 0.077500
0 0.308437 0.141250 0.064375 0.077500
0 0.955625 0.274583 0.083750 0.085833
0 0.198125 0.667500 0.070000 0.086667
0 0.539375 0.349167 0.068750 0.085000
0 0.164687 0.088333 0.063125 0.111667
0 0.380000 0.824167 0.070000 0.108333
0 0.062187 0.567917 0.056875 0.082500
0 0.119688 0.686250 0.073125 0.094167
0 0.901563 0.937083 0.071875 0.087500
0 0.612812 0.591250 0.054375 0.087500
0 0.157500 0.757500 0.055000 0.081667
0 0.280625 0.244583 0.062500 0.090833
0 0.678438 0.929167 0.065625 0.098333
0 0.539062 0.175833 0.055625 0.078333
0 0.184062 0.052500 0.059375 0.078333
0 0.318437 0.242917 0.070625 0.087500
0 0.031250 0.521250 0.062500 0.085833
0 0.648125 0.946250 0.065000 0.105833
0 0.306875 0.960833 0.070000 0.076667
1 0.258437 0.800417 0.086875 0.120833
4 0.647500 0.343750 0.070000 0.090833
0 0.553125 0.387500 0.060000 0.085000
0 0.856250 0.040417 0.058750 0.072500
0 0.874687 0.950833 0.064375 0.095000
0 0.518125 0.209583 0.058750 0.084167
0 0.654375 0.033333 0.051250 0.063333
