0 0.390313 0.572500 0.069375 0.085000
0 0.697187 0.231667 0.069375 0.095000
0 0.369063 0.138750 0.079375 0.090833
0 0.237500 0.813750 0.077500 0.109167
0 0.390000 0.487083 0.072500 0.099167
0 0.948750 0.473750 0.072500 0.089167
0 0.230937 0.070417 0.070625 0.095833
0 0.882188 0.050833 0.061875 0.076667
0 0.458437 0.466250 0.069375 0.095833
0 0.053125 0.084167 0.067500 0.088333
0 0.410625 0.932083 0.060000 0.097500
0 0.531875 0.054167 0.063750 0.085000
0 0.780625 0.343333 0.065000 0.095000
0 0.660937 0.406250 0.066875 0.094167
0 0.392188 0.295833 0.066875 0.091667
0 0.092500 0.943750 0.065000 0.090833
0 0.845313 0.294167 0.061875 0.080000
0 0.749687 0.115833 0.070625 0.095000
0 0.565312 0.680417 0.070625 0.092500
0 0.838750 0.312500 0.058750 0.081667
0 0.206875 0.502500 0.066250 0.076667
0 0.494688 0.840000 0.063125 0.091667
0 0.110000 0.274167 0.062500 0.083333
0 0.088438 0.639583 0.064375 0.095833
0 0.209687 0.593333 0.056875 0.081667
0 0.335938 0.340000 0.060625 0.073333
0 0.469687 0.910000 0.063125 0.080000
0 0.487812 0.719167 0.076875 0.088333
0 0.280313 0.497917 0.069375 0.090833
0 0.836562 0.517083 0.068125 0.084167
0 0.565312 0.427917 0.065625 0.077500
0 0.135937 0.224583 0.064375 0.074167
0 0.926250 0.769583 0.065000 0.077500
0 0.478750 0.294167 0.066250 0.076667
0 0.265625 0.272917 0.066250 0.077500
0 0.831875 0.780000 0.061250 0.081667
0 0.914375 0.228750 0.071250 0.087500
0 0.369688 0.052083 0.074375 0.087500
0 0.885625 0.187083 0.066250 0.075833
0 0.302187 0.645000 0.058125 0.073333
0 0.422812 0.644167 0.049375 0.071667
0 0.501875 0.532083 0.052500 0.084167
0 0.945625 0.102917 0.075000 0.080833
0 0.897813 0.699583 0.069375 0.080833
0 0.955313 0.124167 0.074375 0.096667
0 0.069687 0.354167 0.061875 0.078333
0 0.167187 0.652500 0.070625 0.085000
0 0.519375 0.629583 0.063750 0.079167
0 0.196563 0.352917 0.049375 0.069167
0 0.798125 0.738750 0.066250 0.085833
0 0.878437 0.946667 0.071875 0.093333
0 0.555625 0.160417 0.058750 0.089167
0 0.405000 0.780000 0.056250 0.071667
5 0.835313 0.205833 0.046875 0.068333
0 0.919687 0.802500 0.055625 0.091667
0 0.553125 0.547500 0.051250 0.076667
0 0.635000 0.926250 0.052500 0.072500
3 0.734375 0.580417 0.057500 0.087500
0 0.313437 0.050417 0.075625 0.099167
0 0.227813 0.433333 0.055625 0.070000
0 0.623750 0.761250 0.063750 0.084167
0 0.641875 0.057500 0.072500 0.090000
0 0.741875 0.767500 0.052500 0.078333
0 0.842812 0.147500 0.061875 0.068333
0 0.271562 0.941667 0.053125 0.076667
0 0.725000 0.470833 0.060000 0.093333
0 0.448125 0.351667 0.061250 0.066667
0 0.592812 0.800417 0.069375 0.079167
0 0.953750 0.561250 0.061250 0.094167
0 0.181250 0.725833 0.053750 0.076667
0 0.173125 0.858333 0.081250 0.101667
0 0.300000 0.580833 0.060000 0.078333
0 0.435625 0.178333 0.065000 0.083333
0 0.725000 0.939583 0.053750 0.067500
0 0.153750 0.760417 0.050000 0.067500
0 0.645625 0.561250 0.065000 0.082500
0 0.603437 0.181667 0.059375 0.071667
0 0.652500 0.161250 0.050000 0.055833
0 0.440625 0.726667 0.055000 0.078333
0 0.660000 0.651667 0.075000 0.090000
0 0.695625 0.870000 0.053750 0.066667
0 0.591250 0.052083 0.061250 0.074167
0 0.836250 0.697917 0.057500 0.077500
0 0.911875 0.547083 0.062500 0.072500
0 0.474375 0.187500 0.060000 0.066667
0 0.551875 0.834583 0.057500 0.075833
0 0.595938 0.872083 0.063125 0.082500
0 0.392813 0.842500 0.055625 0.063333
0 0.268437 0.606250 0.066875 0.075833
0 0.787500 0.172083 0.051250 0.064167
0 0.179063 0.183333 0.046875 0.068333
0 0.231875 0.211667 0.063750 0.060000
0 0.035312 0.390000 0.045625 0.066667
0 0.058125 0.282500 0.056250 0.070000
0 0.870313 0.841250 0.046875 0.065833
0 0.932500 0.933333 0.052500 0.056667
0 0.491250 0.385417 0.053750 0.067500
0 0.446250 0.249167 0.053750 0.068333
0 0.525937 0.420417 0.058125 0.080833
0 0.872500 0.598750 0.053750 0.060833
0 0.137500 0.639167 0.065000 0.085000
0 0.560000 0.917917 0.043750 0.060833
0 0.679063 0.957500 0.066875 0.068333
0 0.617500 0.631667 0.065000 0.070000
0 0.585625 0.620417 0.072500 0.080833
0 0.696875 0.494583 0.062500 0.077500
0 0.626563 0.502500 0.058125 0.075000
0 0.592187 0.487083 0.050625 0.067500
0 0.875313 0.652500 0.065625 0.061667
0 0.476562 0.661250 0.058125 0.075833
0 0.705937 0.575000 0.049375 0.085000
0 0.701250 0.622500 0.053750 0.070000
0 0.640000 0.242500 0.042500 0.111667
0 0.609062 0.862083 0.073125 0.080833
0 0.580313 0.969167 0.054375 0.061667
