0 0.690625 0.706667 0.081250 0.115000
0 0.887500 0.422917 0.078750 0.112500
0 0.812500 0.377083 0.075000 0.100833
0 0.516250 0.119583 0.088750 0.115833
0 0.435625 0.819583 0.085000 0.127500
0 0.389688 0.561250 0.085625 0.112500
0 0.711875 0.192917 0.080000 0.117500
0 0.611250 0.641250 0.087500 0.114167
0 0.770625 0.827083 0.076250 0.104167
0 0.354063 0.360417 0.079375 0.115833
0 0.335938 0.151250 0.079375 0.112500
0 0.894062 0.814583 0.081875 0.115833
0 0.228750 0.618333 0.085000 0.115000
0 0.453125 0.387083 0.087500 0.122500
0 0.394688 0.453333 0.086875 0.118333
0 0.930937 0.092500 0.071875 0.100000
0 0.691875 0.803333 0.081250 0.116667
0 0.805625 0.751250 0.063750 0.100833
0 0.179688 0.590417 0.090625 0.125833
0 0.671875 0.941667 0.087500 0.105000
