0 0.083437 0.615000 0.078125 0.090000
0 0.038125 0.546667 0.076250 0.096667
0 0.133437 0.309583 0.083125 0.102500
0 0.149375 0.510000 0.078750 0.098333
0 0.087500 0.873333 0.077500 0.103333
0 0.289062 0.455833 0.078125 0.098333
0 0.284375 0.596250 0.073750 0.110833
0 0.209375 0.783333 0.063750 0.090000
0 0.441250 0.878333 0.083750 0.110000
0 0.464375 0.580000 0.083750 0.098333
0 0.240313 0.095833 0.083125 0.093333
0 0.287813 0.212500 0.080625 0.101667
0 0.154375 0.809583 0.061250 0.115833
0 0.586250 0.845833 0.067500 0.096667
0 0.757500 0.548333 0.066250 0.100000
0 0.519062 0.134167 0.091875 0.091667
0 0.745313 0.261667 0.085625 0.101667
0 0.867500 0.377500 0.078750 0.085000
0 0.965000 0.425833 0.067500 0.093333
0 0.954063 0.723333 0.071875 0.090000
0 0.897813 0.905833 0.084375 0.090000
0 0.328437 0.138750 0.095625 0.097500
2 0.777813 0.904167 0.103125 0.110000
