0 0.253437 0.311667 0.065625 0.083333
0 0.947500 0.062500 0.060000 0.086667
0 0.265625 0.053750 0.067500 0.079167
0 0.637188 0.231250 0.065625 0.097500
0 0.629687 0.849167 0.061875 0.090000
0 0.748125 0.321250 0.071250 0.099167
0 0.856563 0.536250 0.074375 0.077500
0 0.885938 0.106250 0.068125 0.084167
0 0.686875 0.479583 0.065000 0.094167
0 0.694688 0.907500 0.064375 0.081667
0 0.872812 0.457083 0.071875 0.084167
0 0.545312 0.218333 0.068125 0.088333
0 0.050000 0.166250 0.070000 0.094167
0 0.584688 0.296667 0.071875 0.090000
0 0.748125 0.519167 0.070000 0.091667
0 0.320000 0.382083 0.058750 0.090833
0 0.665937 0.318333 0.066875 0.088333
0 0.475625 0.076250 0.063750 0.079167
0 0.954063 0.887500 0.064375 0.081667
0 0.828125 0.200833 0.060000 0.078333
0 0.230000 0.880833 0.060000 0.081667
0 0.069062 0.086667 0.066875 0.076667
0 0.141875 0.839583 0.065000 0.100833
0 0.850625 0.846250 0.068750 0.084167
0 0.569375 0.727083 0.073750 0.077500
0 0.645938 0.415417 0.064375 0.082500
0 0.496563 0.772500 0.065625 0.096667
0 0.587187 0.645417 0.069375 0.087500
0 0.346562 0.572917 0.064375 0.080833
0 0.698125 0.826250 0.067500 0.080833
0 0.944375 0.801250 0.068750 0.090833
0 0.687813 0.570833 0.081875 0.081667
0 0.237187 0.130000 0.065625 0.083333
0 0.281875 0.821667 0.066250 0.085000
0 0.757812 0.887917 0.055625 0.085833
0 0.142813 0.317500 0.071875 0.098333
0 0.075313 0.814167 0.066875 0.095000
0 0.910000 0.202083 0.065000 0.080833
0 0.205313 0.471250 0.060625 0.075833
0 0.780625 0.621250 0.062500 0.095833
0 0.049063 0.293333 0.060625 0.098333
0 0.315625 0.928333 0.066250 0.088333
0 0.799063 0.387083 0.071875 0.094167
0 0.898125 0.674167 0.077500 0.085000
0 0.130312 0.644167 0.074375 0.096667
0 0.940000 0.275833 0.062500 0.078333
0 0.810937 0.918750 0.056875 0.075833
0 0.565625 0.483750 0.063750 0.080833
0 0.451875 0.547083 0.063750 0.104167
0 0.509375 0.605833 0.057500 0.083333
0 0.100000 0.260417 0.061250 0.087500
0 0.583125 0.805417 0.066250 0.080833
0 0.717500 0.705833 0.073750 0.096667
0 0.922813 0.737500 0.068125 0.070000
0 0.379688 0.416250 0.068125 0.095833
0 0.439688 0.287083 0.059375 0.080833
0 0.868437 0.607083 0.075625 0.070833
0 0.411875 0.055000 0.061250 0.081667
0 0.950937 0.465833 0.056875 0.076667
0 0.279062 0.186250 0.071875 0.089167
0 0.268125 0.407083 0.071250 0.102500
0 0.345938 0.257500 0.061875 0.080000
0 0.323125 0.647917 0.063750 0.080833
0 0.566562 0.370417 0.058125 0.080833
0 0.493437 0.892917 0.069375 0.094167
0 0.380312 0.777500 0.068125 0.095000
0 0.273125 0.486250 0.066250 0.064167
0 0.959688 0.359167 0.074375 0.091667
0 0.835000 0.129167 0.073750 0.088333
0 0.241563 0.593333 0.063125 0.088333
4 0.197187 0.367083 0.099375 0.122500
