0 0.180312 0.568333 0.074375 0.101667
0 0.950937 0.205417 0.074375 0.099167
0 0.125938 0.398750 0.069375 0.074167
0 0.361563 0.181667 0.079375 0.101667
0 0.317812 0.742500 0.084375 0.100000
0 0.920312 0.293333 0.069375 0.090000
0 0.418438 0.458333 0.081875 0.091667
0 0.409062 0.560417 0.083125 0.089167
0 0.568750 0.667083 0.082500 0.107500
0 0.813125 0.769167 0.071250 0.098333
0 0.825000 0.078750 0.087500 0.099167
0 0.490000 0.142917 0.078750 0.097500
0 0.876563 0.229167 0.066875 0.091667
0 0.095312 0.653750 0.075625 0.099167
0 0.692500 0.309167 0.072500 0.105000
0 0.228750 0.682500 0.078750 0.095000
0 0.964688 0.466667 0.069375 0.093333
0 0.138125 0.313750 0.083750 0.094167
0 0.093438 0.860417 0.074375 0.094167
0 0.624687 0.855000 0.076875 0.093333
0 0.305937 0.487500 0.073125 0.090000
0 0.136250 0.714167 0.068750 0.085000
2 0.302187 0.371667 0.093125 0.120000
0 0.634062 0.272083 0.073125 0.105833
0 0.510938 0.221667 0.083125 0.105000
0 0.499375 0.322083 0.078750 0.104167
0 0.906563 0.480417 0.069375 0.092500
0 0.148125 0.940833 0.070000 0.091667
0 0.451250 0.683333 0.067500 0.106667
0 0.221875 0.458333 0.065000 0.110000
0 0.431563 0.365417 0.085625 0.109167
0 0.824063 0.581667 0.080625 0.093333
0 0.290625 0.144583 0.075000 0.089167
0 0.249688 0.527500 0.070625 0.103333
0 0.825313 0.524167 0.069375 0.090000
0 0.487500 0.258333 0.090000 0.100000
0 0.316875 0.234583 0.075000 0.119167
0 0.325625 0.114583 0.086250 0.092500
