0 0.667813 0.202917 0.063125 0.092500
0 0.105000 0.180417 0.063750 0.090833
0 0.604688 0.475000 0.066875 0.100000
0 0.619375 0.138750 0.060000 0.084167
0 0.638437 0.562083 0.059375 0.090833
0 0.384062 0.418750 0.065625 0.072500
0 0.163438 0.248333 0.065625 0.085000
0 0.736250 0.183750 0.063750 0.085833
0 0.277813 0.275833 0.058125 0.068333
0 0.342187 0.280833 0.058125 0.095000
0 0.500313 0.680417 0.065625 0.070833
0 0.361250 0.705000 0.067500 0.095000
0 0.907188 0.747083 0.068125 0.092500
0 0.117188 0.315000 0.073125 0.073333
0 0.683125 0.912083 0.065000 0.097500
0 0.704063 0.097083 0.056875 0.084167
0 0.887500 0.653750 0.065000 0.092500
0 0.065625 0.867083 0.051250 0.064167
0 0.221250 0.672917 0.065000 0.089167
0 0.130000 0.735833 0.062500 0.088333
0 0.170000 0.144583 0.058750 0.084167
0 0.200937 0.530000 0.054375 0.070000
0 0.343750 0.145417 0.052500 0.107500
0 0.425625 0.836250 0.048750 0.075833
0 0.107188 0.924167 0.050625 0.088333
0 0.820625 0.903750 0.063750 0.074167
0 0.519062 0.411250 0.054375 0.085833
0 0.282500 0.722917 0.065000 0.077500
0 0.758750 0.062500 0.063750 0.088333
0 0.451562 0.441250 0.060625 0.070833
0 0.209375 0.382917 0.058750 0.087500
0 0.314688 0.376667 0.060625 0.088333
0 0.707187 0.278333 0.065625 0.078333
0 0.771875 0.828333 0.062500 0.081667
0 0.643437 0.702083 0.055625 0.079167
0 0.703750 0.748333 0.055000 0.085000
0 0.570937 0.880000 0.069375 0.101667
0 0.924375 0.069167 0.066250 0.086667
0 0.233750 0.555417 0.070000 0.090833
0 0.215000 0.059583 0.066250 0.082500
0 0.482500 0.765000 0.058750 0.063333
0 0.663750 0.467083 0.042500 0.087500
0 0.470938 0.908750 0.063125 0.069167
0 0.695937 0.377917 0.054375 0.070833
0 0.569688 0.562083 0.059375 0.064167
0 0.422812 0.348750 0.056875 0.069167
0 0.527813 0.176250 0.055625 0.082500
0 0.769687 0.366667 0.063125 0.073333
0 0.618437 0.941250 0.049375 0.087500
0 0.572500 0.639167 0.060000 0.073333
0 0.180000 0.832083 0.062500 0.075833
0 0.414375 0.769583 0.060000 0.064167
0 0.246562 0.906250 0.064375 0.085833
0 0.382500 0.925417 0.067500 0.084167
0 0.803750 0.398750 0.067500 0.070833
0 0.249688 0.105833 0.066875 0.081667
0 0.851562 0.480000 0.056875 0.071667
0 0.590625 0.229167 0.052500 0.093333
0 0.076250 0.463333 0.072500 0.095000
0 0.874062 0.167917 0.066875 0.087500
0 0.349687 0.472917 0.065625 0.095833
0 0.639687 0.870417 0.068125 0.092500
0 0.433125 0.685833 0.051250 0.071667
0 0.640000 0.331250 0.065000 0.072500
0 0.072813 0.539167 0.073125 0.100000
0 0.136250 0.847917 0.058750 0.075833
0 0.248438 0.397500 0.055625 0.081667
0 0.548438 0.434583 0.045625 0.102500
0 0.550000 0.603333 0.067500 0.090000
0 0.483438 0.589583 0.053125 0.077500
0 0.756250 0.520000 0.057500 0.076667
0 0.303438 0.218750 0.056875 0.052500
0 0.556875 0.105833 0.056250 0.078333
0 0.952500 0.328333 0.066250 0.075000
0 0.754687 0.937500 0.055625 0.086667
0 0.869375 0.052917 0.066250 0.080833
0 0.293125 0.818333 0.081250 0.086667
0 0.563125 0.299583 0.068750 0.072500
0 0.795625 0.164167 0.056250 0.076667
0 0.959375 0.642917 0.055000 0.080833
0 0.168125 0.607500 0.058750 0.068333
0 0.056875 0.272500 0.048750 0.076667
0 0.045625 0.779167 0.057500 0.080000
0 0.536250 0.780000 0.052500 0.075000
0 0.137500 0.433750 0.060000 0.087500
0 0.323750 0.559167 0.065000 0.086667
0 0.255312 0.793333 0.055625 0.070000
0 0.839375 0.793333 0.058750 0.075000
0 0.834375 0.362500 0.073750 0.091667
0 0.043750 0.215000 0.050000 0.080000
0 0.040000 0.266667 0.051250 0.073333
0 0.302812 0.055000 0.059375 0.076667
0 0.405000 0.310417 0.055000 0.084167
0 0.524375 0.042917 0.066250 0.074167
0 0.535000 0.138750 0.058750 0.084167
0 0.925000 0.220417 0.041250 0.074167
0 0.785000 0.037083 0.055000 0.070833
0 0.896563 0.072500 0.046875 0.071667
0 0.895000 0.153333 0.076250 0.070000
0 0.867188 0.077083 0.063125 0.074167
0 0.716250 0.377917 0.061250 0.085833
0 0.619375 0.330417 0.058750 0.065833
0 0.570937 0.265833 0.055625 0.093333
0 0.585000 0.285000 0.063750 0.078333
0 0.627188 0.375417 0.051875 0.099167
0 0.765938 0.608333 0.065625 0.078333
0 0.597812 0.642083 0.049375 0.069167
0 0.731563 0.746667 0.051875 0.073333
0 0.743750 0.837917 0.070000 0.075833
0 0.838437 0.889583 0.051875 0.075833
0 0.971562 0.869583 0.054375 0.085833
0 0.559688 0.911250 0.054375 0.097500
0 0.613750 0.895000 0.061250 0.076667
0 0.492812 0.927083 0.056875 0.074167
0 0.447813 0.788750 0.070625 0.064167
0 0.371250 0.654167 0.048750 0.101667
0 0.479063 0.567500 0.053125 0.080000
0 0.462187 0.576667 0.061875 0.080000
0 0.752812 0.560000 0.054375 0.080000
0 0.454688 0.671667 0.055625 0.066667
0 0.262813 0.704583 0.060625 0.075833
0 0.094687 0.434583 0.075625 0.060833
0 0.201875 0.352500 0.065000 0.083333
0 0.143125 0.397500 0.051250 0.081667
0 0.086563 0.577917 0.055625 0.085833
0 0.108750 0.620000 0.060000 0.078333
0 0.040625 0.744583 0.056250 0.087500
0 0.145000 0.888333 0.043750 0.063333
0 0.142187 0.609167 0.051875 0.068333
0 0.210625 0.847083 0.063750 0.074167
0 0.140937 0.706667 0.044375 0.083333
0 0.049375 0.898333 0.056250 0.078333
0 0.042813 0.957500 0.068125 0.081667
0 0.356563 0.948750 0.055625 0.084167
0 0.335625 0.512083 0.060000 0.072500
0 0.826562 0.756250 0.053125 0.075833
0 0.560000 0.787500 0.053750 0.075000
0 0.560625 0.770000 0.058750 0.080000
0 0.826875 0.782083 0.068750 0.074167
0 0.473125 0.793333 0.060000 0.075000
0 0.301563 0.400417 0.065625 0.072500
0 0.276562 0.304583 0.061875 0.075833
