0 0.885000 0.819583 0.073750 0.095833
0 0.919687 0.159583 0.069375 0.097500
0 0.183438 0.457083 0.071875 0.094167
0 0.492812 0.348750 0.058125 0.087500
0 0.030625 0.233333 0.060000 0.071667
0 0.916250 0.633750 0.067500 0.084167
0 0.442188 0.279583 0.074375 0.099167
0 0.715938 0.660417 0.075625 0.090833
0 0.452500 0.060417 0.066250 0.087500
0 0.344687 0.446667 0.074375 0.090000
0 0.690312 0.885833 0.054375 0.076667
0 0.929063 0.490000 0.059375 0.080000
0 0.677500 0.361667 0.075000 0.101667
0 0.737500 0.278750 0.053750 0.085833
0 0.850000 0.896250 0.070000 0.077500
0 0.518750 0.743750 0.066250 0.089167
0 0.625938 0.225833 0.066875 0.086667
0 0.580000 0.779583 0.062500 0.072500
0 0.726250 0.548750 0.063750 0.090833
1 0.510000 0.882500 0.075000 0.108333
0 0.575000 0.685417 0.062500 0.077500
0 0.647500 0.692500 0.068750 0.088333
0 0.794375 0.281667 0.072500 0.083333
0 0.528438 0.515833 0.056875 0.086667
0 0.769062 0.752500 0.061875 0.088333
0 0.836875 0.262917 0.078750 0.090833
0 0.767500 0.869167 0.066250 0.073333
0 0.356250 0.768750 0.056250 0.079167
0 0.626250 0.297500 0.078750 0.081667
0 0.157188 0.365417 0.064375 0.079167
1 0.654375 0.592500 0.086250 0.106667
0 0.446875 0.922083 0.057500 0.069167
0 0.755313 0.475000 0.070625 0.083333
0 0.403750 0.600833 0.060000 0.073333
0 0.851562 0.580000 0.065625 0.076667
0 0.137187 0.185000 0.075625 0.095000
0 0.507188 0.427917 0.060625 0.114167
0 0.187500 0.644167 0.068750 0.085000
0 0.210313 0.311667 0.063125 0.071667
0 0.236250 0.556667 0.067500 0.085000
0 0.308125 0.479583 0.070000 0.084167
0 0.961250 0.366667 0.048750 0.070000
0 0.418438 0.692083 0.070625 0.097500
0 0.652188 0.055833 0.053125 0.075000
0 0.759687 0.082917 0.055625 0.072500
0 0.308125 0.155833 0.070000 0.100000
0 0.054688 0.465000 0.065625 0.085000
0 0.255312 0.779167 0.049375 0.070000
0 0.308125 0.351250 0.057500 0.077500
0 0.844688 0.147917 0.063125 0.080833
0 0.198437 0.232917 0.068125 0.072500
0 0.673125 0.172917 0.055000 0.069167
0 0.356563 0.565417 0.069375 0.085833
0 0.297500 0.910417 0.048750 0.069167
0 0.704375 0.107083 0.066250 0.092500
0 0.944063 0.777083 0.063125 0.074167
0 0.630313 0.882500 0.056875 0.073333
0 0.202187 0.952083 0.068125 0.079167
0 0.825313 0.765000 0.053125 0.073333
0 0.353750 0.294167 0.055000 0.073333
0 0.633750 0.498750 0.047500 0.062500
0 0.868437 0.497917 0.053125 0.082500
0 0.571875 0.862083 0.057500 0.072500
0 0.577500 0.509583 0.065000 0.085833
0 0.771250 0.610417 0.062500 0.074167
0 0.548438 0.226250 0.054375 0.105833
0 0.115312 0.295417 0.064375 0.077500
0 0.943750 0.071667 0.051250 0.078333
0 0.724375 0.799583 0.052500 0.069167
0 0.935312 0.245000 0.048125 0.068333
0 0.243125 0.680000 0.053750 0.070000
0 0.223750 0.113333 0.063750 0.066667
0 0.078437 0.898750 0.053125 0.087500
0 0.353750 0.208750 0.053750 0.077500
0 0.111250 0.899167 0.052500 0.081667
0 0.873750 0.403750 0.078750 0.075833
0 0.954688 0.832917 0.053125 0.060833
0 0.041875 0.863333 0.051250 0.068333
0 0.092813 0.819167 0.059375 0.073333
0 0.358438 0.942083 0.060625 0.064167
0 0.061250 0.581667 0.061250 0.085000
1 0.840000 0.372917 0.086250 0.097500
0 0.045312 0.316250 0.071875 0.090833
0 0.088438 0.390833 0.069375 0.078333
0 0.386875 0.853333 0.063750 0.088333
0 0.180312 0.562500 0.049375 0.068333
0 0.115000 0.457500 0.052500 0.070000
0 0.367812 0.135833 0.054375 0.098333
0 0.525312 0.944167 0.061875 0.071667
0 0.405938 0.829583 0.069375 0.095833
0 0.207500 0.186667 0.065000 0.091667
0 0.815937 0.461250 0.053125 0.079167
0 0.792813 0.534583 0.065625 0.072500
0 0.402500 0.210833 0.055000 0.073333
0 0.666250 0.770833 0.048750 0.070000
0 0.088750 0.347083 0.053750 0.075833
0 0.610000 0.963750 0.053750 0.067500
0 0.374375 0.592500 0.055000 0.066667
0 0.382188 0.715833 0.063125 0.080000
0 0.023438 0.675833 0.046875 0.071667
0 0.116250 0.209583 0.055000 0.060833
0 0.099687 0.270417 0.061875 0.064167
0 0.031563 0.345000 0.058125 0.076667
