0 0.542500 0.303333 0.058750 0.086667
0 0.375000 0.225000 0.060000 0.081667
0 0.122188 0.807083 0.065625 0.092500
0 0.520312 0.129167 0.058125 0.090000
0 0.260625 0.685000 0.065000 0.098333
0 0.443437 0.351667 0.070625 0.086667
0 0.290625 0.749583 0.065000 0.080833
0 0.531563 0.647917 0.063125 0.094167
0 0.398438 0.857917 0.068125 0.075833
0 0.237187 0.197500 0.063125 0.085000
4 0.165000 0.690000 0.072500 0.105000
0 0.961250 0.281667 0.053750 0.083333
0 0.152812 0.561250 0.059375 0.080833
0 0.777188 0.214167 0.058125 0.083333
0 0.167500 0.100417 0.058750 0.092500
0 0.228125 0.482917 0.062500 0.089167
0 0.690937 0.200417 0.059375 0.087500
0 0.923750 0.114167 0.063750 0.096667
0 0.394375 0.736667 0.066250 0.106667
0 0.143125 0.401667 0.071250 0.093333
0 0.174063 0.368333 0.068125 0.090000
0 0.454688 0.645833 0.059375 0.080000
0 0.945312 0.752500 0.064375 0.110000
0 0.772500 0.843333 0.056250 0.085000
0 0.299687 0.467917 0.059375 0.084167
0 0.443750 0.722500 0.058750 0.078333
0 0.820937 0.744583 0.059375 0.090833
0 0.403750 0.112917 0.063750 0.084167
0 0.055000 0.285417 0.063750 0.089167
0 0.325000 0.847500 0.063750 0.081667
0 0.575937 0.103333 0.061875 0.103333
0 0.851562 0.690000 0.046875 0.103333
0 0.664062 0.467917 0.059375 0.082500
0 0.416250 0.196667 0.057500 0.086667
0 0.686250 0.575417 0.050000 0.075833
0 0.112500 0.321250 0.060000 0.099167
0 0.719375 0.828750 0.055000 0.107500
0 0.854375 0.227500 0.055000 0.081667
0 0.858437 0.585417 0.060625 0.084167
0 0.840313 0.198333 0.061875 0.083333
0 0.218750 0.405000 0.061250 0.076667
1 0.665625 0.789167 0.065000 0.120000
0 0.887188 0.728750 0.048125 0.092500
0 0.552188 0.852500 0.061875 0.080000
0 0.557813 0.896250 0.045625 0.082500
0 0.794687 0.137500 0.061875 0.093333
0 0.794063 0.567500 0.071875 0.126667
0 0.580313 0.669167 0.065625 0.083333
0 0.270000 0.430000 0.053750 0.080000
0 0.773125 0.043750 0.053750 0.080833
3 0.467813 0.193750 0.059375 0.125833
0 0.823750 0.605000 0.051250 0.070000
0 0.751250 0.566250 0.051250 0.114167
0 0.708438 0.560417 0.050625 0.080833
0 0.605625 0.719583 0.066250 0.090833
0 0.613125 0.772500 0.051250 0.096667
0 0.344687 0.070417 0.063125 0.130833
