0 0.290625 0.164583 0.071250 0.099167
0 0.633125 0.684167 0.065000 0.096667
0 0.370312 0.901250 0.061875 0.085833
0 0.194688 0.654167 0.061875 0.076667
0 0.407187 0.353750 0.056875 0.089167
0 0.231563 0.395417 0.069375 0.090833
0 0.903125 0.218750 0.068750 0.094167
0 0.770625 0.445833 0.068750 0.098333
0 0.931875 0.813333 0.066250 0.085000
0 0.526875 0.314583 0.070000 0.100833
0 0.569063 0.652083 0.068125 0.089167
0 0.062500 0.190000 0.063750 0.096667
0 0.828750 0.367917 0.061250 0.082500
0 0.139375 0.809167 0.068750 0.091667
0 0.851562 0.479583 0.058125 0.077500
0 0.480312 0.469583 0.071875 0.102500
0 0.957187 0.724167 0.074375 0.083333
0 0.273438 0.785417 0.060625 0.080833
0 0.868750 0.565000 0.058750 0.081667
0 0.309063 0.274167 0.069375 0.090000
0 0.631563 0.048333 0.060625 0.083333
0 0.613125 0.486667 0.060000 0.070000
0 0.235625 0.930833 0.071250 0.085000
0 0.330625 0.069583 0.066250 0.075833
0 0.509062 0.712083 0.064375 0.094167
0 0.494688 0.885000 0.084375 0.105000
0 0.880000 0.648333 0.062500 0.085000
0 0.223750 0.559167 0.078750 0.098333
0 0.494063 0.600417 0.083125 0.105833
0 0.124063 0.068750 0.079375 0.075833
0 0.336250 0.373333 0.066250 0.093333
0 0.456875 0.361250 0.065000 0.089167
0 0.807500 0.635000 0.065000 0.080000
0 0.948750 0.564167 0.073750 0.106667
0 0.895000 0.417917 0.068750 0.084167
0 0.939063 0.439583 0.075625 0.099167
0 0.224062 0.291667 0.078125 0.091667
0 0.791562 0.303333 0.054375 0.081667
0 0.787813 0.727083 0.046875 0.074167
0 0.717187 0.318750 0.071875 0.097500
0 0.562500 0.526250 0.045000 0.099167
0 0.323437 0.597083 0.060625 0.085833
0 0.032500 0.556667 0.063750 0.088333
0 0.738750 0.895000 0.070000 0.093333
0 0.199063 0.757917 0.078125 0.100833
0 0.901875 0.156250 0.077500 0.079167
0 0.773438 0.550000 0.065625 0.076667
0 0.766250 0.932917 0.070000 0.099167
0 0.305937 0.912083 0.083125 0.104167
0 0.732812 0.150417 0.071875 0.102500
0 0.264688 0.844583 0.093125 0.064167
0 0.769062 0.192917 0.076875 0.092500
0 0.390313 0.584167 0.083125 0.123333
0 0.490625 0.050833 0.060000 0.096667
0 0.385937 0.063750 0.060625 0.112500
0 0.771563 0.134167 0.064375 0.078333
3 0.134063 0.413333 0.105625 0.110000
3 0.646875 0.285000 0.120000 0.146667
1 0.746563 0.772500 0.086875 0.135000
0 0.802188 0.037917 0.064375 0.064167
0 0.725625 0.351250 0.060000 0.082500
