0 0.480938 0.416667 0.061875 0.075000
0 0.313437 0.284167 0.063125 0.086667
0 0.478750 0.731250 0.068750 0.089167
0 0.170313 0.149167 0.056875 0.086667
0 0.892188 0.620000 0.069375 0.095000
0 0.169687 0.585417 0.060625 0.074167
0 0.645312 0.680833 0.068125 0.088333
0 0.550312 0.605000 0.070625 0.083333
0 0.646875 0.105417 0.071250 0.080833
0 0.811562 0.053750 0.081875 0.102500
3 0.768750 0.772917 0.083750 0.107500
0 0.710313 0.196667 0.066875 0.101667
0 0.403750 0.702500 0.062500 0.083333
0 0.226562 0.233333 0.074375 0.096667
0 0.859062 0.280000 0.060625 0.083333
0 0.894062 0.706250 0.078125 0.089167
0 0.094062 0.469167 0.063125 0.076667
0 0.338438 0.385000 0.070625 0.085000
0 0.531250 0.433333 0.057500 0.081667
0 0.652500 0.190833 0.068750 0.086667
0 0.767813 0.264167 0.070625 0.090000
0 0.816562 0.451250 0.055625 0.075833
0 0.305625 0.908333 0.070000 0.096667
0 0.260625 0.342083 0.071250 0.077500
0 0.826250 0.609583 0.065000 0.099167
0 0.125000 0.809167 0.062500 0.080000
0 0.907500 0.920833 0.075000 0.076667
0 0.767500 0.435833 0.067500 0.101667
0 0.496875 0.492083 0.067500 0.090833
0 0.767813 0.878750 0.054375 0.100833
0 0.423438 0.435833 0.064375 0.088333
0 0.095312 0.125833 0.080625 0.073333
0 0.138437 0.713333 0.058125 0.080000
0 0.271875 0.104167 0.075000 0.095000
0 0.915937 0.487083 0.061875 0.074167
0 0.786563 0.602917 0.064375 0.074167
3 0.850625 0.866667 0.097500 0.101667
0 0.615000 0.773333 0.063750 0.063333
0 0.185625 0.661667 0.073750 0.070000
0 0.061250 0.325417 0.070000 0.080833
0 0.203437 0.771667 0.063125 0.066667
0 0.954688 0.872500 0.059375 0.075000
0 0.943125 0.048333 0.066250 0.095000
0 0.086563 0.237083 0.056875 0.074167
0 0.155625 0.322500 0.060000 0.071667
0 0.215000 0.141667 0.060000 0.088333
1 0.128438 0.391667 0.096875 0.088333
0 0.658750 0.552083 0.087500 0.077500
0 0.180000 0.515417 0.062500 0.070833
0 0.584688 0.152500 0.085625 0.083333
0 0.125000 0.876250 0.078750 0.079167
0 0.944063 0.817083 0.051875 0.074167
0 0.670625 0.584167 0.095000 0.051667
0 0.211250 0.715833 0.065000 0.068333
0 0.460313 0.498333 0.068125 0.083333
0 0.652813 0.040833 0.059375 0.073333
0 0.323750 0.037917 0.075000 0.064167
0 0.255000 0.917083 0.067500 0.065833
0 0.103438 0.270000 0.056875 0.080000
