0 0.139063 0.527083 0.080625 0.094167
0 0.720313 0.885000 0.074375 0.103333
0 0.930937 0.093750 0.080625 0.095833
0 0.372500 0.194583 0.065000 0.095833
1 0.485000 0.830000 0.073750 0.105000
0 0.797500 0.887917 0.076250 0.097500
0 0.506875 0.295000 0.083750 0.096667
0 0.655625 0.474583 0.076250 0.095833
0 0.667813 0.613333 0.080625 0.113333
0 0.857500 0.442917 0.075000 0.105833
0 0.156250 0.322917 0.070000 0.100833
0 0.883750 0.907500 0.082500 0.095000
0 0.408438 0.050000 0.073125 0.100000
0 0.364375 0.312917 0.075000 0.100833
0 0.507188 0.162917 0.083125 0.084167
0 0.929688 0.827917 0.078125 0.104167
0 0.640625 0.764583 0.075000 0.100833
0 0.148750 0.754167 0.068750 0.095000
0 0.045937 0.255417 0.085625 0.079167
0 0.612187 0.617917 0.065625 0.107500
0 0.519687 0.395000 0.076875 0.108333
0 0.473438 0.395417 0.070625 0.087500
0 0.255312 0.047917 0.070625 0.087500
0 0.895938 0.200417 0.079375 0.092500
0 0.523438 0.495000 0.076875 0.098333
0 0.661875 0.310833 0.067500 0.095000
0 0.355625 0.800417 0.077500 0.104167
0 0.618437 0.392917 0.074375 0.100833
0 0.380000 0.427500 0.067500 0.103333
0 0.801250 0.704583 0.078750 0.099167
0 0.764375 0.345417 0.081250 0.110833
0 0.946250 0.652917 0.076250 0.092500
0 0.523125 0.626667 0.078750 0.096667
0 0.075625 0.699583 0.076250 0.105833
0 0.057188 0.829583 0.069375 0.109167
0 0.536563 0.042083 0.074375 0.082500
0 0.445625 0.573333 0.071250 0.083333
0 0.325937 0.421667 0.064375 0.095000
0 0.242500 0.697500 0.087500 0.091667
0 0.424375 0.662083 0.078750 0.104167
0 0.357187 0.930417 0.089375 0.080833
0 0.133437 0.850833 0.089375 0.091667
0 0.211250 0.205833 0.092500 0.078333
0 0.604688 0.855000 0.070625 0.106667
0 0.578125 0.768750 0.070000 0.104167
0 0.262188 0.425417 0.073125 0.099167
0 0.613437 0.105833 0.079375 0.071667
0 0.101562 0.284583 0.076875 0.107500
0 0.217500 0.609167 0.107500 0.088333
0 0.409062 0.521667 0.069375 0.076667
0 0.067500 0.940833 0.077500 0.103333
3 0.310937 0.160833 0.079375 0.155000
0 0.505313 0.749167 0.080625 0.090000
0 0.243125 0.786250 0.095000 0.090833
0 0.562187 0.135833 0.086875 0.096667
0 0.281875 0.524167 0.075000 0.086667
0 0.245625 0.556667 0.100000 0.105000
0 0.454062 0.484167 0.074375 0.103333
0 0.446875 0.617083 0.092500 0.080833
0 0.539375 0.844167 0.065000 0.123333
0 0.378125 0.653750 0.057500 0.097500
0 0.166875 0.666250 0.140000 0.062500
