0 0.610000 0.203333 0.076250 0.091667
0 0.525312 0.878750 0.079375 0.105833
0 0.824688 0.555000 0.071875 0.093333
0 0.869062 0.395833 0.076875 0.100000
0 0.195000 0.193333 0.066250 0.080000
0 0.509062 0.163333 0.079375 0.105000
0 0.062187 0.714167 0.056875 0.086667
0 0.062500 0.767917 0.065000 0.080833
0 0.942187 0.910833 0.081875 0.106667
0 0.358750 0.635417 0.082500 0.107500
0 0.298750 0.799167 0.062500 0.101667
0 0.450625 0.221250 0.081250 0.102500
0 0.082812 0.458333 0.055625 0.071667
0 0.606563 0.737083 0.071875 0.114167
0 0.703750 0.675833 0.070000 0.103333
0 0.130312 0.851667 0.069375 0.095000
1 0.893125 0.839167 0.080000 0.126667
0 0.254375 0.793333 0.075000 0.106667
0 0.406250 0.934167 0.070000 0.085000
0 0.864062 0.073750 0.073125 0.094167
0 0.542813 0.784167 0.075625 0.111667
0 0.140000 0.416667 0.075000 0.103333
0 0.697812 0.059583 0.074375 0.095833
0 0.750625 0.408333 0.067500 0.091667
0 0.345313 0.887083 0.056875 0.075833
0 0.293125 0.894583 0.070000 0.097500
0 0.078437 0.832917 0.060625 0.074167
0 0.824688 0.753333 0.076875 0.115000
1 0.125625 0.336250 0.131250 0.090833
4 0.885312 0.510833 0.085625 0.148333
1 0.779375 0.694583 0.075000 0.119167
1 0.446562 0.796667 0.095625 0.103333
0 0.784062 0.403750 0.070625 0.094167
0 0.797188 0.304583 0.065625 0.085833
0 0.715625 0.175000 0.057500 0.075000
0 0.783438 0.072083 0.053125 0.084167
0 0.933125 0.132917 0.061250 0.080833
0 0.717812 0.252083 0.066875 0.094167
0 0.825000 0.138333 0.056250 0.080000
0 0.890938 0.128333 0.060625 0.088333
0 0.780937 0.215833 0.071875 0.078333
0 0.939688 0.696667 0.066875 0.081667
0 0.940625 0.813750 0.052500 0.084167
0 0.750000 0.608750 0.063750 0.077500
0 0.555625 0.682917 0.060000 0.095833
0 0.436563 0.691250 0.065625 0.114167
0 0.237187 0.360417 0.065625 0.089167
0 0.386250 0.066250 0.058750 0.067500
0 0.405000 0.497500 0.058750 0.085000
0 0.536875 0.330417 0.057500 0.094167
0 0.525312 0.272083 0.066875 0.084167
