0 0.772188 0.831250 0.065625 0.087500
0 0.180312 0.085833 0.071875 0.098333
0 0.552500 0.367500 0.072500 0.098333
0 0.380625 0.462500 0.066250 0.090000
0 0.082187 0.477917 0.059375 0.085833
0 0.417500 0.846250 0.070000 0.094167
0 0.624687 0.266667 0.068125 0.081667
0 0.370625 0.287500 0.057500 0.075000
0 0.628125 0.178750 0.063750 0.079167
0 0.477500 0.164167 0.068750 0.088333
0 0.310625 0.359583 0.068750 0.087500
0 0.287813 0.152500 0.069375 0.095000
0 0.113750 0.898333 0.063750 0.078333
0 0.057813 0.231250 0.068125 0.079167
0 0.441250 0.768333 0.061250 0.086667
0 0.906875 0.287083 0.072500 0.097500
0 0.574688 0.530000 0.076875 0.086667
0 0.638125 0.727083 0.061250 0.080833
0 0.388750 0.041667 0.062500 0.081667
0 0.812187 0.916250 0.059375 0.080833
0 0.641250 0.359167 0.065000 0.093333
0 0.530625 0.602083 0.077500 0.100833
0 0.278438 0.597083 0.069375 0.099167
0 0.345625 0.588333 0.066250 0.073333
1 0.467500 0.276667 0.091250 0.091667
0 0.740000 0.146667 0.071250 0.090000
0 0.470313 0.350417 0.070625 0.084167
0 0.372812 0.167917 0.060625 0.087500
0 0.539062 0.795833 0.059375 0.078333
0 0.471562 0.946250 0.066875 0.097500
0 0.078125 0.788750 0.070000 0.085833
0 0.108438 0.127917 0.055625 0.080833
0 0.296250 0.255417 0.066250 0.084167
0 0.275000 0.058750 0.057500 0.092500
0 0.184062 0.434167 0.070625 0.080000
0 0.150938 0.858750 0.065625 0.080833
0 0.679375 0.947500 0.047500 0.076667
0 0.232187 0.851250 0.078125 0.099167
0 0.767500 0.586250 0.066250 0.072500
0 0.806562 0.073333 0.064375 0.085000
0 0.472500 0.623750 0.062500 0.079167
1 0.165313 0.632500 0.078125 0.113333
0 0.875000 0.216667 0.065000 0.083333
0 0.764687 0.428333 0.064375 0.071667
0 0.553438 0.155833 0.080625 0.071667
6 0.577500 0.876667 0.080000 0.120000
1 0.650312 0.897917 0.091875 0.094167
0 0.970313 0.362917 0.059375 0.065833
0 0.113437 0.342917 0.056875 0.090833
0 0.951250 0.490417 0.066250 0.077500
0 0.456875 0.048750 0.065000 0.085833
0 0.965000 0.427917 0.070000 0.084167
0 0.055313 0.153750 0.061875 0.077500
0 0.782500 0.650000 0.066250 0.078333
1 0.762188 0.718333 0.078125 0.116667
0 0.163125 0.365000 0.050000 0.070000
0 0.847187 0.847083 0.063125 0.080833
0 0.200000 0.910833 0.071250 0.076667
0 0.049375 0.710000 0.066250 0.075000
0 0.605000 0.658333 0.051250 0.073333
0 0.963750 0.061250 0.066250 0.087500
0 0.183125 0.715417 0.047500 0.079167
0 0.756250 0.511667 0.071250 0.083333
0 0.507812 0.076667 0.051875 0.070000
0 0.410625 0.113333 0.045000 0.071667
0 0.964375 0.564583 0.070000 0.094167
0 0.313750 0.678333 0.067500 0.070000
0 0.872812 0.777083 0.063125 0.077500
0 0.921250 0.804167 0.050000 0.070000
0 0.959063 0.963333 0.063125 0.073333
0 0.869062 0.867917 0.065625 0.084167
1 0.364375 0.736667 0.107500 0.111667
