0 0.192812 0.575417 0.064375 0.082500
0 0.938750 0.485000 0.076250 0.095000
0 0.550937 0.294583 0.059375 0.077500
0 0.859062 0.214167 0.075625 0.101667
0 0.191875 0.492083 0.056250 0.079167
0 0.690625 0.187500 0.061250 0.083333
0 0.450625 0.219583 0.063750 0.085833
0 0.634687 0.256667 0.073125 0.081667
0 0.186875 0.257083 0.061250 0.089167
0 0.220000 0.418750 0.057500 0.080833
0 0.617188 0.930417 0.056875 0.075833
0 0.631563 0.162917 0.065625 0.092500
0 0.130000 0.697083 0.071250 0.082500
0 0.185000 0.665000 0.077500 0.085000
0 0.488438 0.338750 0.059375 0.089167
0 0.118125 0.417500 0.063750 0.090000
0 0.279375 0.377083 0.066250 0.082500
0 0.771563 0.787917 0.068125 0.095833
0 0.552188 0.912083 0.059375 0.080833
0 0.454062 0.900417 0.078125 0.087500
0 0.185625 0.054583 0.061250 0.090833
0 0.322813 0.858750 0.078125 0.079167
0 0.852812 0.876667 0.059375 0.083333
0 0.780000 0.196667 0.063750 0.088333
0 0.922813 0.771250 0.058125 0.084167
0 0.344687 0.946667 0.060625 0.080000
0 0.720000 0.450417 0.071250 0.094167
0 0.916250 0.632083 0.066250 0.080833
0 0.263437 0.465000 0.076875 0.078333
0 0.293125 0.674583 0.081250 0.079167
0 0.854688 0.105417 0.061875 0.082500
0 0.424375 0.539167 0.071250 0.090000
0 0.673750 0.099583 0.067500 0.082500
0 0.331562 0.426667 0.058125 0.076667
0 0.570937 0.209167 0.056875 0.080000
0 0.853750 0.535833 0.072500 0.085000
0 0.960000 0.219167 0.061250 0.096667
0 0.664687 0.869167 0.068125 0.090000
0 0.424375 0.839167 0.063750 0.083333
0 0.505313 0.662917 0.061875 0.105833
0 0.124375 0.263750 0.061250 0.110833
0 0.915625 0.350417 0.062500 0.075833
0 0.350313 0.613333 0.070625 0.085000
0 0.342813 0.047500 0.063125 0.095000
0 0.261250 0.757917 0.060000 0.085833
0 0.824063 0.314167 0.064375 0.085000
0 0.404062 0.457500 0.061875 0.083333
0 0.810937 0.827500 0.068125 0.090000
0 0.111250 0.832500 0.066250 0.085000
0 0.174063 0.753333 0.064375 0.080000
0 0.255625 0.540833 0.077500 0.076667
0 0.590000 0.040833 0.057500 0.076667
0 0.244688 0.908333 0.069375 0.083333
0 0.940000 0.853333 0.058750 0.076667
0 0.581875 0.122917 0.076250 0.084167
0 0.397500 0.070000 0.061250 0.105000
0 0.155938 0.374167 0.061875 0.076667
0 0.670312 0.771667 0.056875 0.081667
0 0.768750 0.619167 0.068750 0.083333
0 0.268125 0.607500 0.078750 0.095000
0 0.534062 0.372083 0.063125 0.070833
0 0.636875 0.478333 0.067500 0.078333
0 0.098437 0.957917 0.058125 0.082500
0 0.943125 0.564583 0.090000 0.070833
0 0.453750 0.668333 0.057500 0.088333
0 0.876875 0.038750 0.062500 0.075833
0 0.959063 0.706250 0.080625 0.084167
0 0.928438 0.160833 0.059375 0.093333
0 0.885625 0.160000 0.060000 0.125000
