0 0.069375 0.274583 0.078750 0.090833
0 0.739062 0.697083 0.065625 0.085833
0 0.695937 0.209583 0.064375 0.082500
0 0.105313 0.467917 0.065625 0.084167
0 0.073438 0.356250 0.066875 0.082500
0 0.095000 0.565000 0.077500 0.113333
0 0.140625 0.898750 0.063750 0.082500
0 0.642500 0.333333 0.072500 0.088333
0 0.650625 0.452917 0.070000 0.089167
0 0.068437 0.123750 0.075625 0.089167
0 0.411875 0.546250 0.072500 0.092500
0 0.459375 0.599167 0.068750 0.088333
0 0.881250 0.855417 0.082500 0.104167
0 0.848750 0.611667 0.068750 0.080000
0 0.607812 0.106250 0.071875 0.095833
0 0.479687 0.741667 0.073125 0.098333
0 0.703750 0.420833 0.060000 0.091667
0 0.608437 0.515833 0.073125 0.090000
0 0.322500 0.146250 0.071250 0.084167
0 0.125938 0.234583 0.054375 0.080833
0 0.818125 0.377500 0.062500 0.085000
0 0.340938 0.232917 0.065625 0.082500
0 0.555000 0.847917 0.068750 0.090833
0 0.202500 0.854167 0.077500 0.093333
0 0.529687 0.661250 0.066875 0.079167
0 0.183750 0.182500 0.072500 0.105000
0 0.170625 0.272083 0.070000 0.084167
0 0.956562 0.807083 0.079375 0.095833
0 0.831875 0.523750 0.061250 0.092500
0 0.280000 0.272500 0.070000 0.090000
0 0.490625 0.315833 0.080000 0.111667
0 0.897813 0.731250 0.075625 0.097500
0 0.826875 0.258333 0.076250 0.096667
0 0.728437 0.808333 0.074375 0.105000
0 0.688125 0.117083 0.073750 0.084167
0 0.304063 0.669583 0.078125 0.099167
0 0.875313 0.442500 0.061875 0.070000
0 0.758125 0.337500 0.077500 0.093333
0 0.880625 0.359167 0.077500 0.096667
0 0.478438 0.167500 0.074375 0.101667
0 0.372188 0.340000 0.075625 0.091667
0 0.795312 0.775833 0.066875 0.081667
0 0.264062 0.338333 0.065625 0.086667
0 0.272500 0.429167 0.080000 0.096667
0 0.596562 0.304167 0.065625 0.085000
0 0.754062 0.276667 0.069375 0.070000
0 0.578125 0.721667 0.071250 0.101667
0 0.906563 0.290833 0.084375 0.098333
0 0.816875 0.841667 0.072500 0.090000
0 0.270000 0.097500 0.072500 0.086667
0 0.092188 0.845833 0.071875 0.093333
0 0.329688 0.057917 0.068125 0.084167
0 0.667500 0.765000 0.068750 0.098333
0 0.757500 0.606250 0.065000 0.085833
0 0.622188 0.617917 0.073125 0.079167
0 0.397813 0.205833 0.073125 0.088333
0 0.549375 0.082083 0.063750 0.075833
0 0.325937 0.582083 0.065625 0.097500
0 0.795312 0.449167 0.065625 0.086667
0 0.935625 0.206250 0.075000 0.089167
0 0.696562 0.580833 0.076875 0.108333
0 0.555312 0.235833 0.075625 0.101667
0 0.914062 0.647500 0.069375 0.085000
0 0.553125 0.146250 0.073750 0.084167
0 0.410000 0.069167 0.065000 0.086667
0 0.437812 0.138750 0.068125 0.090833
0 0.646875 0.162083 0.061250 0.084167
0 0.961250 0.580000 0.072500 0.105000
0 0.510000 0.900000 0.070000 0.085000
0 0.612812 0.766667 0.068125 0.075000
0 0.346875 0.423750 0.067500 0.097500
0 0.921250 0.143333 0.073750 0.093333
0 0.764062 0.153750 0.064375 0.080833
0 0.572812 0.615417 0.079375 0.095833
0 0.775937 0.184583 0.078125 0.099167
1 0.380312 0.110833 0.066875 0.111667
0 0.354687 0.519583 0.071875 0.085833
0 0.053437 0.768333 0.059375 0.100000
0 0.075625 0.933750 0.063750 0.092500
0 0.096875 0.951667 0.066250 0.086667
1 0.515000 0.815000 0.055000 0.115000
4 0.871875 0.217500 0.083750 0.113333
4 0.887188 0.547917 0.069375 0.105833
0 0.766875 0.430833 0.063750 0.098333
0 0.319375 0.430833 0.075000 0.101667
0 0.959375 0.704583 0.052500 0.090833
