0 0.778438 0.501250 0.060625 0.084167
0 0.171250 0.223750 0.067500 0.100833
0 0.058750 0.359583 0.068750 0.090833
0 0.216250 0.118333 0.071250 0.105000
0 0.634375 0.538750 0.068750 0.094167
0 0.277813 0.827083 0.071875 0.095833
0 0.736875 0.725833 0.072500 0.096667
0 0.279375 0.312917 0.068750 0.087500
0 0.838125 0.502500 0.066250 0.096667
0 0.889375 0.096250 0.071250 0.089167
0 0.675312 0.295833 0.069375 0.083333
0 0.488125 0.634583 0.071250 0.087500
0 0.805312 0.207917 0.068125 0.087500
0 0.209063 0.493333 0.071875 0.093333
0 0.583125 0.455417 0.061250 0.074167
0 0.116875 0.589583 0.070000 0.090833
0 0.733125 0.328333 0.067500 0.103333
0 0.711250 0.495417 0.067500 0.095833
0 0.730313 0.144167 0.076875 0.090000
0 0.831875 0.390833 0.053750 0.076667
0 0.361250 0.499583 0.065000 0.074167
0 0.299687 0.572083 0.070625 0.094167
0 0.941250 0.232500 0.061250 0.098333
0 0.774687 0.419167 0.056875 0.078333
0 0.484375 0.375417 0.065000 0.087500
0 0.054375 0.691667 0.076250 0.096667
0 0.223125 0.578333 0.066250 0.083333
0 0.081562 0.505417 0.073125 0.094167
0 0.283438 0.119167 0.069375 0.095000
0 0.682187 0.173750 0.058125 0.067500
0 0.463750 0.220000 0.060000 0.081667
0 0.616875 0.187917 0.075000 0.097500
0 0.642813 0.497083 0.065625 0.095833
0 0.765625 0.640417 0.066250 0.099167
0 0.342500 0.065000 0.073750 0.083333
0 0.845938 0.752917 0.068125 0.080833
0 0.914062 0.532083 0.064375 0.082500
0 0.422500 0.410000 0.070000 0.098333
0 0.241563 0.864583 0.064375 0.090833
0 0.113437 0.906250 0.070625 0.095833
0 0.532188 0.093333 0.069375 0.095000
0 0.856250 0.870833 0.072500 0.093333
0 0.503437 0.276250 0.061875 0.074167
0 0.890625 0.226667 0.065000 0.095000
0 0.884687 0.666250 0.064375 0.080833
0 0.588437 0.880000 0.060625 0.060000
0 0.432812 0.119583 0.066875 0.092500
0 0.245625 0.723333 0.055000 0.076667
0 0.580313 0.115417 0.071875 0.094167
0 0.783438 0.313750 0.063125 0.084167
0 0.120313 0.331250 0.053125 0.065833
0 0.187812 0.378750 0.069375 0.080833
0 0.928438 0.045833 0.058125 0.071667
0 0.303750 0.909167 0.067500 0.091667
0 0.409375 0.535417 0.056250 0.069167
0 0.364687 0.422917 0.060625 0.074167
0 0.795937 0.723333 0.059375 0.090000
0 0.829063 0.317083 0.054375 0.074167
0 0.384062 0.168333 0.056875 0.090000
0 0.235937 0.203333 0.053125 0.070000
0 0.177500 0.562500 0.067500 0.088333
0 0.936250 0.311667 0.057500 0.070000
0 0.212188 0.766667 0.065625 0.086667
0 0.189375 0.915417 0.072500 0.079167
0 0.115937 0.261667 0.063125 0.073333
0 0.840313 0.040000 0.056875 0.071667
0 0.165937 0.703750 0.058125 0.072500
0 0.385625 0.293333 0.056250 0.070000
0 0.768437 0.801667 0.058125 0.076667
0 0.474062 0.481667 0.064375 0.090000
0 0.915625 0.901250 0.075000 0.080833
0 0.552500 0.292083 0.056250 0.069167
0 0.113750 0.433750 0.050000 0.067500
0 0.109063 0.797917 0.050625 0.084167
0 0.078437 0.759167 0.046875 0.060000
1 0.178437 0.811250 0.073125 0.122500
0 0.057500 0.918750 0.055000 0.080833
0 0.665000 0.669167 0.057500 0.085000
0 0.515625 0.548750 0.051250 0.065833
0 0.524062 0.332500 0.054375 0.068333
0 0.969375 0.442917 0.055000 0.062500
0 0.896563 0.512500 0.056875 0.085000
0 0.742812 0.638333 0.058125 0.068333
0 0.740625 0.554583 0.062500 0.062500
0 0.388125 0.364583 0.051250 0.064167
0 0.439063 0.289583 0.061875 0.062500
0 0.732187 0.067917 0.059375 0.067500
0 0.869687 0.287917 0.056875 0.074167
0 0.742812 0.205000 0.058125 0.085000
1 0.594375 0.180417 0.086250 0.134167
0 0.932187 0.774167 0.056875 0.083333
0 0.884687 0.791250 0.058125 0.082500
0 0.855000 0.953750 0.052500 0.060833
0 0.450313 0.892500 0.056875 0.073333
1 0.338125 0.897917 0.063750 0.115833
0 0.614062 0.612917 0.051875 0.062500
0 0.623437 0.677083 0.036875 0.080833
0 0.402187 0.038750 0.050625 0.077500
0 0.424687 0.165833 0.048125 0.071667
0 0.623125 0.349583 0.045000 0.064167
0 0.155938 0.847917 0.059375 0.087500
0 0.910625 0.849167 0.053750 0.058333
0 0.808125 0.910417 0.050000 0.067500
0 0.463750 0.525000 0.061250 0.071667
0 0.445625 0.495000 0.055000 0.060000
0 0.574375 0.826250 0.052500 0.059167
