0 0.364375 0.525417 0.070000 0.097500
0 0.291250 0.139167 0.063750 0.083333
0 0.372812 0.793333 0.074375 0.098333
0 0.381250 0.175417 0.061250 0.079167
0 0.465938 0.585833 0.068125 0.080000
0 0.275938 0.633333 0.068125 0.091667
0 0.120313 0.189167 0.078125 0.100000
0 0.198125 0.314167 0.067500 0.086667
0 0.289687 0.387500 0.070625 0.093333
0 0.921250 0.541250 0.067500 0.087500
0 0.775000 0.448333 0.070000 0.086667
0 0.518125 0.525417 0.070000 0.095833
0 0.579375 0.260417 0.063750 0.090833
0 0.468125 0.785833 0.072500 0.103333
0 0.825937 0.814167 0.063125 0.078333
0 0.716562 0.410417 0.069375 0.092500
0 0.466875 0.672500 0.063750 0.083333
0 0.845625 0.731250 0.057500 0.074167
0 0.529062 0.775833 0.068125 0.081667
0 0.717187 0.667500 0.068125 0.081667
0 0.853437 0.547500 0.060625 0.078333
0 0.638437 0.789583 0.060625 0.075833
0 0.493125 0.400833 0.067500 0.088333
0 0.580000 0.510833 0.055000 0.090000
0 0.940000 0.152500 0.070000 0.096667
0 0.440312 0.285000 0.068125 0.083333
0 0.687500 0.233333 0.073750 0.093333
0 0.355312 0.231667 0.068125 0.078333
0 0.605625 0.914583 0.061250 0.100833
1 0.751875 0.820833 0.083750 0.103333
0 0.856563 0.628750 0.073125 0.085833
0 0.110312 0.643750 0.063125 0.074167
0 0.103438 0.835000 0.068125 0.086667
0 0.545312 0.620417 0.070625 0.077500
0 0.124688 0.497917 0.061875 0.072500
0 0.489063 0.255000 0.063125 0.081667
0 0.094687 0.095000 0.063125 0.078333
0 0.198437 0.610000 0.073125 0.090000
0 0.619062 0.043750 0.070625 0.075833
0 0.186250 0.830417 0.075000 0.079167
0 0.251563 0.715833 0.065625 0.081667
0 0.657813 0.179167 0.056875 0.081667
1 0.222812 0.192500 0.078125 0.110000
0 0.125312 0.243750 0.059375 0.082500
0 0.080625 0.742500 0.058750 0.085000
0 0.195625 0.680000 0.065000 0.075000
0 0.929688 0.454583 0.065625 0.072500
0 0.058438 0.595833 0.055625 0.073333
0 0.889062 0.415833 0.074375 0.095000
0 0.633437 0.552500 0.053125 0.073333
0 0.800625 0.208333 0.055000 0.075000
0 0.878125 0.367500 0.066250 0.078333
0 0.539687 0.938750 0.055625 0.077500
0 0.196563 0.755000 0.068125 0.085000
0 0.895938 0.289583 0.063125 0.070833
0 0.785625 0.871667 0.047500 0.066667
0 0.843750 0.126667 0.061250 0.091667
0 0.064062 0.890417 0.064375 0.080833
0 0.183438 0.471250 0.051875 0.072500
0 0.378750 0.047083 0.071250 0.094167
0 0.266250 0.227500 0.053750 0.071667
0 0.709688 0.590833 0.055625 0.073333
0 0.778438 0.139583 0.064375 0.070833
0 0.150312 0.922917 0.071875 0.077500
0 0.134375 0.759167 0.051250 0.076667
0 0.877812 0.919583 0.065625 0.075833
0 0.656250 0.332083 0.057500 0.077500
0 0.129688 0.955000 0.064375 0.078333
0 0.564375 0.830833 0.063750 0.070000
0 0.844688 0.180000 0.061875 0.073333
0 0.114375 0.679583 0.076250 0.084167
0 0.250000 0.797917 0.056250 0.070833
0 0.105625 0.872917 0.066250 0.094167
0 0.025937 0.426250 0.050625 0.079167
0 0.304688 0.842500 0.046875 0.068333
0 0.542500 0.708750 0.055000 0.069167
0 0.475938 0.072500 0.045625 0.066667
0 0.477187 0.968750 0.059375 0.062500
0 0.024375 0.731250 0.047500 0.067500
0 0.764687 0.959583 0.064375 0.080833
