0 0.185938 0.375833 0.064375 0.078333
0 0.829063 0.720417 0.066875 0.094167
0 0.403125 0.335000 0.068750 0.090000
0 0.405938 0.488333 0.066875 0.090000
0 0.544687 0.847083 0.064375 0.075833
0 0.395937 0.088750 0.065625 0.084167
0 0.825000 0.222500 0.076250 0.081667
0 0.954375 0.823333 0.080000 0.101667
0 0.799375 0.145417 0.076250 0.082500
0 0.874687 0.804583 0.053125 0.135833
0 0.508437 0.098750 0.075625 0.102500
0 0.386562 0.789167 0.061875 0.111667
0 0.434063 0.771667 0.080625 0.111667
0 0.674375 0.791250 0.077500 0.100833
0 0.348438 0.530000 0.080625 0.108333
6 0.785937 0.475833 0.080625 0.098333
3 0.188750 0.510417 0.071250 0.102500
