0 0.801250 0.652500 0.075000 0.115000
0 0.792813 0.525833 0.070625 0.095000
0 0.150938 0.492917 0.065625 0.084167
0 0.561875 0.295417 0.063750 0.089167
0 0.715000 0.355417 0.070000 0.089167
0 0.044375 0.212083 0.063750 0.087500
0 0.102188 0.134583 0.076875 0.104167
0 0.609688 0.590833 0.068125 0.096667
0 0.122188 0.260417 0.066875 0.087500
0 0.643437 0.675833 0.066875 0.091667
0 0.485312 0.263333 0.059375 0.081667
0 0.405313 0.674167 0.061875 0.086667
0 0.502188 0.786667 0.066875 0.088333
0 0.410000 0.259167 0.070000 0.091667
0 0.668750 0.435417 0.062500 0.080833
0 0.299375 0.562500 0.083750 0.101667
0 0.045625 0.497917 0.071250 0.092500
0 0.309688 0.452083 0.081875 0.094167
0 0.772500 0.180000 0.077500 0.108333
0 0.699375 0.725000 0.072500 0.096667
0 0.143437 0.395417 0.065625 0.089167
0 0.232187 0.273750 0.078125 0.095833
0 0.257500 0.365417 0.062500 0.079167
0 0.439375 0.413750 0.071250 0.100833
0 0.831875 0.106667 0.070000 0.098333
0 0.323750 0.735417 0.070000 0.102500
0 0.508750 0.172917 0.073750 0.094167
0 0.670000 0.208333 0.073750 0.103333
0 0.962500 0.257917 0.068750 0.092500
0 0.536250 0.663333 0.062500 0.098333
0 0.278438 0.659167 0.056875 0.085000
0 0.953438 0.512500 0.071875 0.105000
0 0.097187 0.591250 0.056875 0.119167
0 0.902500 0.844583 0.073750 0.114167
0 0.690312 0.538750 0.088125 0.102500
0 0.553750 0.858750 0.061250 0.075833
0 0.211562 0.149583 0.059375 0.109167
0 0.925625 0.774583 0.063750 0.077500
0 0.882500 0.360833 0.082500 0.106667
0 0.931562 0.722500 0.081875 0.088333
0 0.142500 0.693333 0.072500 0.093333
0 0.848125 0.924583 0.072500 0.085833
0 0.684375 0.954167 0.073750 0.090000
0 0.240000 0.893333 0.071250 0.106667
1 0.508437 0.474583 0.085625 0.129167
