0 0.397813 0.186667 0.066875 0.095000
0 0.136250 0.365000 0.065000 0.095000
0 0.697187 0.858750 0.066875 0.102500
0 0.318125 0.857500 0.060000 0.086667
0 0.686875 0.402917 0.070000 0.099167
0 0.403125 0.358750 0.065000 0.092500
0 0.375312 0.091667 0.066875 0.090000
0 0.213438 0.346667 0.069375 0.091667
0 0.744687 0.210417 0.068125 0.085833
0 0.190000 0.895417 0.063750 0.084167
0 0.802813 0.687083 0.068125 0.095833
0 0.497812 0.582083 0.069375 0.089167
0 0.317500 0.624583 0.068750 0.084167
0 0.181250 0.753333 0.066250 0.095000
0 0.447188 0.909167 0.064375 0.096667
0 0.866563 0.341667 0.064375 0.101667
0 0.515312 0.714167 0.064375 0.083333
0 0.197187 0.432500 0.070625 0.095000
0 0.749375 0.772083 0.075000 0.090833
0 0.313125 0.224583 0.067500 0.084167
0 0.481250 0.356250 0.067500 0.089167
0 0.081250 0.451250 0.067500 0.092500
0 0.620313 0.214167 0.070625 0.095000
0 0.514375 0.835833 0.062500 0.088333
0 0.502500 0.275000 0.062500 0.096667
0 0.065625 0.357917 0.067500 0.089167
0 0.757812 0.111667 0.064375 0.091667
0 0.365312 0.556250 0.065625 0.077500
0 0.893750 0.931250 0.077500 0.095833
0 0.143750 0.560417 0.062500 0.087500
0 0.799063 0.562083 0.065625 0.094167
0 0.774375 0.411667 0.062500 0.088333
0 0.954375 0.317917 0.068750 0.080833
0 0.441875 0.260833 0.055000 0.098333
0 0.846875 0.436250 0.065000 0.085833
0 0.292812 0.091250 0.058125 0.090833
0 0.527813 0.933750 0.070625 0.090833
0 0.666562 0.137917 0.058125 0.090833
0 0.577812 0.591667 0.070625 0.091667
0 0.173125 0.186667 0.050000 0.071667
0 0.374375 0.920833 0.078750 0.090000
0 0.350625 0.440833 0.065000 0.095000
0 0.964063 0.217917 0.069375 0.090833
0 0.065000 0.604583 0.066250 0.087500
0 0.215938 0.597917 0.070625 0.084167
0 0.387500 0.826667 0.076250 0.081667
0 0.503125 0.127917 0.062500 0.087500
0 0.621875 0.922083 0.065000 0.072500
0 0.280313 0.538333 0.064375 0.085000
0 0.751563 0.623750 0.065625 0.099167
0 0.434063 0.525000 0.060625 0.088333
0 0.641563 0.661250 0.059375 0.085833
0 0.931875 0.571250 0.065000 0.097500
0 0.117813 0.236667 0.066875 0.086667
0 0.863750 0.522083 0.061250 0.079167
0 0.863750 0.621667 0.075000 0.086667
0 0.149375 0.134167 0.063750 0.083333
0 0.813438 0.085417 0.071875 0.092500
0 0.460938 0.790833 0.068125 0.086667
0 0.605313 0.738333 0.064375 0.081667
0 0.815937 0.200417 0.069375 0.080833
0 0.455313 0.679167 0.063125 0.106667
0 0.656250 0.499583 0.067500 0.087500
0 0.936875 0.412917 0.063750 0.084167
0 0.941562 0.860833 0.069375 0.081667
0 0.051562 0.265000 0.071875 0.080000
0 0.256563 0.871250 0.061875 0.092500
0 0.581562 0.701667 0.063125 0.111667
0 0.683438 0.603333 0.065625 0.103333
0 0.537500 0.489167 0.067500 0.093333
0 0.623125 0.840417 0.066250 0.080833
0 0.252188 0.704583 0.071875 0.074167
0 0.146563 0.943333 0.066875 0.078333
0 0.117500 0.908333 0.081250 0.088333
0 0.058750 0.553333 0.071250 0.100000
0 0.073125 0.709167 0.072500 0.086667
0 0.561875 0.274167 0.056250 0.095000
0 0.320937 0.752083 0.060625 0.079167
0 0.239063 0.259167 0.064375 0.071667
0 0.808125 0.890833 0.065000 0.078333
0 0.760625 0.507917 0.071250 0.070833
0 0.095000 0.145417 0.081250 0.094167
0 0.552188 0.042083 0.064375 0.084167
0 0.149062 0.672083 0.070625 0.092500
0 0.618750 0.509167 0.067500 0.098333
0 0.426250 0.476667 0.058750 0.098333
0 0.563438 0.343750 0.066875 0.114167
0 0.279062 0.485000 0.069375 0.088333
0 0.826250 0.151667 0.081250 0.081667
0 0.776250 0.315000 0.063750 0.103333
0 0.778750 0.866667 0.065000 0.086667
0 0.730313 0.532500 0.074375 0.095000
0 0.116875 0.658750 0.062500 0.087500
0 0.738750 0.673333 0.057500 0.095000
0 0.661875 0.043750 0.067500 0.084167
0 0.058438 0.135417 0.061875 0.085833
0 0.765625 0.366250 0.071250 0.090833
0 0.037500 0.762500 0.070000 0.100000
0 0.050313 0.719167 0.065625 0.090000
0 0.648438 0.945833 0.051875 0.078333
0 0.515000 0.457083 0.065000 0.087500
0 0.238125 0.220000 0.061250 0.075000
0 0.085000 0.259167 0.070000 0.068333
0 0.141250 0.512500 0.060000 0.083333
0 0.692813 0.152083 0.063125 0.074167
0 0.521250 0.145833 0.062500 0.075000
0 0.229375 0.673333 0.067500 0.086667
0 0.243125 0.830833 0.060000 0.080000
0 0.343438 0.730000 0.064375 0.080000
0 0.587187 0.834167 0.056875 0.083333
0 0.915625 0.842083 0.068750 0.075833
0 0.952187 0.440000 0.055625 0.076667
0 0.890000 0.533333 0.057500 0.080000
