0 0.907188 0.747083 0.069375 0.085833
0 0.734375 0.410833 0.061250 0.091667
0 0.230000 0.912500 0.067500 0.101667
0 0.805625 0.416250 0.072500 0.095833
0 0.807500 0.782083 0.071250 0.090833
0 0.533438 0.190000 0.064375 0.101667
0 0.778438 0.313750 0.074375 0.092500
0 0.772188 0.180833 0.066875 0.080000
0 0.564688 0.595833 0.073125 0.101667
0 0.588125 0.935000 0.081250 0.085000
0 0.104063 0.181250 0.079375 0.099167
0 0.266875 0.850000 0.073750 0.098333
0 0.216562 0.442917 0.070625 0.087500
0 0.708750 0.633333 0.072500 0.105000
0 0.106875 0.827500 0.068750 0.090000
0 0.506875 0.428333 0.066250 0.091667
0 0.133125 0.277917 0.071250 0.099167
0 0.421250 0.563750 0.070000 0.099167
0 0.431563 0.470417 0.078125 0.099167
0 0.812813 0.112917 0.081875 0.087500
0 0.679688 0.460000 0.070625 0.106667
0 0.885938 0.634583 0.079375 0.097500
0 0.357812 0.562083 0.068125 0.109167
0 0.431563 0.372083 0.078125 0.097500
0 0.047813 0.064167 0.075625 0.091667
0 0.948438 0.132500 0.060625 0.105000
0 0.279375 0.454583 0.067500 0.095833
0 0.131875 0.102083 0.058750 0.089167
0 0.418750 0.669583 0.068750 0.094167
0 0.676875 0.363333 0.067500 0.093333
0 0.727812 0.751667 0.070625 0.100000
0 0.532188 0.306250 0.073125 0.102500
0 0.299375 0.130000 0.066250 0.088333
0 0.925625 0.826250 0.075000 0.089167
0 0.556562 0.369583 0.073125 0.094167
0 0.510938 0.646667 0.070625 0.106667
0 0.549375 0.069167 0.073750 0.100000
0 0.837812 0.578333 0.064375 0.095000
0 0.810000 0.707500 0.075000 0.095000
0 0.043437 0.645833 0.075625 0.085000
0 0.239063 0.150000 0.069375 0.111667
0 0.402500 0.767083 0.078750 0.114167
0 0.793125 0.897083 0.068750 0.107500
0 0.966250 0.243750 0.066250 0.099167
0 0.200000 0.787917 0.080000 0.099167
0 0.193750 0.078750 0.066250 0.074167
0 0.601562 0.228750 0.069375 0.077500
0 0.708750 0.935000 0.068750 0.110000
0 0.361563 0.190417 0.074375 0.099167
0 0.325937 0.510417 0.063125 0.102500
0 0.662188 0.939167 0.068125 0.106667
0 0.832500 0.283333 0.066250 0.090000
0 0.622188 0.290000 0.089375 0.080000
0 0.312812 0.674583 0.076875 0.102500
0 0.722500 0.872917 0.067500 0.107500
0 0.172813 0.150417 0.068125 0.092500
0 0.457500 0.614167 0.058750 0.096667
0 0.693125 0.248333 0.071250 0.093333
0 0.635938 0.562500 0.074375 0.105000
