0 0.326562 0.196250 0.061875 0.089167
0 0.333125 0.570417 0.066250 0.085833
0 0.618750 0.506667 0.061250 0.083333
0 0.914375 0.498333 0.055000 0.066667
0 0.372188 0.692500 0.059375 0.085000
0 0.699375 0.494167 0.062500 0.090000
0 0.749687 0.828333 0.063125 0.088333
0 0.195937 0.113750 0.069375 0.084167
0 0.275000 0.340000 0.070000 0.086667
0 0.273438 0.132083 0.075625 0.094167
0 0.540937 0.425833 0.058125 0.080000
0 0.477187 0.377500 0.060625 0.085000
0 0.305625 0.648750 0.065000 0.085833
0 0.409687 0.617500 0.061875 0.095000
0 0.285938 0.253333 0.059375 0.085000
0 0.336875 0.771667 0.063750 0.086667
0 0.587812 0.278750 0.059375 0.084167
0 0.728437 0.292083 0.060625 0.090833
0 0.700313 0.048750 0.060625 0.084167
0 0.579063 0.057083 0.058125 0.085833
0 0.690000 0.210417 0.058750 0.080833
0 0.648750 0.424167 0.060000 0.081667
0 0.221562 0.274583 0.063125 0.082500
0 0.930312 0.385417 0.061875 0.082500
0 0.548125 0.156667 0.058750 0.081667
0 0.486875 0.196250 0.065000 0.089167
0 0.595625 0.611667 0.058750 0.081667
0 0.787813 0.166667 0.068125 0.090000
0 0.042500 0.317500 0.066250 0.088333
0 0.480312 0.287083 0.059375 0.080833
0 0.060000 0.071250 0.057500 0.085833
0 0.825313 0.512083 0.066875 0.090833
0 0.751875 0.550417 0.063750 0.075833
0 0.098750 0.712083 0.062500 0.092500
0 0.576875 0.700417 0.066250 0.089167
0 0.707812 0.392500 0.065625 0.096667
0 0.359687 0.857500 0.064375 0.086667
0 0.138125 0.574167 0.063750 0.090000
0 0.686875 0.923750 0.066250 0.097500
0 0.095625 0.856667 0.062500 0.075000
0 0.393750 0.772083 0.051250 0.080833
0 0.679688 0.830417 0.058125 0.079167
0 0.656875 0.580417 0.055000 0.082500
0 0.759687 0.742917 0.060625 0.072500
0 0.271562 0.722917 0.069375 0.094167
0 0.694063 0.684583 0.065625 0.077500
0 0.150312 0.893750 0.056875 0.070833
0 0.449062 0.707083 0.059375 0.097500
0 0.889062 0.262917 0.063125 0.079167
0 0.453437 0.801667 0.064375 0.076667
0 0.909687 0.714583 0.061875 0.082500
0 0.405625 0.517917 0.068750 0.089167
0 0.369688 0.283750 0.066875 0.087500
0 0.844688 0.450000 0.073125 0.073333
0 0.382812 0.400833 0.061875 0.085000
0 0.775937 0.376250 0.068125 0.094167
0 0.403750 0.886250 0.072500 0.090833
0 0.716875 0.138333 0.073750 0.080000
0 0.933750 0.861250 0.065000 0.087500
0 0.084062 0.382917 0.058125 0.087500
0 0.113437 0.191667 0.064375 0.088333
0 0.833125 0.810417 0.076250 0.089167
0 0.643750 0.319167 0.058750 0.081667
0 0.057500 0.490417 0.065000 0.089167
0 0.866563 0.077083 0.064375 0.082500
0 0.537500 0.253750 0.048750 0.097500
0 0.374688 0.945833 0.061875 0.091667
0 0.469687 0.116667 0.066875 0.091667
0 0.793750 0.259583 0.067500 0.087500
0 0.471250 0.654583 0.068750 0.072500
0 0.577500 0.790417 0.060000 0.080833
0 0.130625 0.775000 0.058750 0.088333
0 0.257812 0.428750 0.074375 0.090833
0 0.789375 0.415000 0.063750 0.088333
0 0.501875 0.081250 0.062500 0.079167
0 0.219375 0.189583 0.050000 0.070833
0 0.576250 0.347917 0.062500 0.095833
0 0.785312 0.903750 0.055625 0.082500
0 0.885625 0.924167 0.053750 0.068333
0 0.787813 0.057500 0.060625 0.063333
0 0.882500 0.324583 0.072500 0.102500
0 0.241875 0.473333 0.070000 0.078333
0 0.958438 0.188333 0.065625 0.088333
0 0.851562 0.364167 0.079375 0.085000
0 0.154375 0.450417 0.062500 0.079167
0 0.948438 0.461667 0.054375 0.078333
0 0.043125 0.912917 0.062500 0.082500
0 0.833125 0.696250 0.060000 0.067500
0 0.156562 0.265417 0.058125 0.075833
0 0.637500 0.212917 0.072500 0.095833
0 0.582187 0.887083 0.075625 0.085833
0 0.421563 0.320000 0.060625 0.076667
0 0.129375 0.344583 0.052500 0.072500
0 0.847500 0.893333 0.062500 0.086667
0 0.220312 0.817500 0.061875 0.091667
0 0.861563 0.747083 0.095625 0.065833
0 0.678438 0.752917 0.078125 0.074167
0 0.833438 0.052917 0.063125 0.082500
0 0.929063 0.600417 0.060625 0.070833
0 0.890000 0.171250 0.060000 0.075833
0 0.264375 0.555833 0.062500 0.086667
0 0.167813 0.754167 0.064375 0.076667
0 0.734688 0.955000 0.066875 0.088333
0 0.422812 0.233750 0.063125 0.085833
0 0.917500 0.137500 0.078750 0.081667
0 0.615000 0.168333 0.065000 0.076667
0 0.614375 0.953333 0.061250 0.080000
0 0.244062 0.044167 0.070625 0.088333
0 0.665000 0.360417 0.068750 0.087500
0 0.240000 0.696667 0.086250 0.085000
0 0.970000 0.696250 0.057500 0.077500
0 0.415625 0.431250 0.058750 0.070833
0 0.336875 0.040000 0.057500 0.080000
0 0.641875 0.772917 0.067500 0.077500
0 0.655937 0.717083 0.076875 0.092500
1 0.329688 0.481250 0.104375 0.102500
1 0.402813 0.179167 0.091875 0.125000
0 0.467813 0.532917 0.061875 0.075833
0 0.536563 0.508750 0.055625 0.079167
0 0.041875 0.177083 0.061250 0.087500
0 0.031250 0.197083 0.062500 0.082500
0 0.103750 0.397083 0.047500 0.074167
0 0.080937 0.474583 0.055625 0.087500
0 0.179375 0.448333 0.052500 0.078333
0 0.353438 0.316667 0.066875 0.093333
0 0.769375 0.076250 0.067500 0.069167
0 0.860938 0.169583 0.055625 0.069167
0 0.821562 0.286667 0.074375 0.090000
0 0.600000 0.152500 0.053750 0.078333
0 0.541250 0.525833 0.062500 0.061667
0 0.452188 0.520000 0.054375 0.073333
0 0.244375 0.588750 0.066250 0.075833
0 0.150000 0.543750 0.060000 0.082500
0 0.058750 0.931250 0.062500 0.087500
0 0.557500 0.796250 0.070000 0.080833
0 0.270313 0.900000 0.054375 0.073333
0 0.273750 0.917083 0.070000 0.070833
0 0.240000 0.810833 0.066250 0.066667
0 0.084687 0.833333 0.064375 0.078333
0 0.157812 0.919167 0.055625 0.085000
0 0.612500 0.905000 0.060000 0.083333
0 0.452188 0.822917 0.064375 0.080833
0 0.917188 0.849583 0.059375 0.079167
0 0.124063 0.271667 0.065625 0.090000
0 0.835938 0.845000 0.043125 0.090000
0 0.792813 0.937083 0.051875 0.087500
0 0.910000 0.523750 0.065000 0.079167
0 0.744375 0.576250 0.073750 0.085833
0 0.905000 0.610417 0.063750 0.065833
0 0.876875 0.609583 0.071250 0.080833
0 0.963750 0.673333 0.052500 0.073333
0 0.823438 0.665417 0.058125 0.074167
0 0.791875 0.662917 0.061250 0.080833
0 0.871563 0.941667 0.054375 0.070000
0 0.596875 0.362917 0.060000 0.077500
0 0.193438 0.199167 0.058125 0.070000
0 0.223750 0.624167 0.058750 0.066667
0 0.207500 0.608333 0.060000 0.090000
0 0.189375 0.740417 0.058750 0.074167
0 0.520312 0.067917 0.054375 0.074167
0 0.702187 0.651667 0.061875 0.076667
0 0.310625 0.437917 0.056250 0.064167
