0 0.887500 0.658750 0.075000 0.099167
0 0.929688 0.516667 0.066875 0.100000
0 0.045625 0.445833 0.062500 0.086667
0 0.298125 0.733750 0.076250 0.109167
0 0.770938 0.407917 0.065625 0.084167
0 0.517813 0.644583 0.074375 0.092500
0 0.448125 0.479167 0.068750 0.110000
0 0.087188 0.689167 0.073125 0.096667
0 0.407813 0.792083 0.068125 0.082500
0 0.164687 0.377917 0.074375 0.097500
0 0.829688 0.553333 0.058125 0.075000
0 0.713125 0.646667 0.071250 0.085000
0 0.311875 0.602917 0.080000 0.090833
0 0.637813 0.738750 0.073125 0.082500
0 0.082812 0.337500 0.070625 0.110000
0 0.401875 0.430417 0.068750 0.090833
0 0.362812 0.272500 0.078125 0.086667
0 0.250312 0.667917 0.073125 0.094167
0 0.787813 0.759167 0.070625 0.088333
0 0.617812 0.285417 0.071875 0.100833
0 0.143125 0.132500 0.072500 0.095000
0 0.506250 0.309583 0.077500 0.112500
0 0.185938 0.891667 0.069375 0.101667
0 0.239375 0.320833 0.067500 0.096667
0 0.765312 0.280417 0.069375 0.090833
0 0.785000 0.326667 0.073750 0.080000
0 0.193125 0.459583 0.067500 0.089167
0 0.762813 0.893333 0.065625 0.098333
0 0.664375 0.103750 0.065000 0.089167
0 0.289062 0.940000 0.108125 0.073333
0 0.163750 0.516250 0.070000 0.085833
0 0.503750 0.478750 0.066250 0.099167
0 0.032500 0.812500 0.065000 0.091667
0 0.142500 0.599167 0.067500 0.101667
0 0.665000 0.231250 0.058750 0.077500
6 0.513125 0.150417 0.082500 0.107500
0 0.505938 0.045833 0.080625 0.081667
0 0.132500 0.318750 0.060000 0.082500
0 0.217812 0.538750 0.075625 0.089167
