0 0.085625 0.167917 0.066250 0.094167
1 0.416563 0.585417 0.070625 0.099167
0 0.572812 0.392917 0.068125 0.092500
0 0.869062 0.205417 0.063125 0.080833
0 0.258125 0.101250 0.066250 0.089167
0 0.232187 0.229167 0.058125 0.078333
0 0.414687 0.111667 0.070625 0.100000
0 0.478750 0.207083 0.063750 0.094167
0 0.199063 0.837917 0.070625 0.087500
0 0.667813 0.095833 0.058125 0.078333
0 0.331562 0.638750 0.074375 0.082500
0 0.373437 0.512500 0.065625 0.093333
0 0.372812 0.320833 0.059375 0.073333
0 0.523750 0.437917 0.058750 0.070833
0 0.529062 0.139583 0.059375 0.079167
0 0.283438 0.939583 0.059375 0.079167
0 0.287500 0.530833 0.067500 0.070000
0 0.628750 0.186667 0.061250 0.090000
0 0.629687 0.420833 0.061875 0.076667
0 0.767813 0.151250 0.060625 0.079167
0 0.428125 0.797083 0.056250 0.079167
0 0.730938 0.315833 0.058125 0.090000
0 0.070938 0.629167 0.056875 0.080000
0 0.180312 0.092917 0.068125 0.077500
0 0.088125 0.068750 0.071250 0.100833
0 0.366875 0.691250 0.062500 0.074167
0 0.304063 0.865000 0.071875 0.090000
0 0.225000 0.706250 0.060000 0.080833
0 0.626250 0.628333 0.065000 0.086667
0 0.882500 0.750417 0.062500 0.104167
0 0.045312 0.380833 0.059375 0.078333
0 0.691875 0.298333 0.058750 0.076667
5 0.615625 0.842500 0.060000 0.118333
0 0.215625 0.626250 0.055000 0.069167
0 0.387813 0.419167 0.054375 0.081667
0 0.925937 0.377083 0.056875 0.077500
0 0.364063 0.903333 0.061875 0.088333
1 0.506250 0.672917 0.083750 0.110833
0 0.076875 0.560833 0.057500 0.071667
0 0.320625 0.104167 0.056250 0.086667
0 0.714375 0.629167 0.072500 0.090000
0 0.134375 0.758750 0.063750 0.084167
0 0.256250 0.800000 0.055000 0.081667
0 0.095312 0.352500 0.059375 0.095000
0 0.303438 0.372083 0.055625 0.082500
0 0.903125 0.939583 0.058750 0.077500
0 0.932813 0.307500 0.064375 0.068333
0 0.962187 0.467500 0.064375 0.083333
0 0.955000 0.719583 0.066250 0.105833
0 0.068437 0.707500 0.056875 0.086667
0 0.036250 0.861250 0.065000 0.092500
0 0.319688 0.802500 0.056875 0.071667
0 0.895000 0.653333 0.061250 0.080000
0 0.181562 0.580000 0.056875 0.073333
0 0.035000 0.667500 0.058750 0.086667
0 0.877812 0.350417 0.056875 0.087500
0 0.940000 0.615000 0.048750 0.095000
0 0.337187 0.424167 0.053125 0.103333
0 0.424375 0.263333 0.065000 0.086667
0 0.282813 0.670000 0.054375 0.073333
1 0.432188 0.902083 0.073125 0.109167
0 0.180312 0.753750 0.049375 0.085833
0 0.523438 0.849167 0.069375 0.075000
0 0.786563 0.394167 0.051875 0.068333
0 0.935625 0.186667 0.063750 0.081667
0 0.491875 0.059167 0.062500 0.073333
0 0.727812 0.489167 0.063125 0.066667
0 0.859688 0.477500 0.060625 0.080000
0 0.851875 0.867500 0.061250 0.078333
0 0.481563 0.882917 0.049375 0.062500
0 0.428125 0.665833 0.063750 0.101667
0 0.411875 0.065833 0.080000 0.086667
0 0.843750 0.659583 0.057500 0.092500
0 0.535312 0.896250 0.051875 0.072500
1 0.173125 0.505000 0.081250 0.098333
0 0.145625 0.357500 0.056250 0.083333
0 0.659062 0.894583 0.048125 0.072500
0 0.577187 0.725000 0.059375 0.076667
0 0.485938 0.790417 0.060625 0.092500
0 0.034375 0.512917 0.066250 0.087500
3 0.801250 0.307917 0.058750 0.117500
0 0.817500 0.862917 0.057500 0.090833
0 0.527188 0.762083 0.054375 0.099167
0 0.124063 0.539583 0.060625 0.089167
0 0.765312 0.517083 0.068125 0.105833
0 0.771875 0.563333 0.057500 0.110000
0 0.912813 0.715417 0.061875 0.085833
0 0.971875 0.833750 0.056250 0.074167
0 0.679375 0.840417 0.057500 0.064167
0 0.132500 0.711667 0.057500 0.075000
0 0.024063 0.102083 0.048125 0.082500
0 0.673438 0.556250 0.045625 0.059167
0 0.556875 0.931250 0.055000 0.087500
0 0.599375 0.917500 0.065000 0.108333
0 0.838750 0.407500 0.048750 0.076667
0 0.768125 0.347500 0.050000 0.075000
