0 0.135937 0.835417 0.071875 0.085833
0 0.673438 0.867500 0.083125 0.103333
0 0.768437 0.548750 0.085625 0.104167
0 0.355938 0.511250 0.076875 0.102500
0 0.136875 0.729167 0.061250 0.076667
0 0.070000 0.823333 0.057500 0.078333
0 0.155938 0.091667 0.069375 0.081667
0 0.091875 0.080417 0.063750 0.094167
0 0.136875 0.924583 0.073750 0.097500
0 0.157188 0.597500 0.078125 0.101667
0 0.851562 0.227917 0.086875 0.110833
0 0.214688 0.509583 0.068125 0.087500
0 0.270625 0.714167 0.076250 0.088333
0 0.195625 0.667917 0.061250 0.085833
0 0.075625 0.345833 0.072500 0.096667
0 0.417187 0.349583 0.073125 0.099167
0 0.224688 0.190833 0.078125 0.090000
0 0.165313 0.410000 0.078125 0.096667
4 0.057188 0.195000 0.079375 0.106667
0 0.148438 0.310000 0.073125 0.103333
0 0.632188 0.715417 0.071875 0.090833
0 0.894687 0.162083 0.078125 0.085833
0 0.910937 0.912083 0.074375 0.102500
0 0.335938 0.734583 0.070625 0.094167
0 0.360312 0.291667 0.070625 0.116667
0 0.871250 0.840833 0.067500 0.098333
0 0.765625 0.873750 0.063750 0.107500
0 0.707187 0.622500 0.070625 0.103333
0 0.322188 0.633333 0.076875 0.090000
0 0.235937 0.432917 0.071875 0.087500
5 0.946250 0.393333 0.055000 0.090000
0 0.295938 0.179167 0.069375 0.091667
0 0.115625 0.217917 0.055000 0.080833
0 0.265937 0.311667 0.053125 0.100000
0 0.725000 0.142500 0.080000 0.101667
0 0.743750 0.263333 0.075000 0.090000
0 0.834063 0.740000 0.056875 0.085000
0 0.213438 0.272083 0.059375 0.075833
0 0.727812 0.309583 0.065625 0.087500
0 0.941250 0.712500 0.066250 0.075000
0 0.554063 0.395833 0.069375 0.103333
0 0.301250 0.601667 0.063750 0.091667
0 0.811250 0.684167 0.073750 0.088333
0 0.408125 0.761667 0.073750 0.095000
0 0.094687 0.243750 0.084375 0.100833
3 0.825937 0.888750 0.080625 0.105833
1 0.388125 0.185417 0.068750 0.132500
0 0.933438 0.263750 0.079375 0.100833
0 0.225000 0.047500 0.070000 0.095000
6 0.455937 0.525833 0.059375 0.071667
1 0.666250 0.480417 0.097500 0.180833
1 0.406875 0.860417 0.095000 0.140833
1 0.919687 0.791250 0.093125 0.114167
0 0.054062 0.957083 0.068125 0.082500
0 0.764062 0.367500 0.065625 0.100000
0 0.509687 0.387083 0.066875 0.085833
0 0.297812 0.391250 0.085625 0.109167
0 0.455313 0.796667 0.068125 0.078333
0 0.467500 0.447083 0.070000 0.095833
0 0.165313 0.250417 0.051875 0.077500
0 0.283750 0.093333 0.057500 0.073333
0 0.471250 0.869583 0.076250 0.092500
0 0.526875 0.886667 0.061250 0.083333
0 0.709063 0.416250 0.070625 0.077500
0 0.762188 0.642500 0.064375 0.083333
0 0.896563 0.383333 0.063125 0.078333
0 0.840313 0.367083 0.060625 0.074167
