0 0.114375 0.329583 0.068750 0.095833
0 0.378125 0.081667 0.078750 0.111667
0 0.215312 0.285000 0.074375 0.093333
0 0.223438 0.107917 0.065625 0.089167
0 0.726250 0.109167 0.077500 0.100000
0 0.793438 0.568750 0.064375 0.085833
0 0.200625 0.596667 0.068750 0.091667
0 0.895625 0.454167 0.061250 0.081667
0 0.787188 0.240000 0.069375 0.093333
0 0.561562 0.803333 0.066875 0.093333
0 0.595313 0.381250 0.076875 0.095833
0 0.333125 0.617500 0.076250 0.103333
0 0.296563 0.095833 0.064375 0.085000
0 0.496875 0.625417 0.068750 0.094167
0 0.430000 0.723333 0.068750 0.095000
0 0.289375 0.528750 0.070000 0.094167
0 0.240625 0.445417 0.075000 0.099167
0 0.562500 0.289167 0.073750 0.078333
0 0.158125 0.753333 0.076250 0.100000
0 0.325313 0.199583 0.065625 0.094167
0 0.269375 0.776667 0.072500 0.095000
0 0.403438 0.531250 0.075625 0.109167
0 0.274687 0.874167 0.064375 0.080000
0 0.478750 0.806667 0.070000 0.085000
0 0.374063 0.945000 0.061875 0.075000
0 0.224375 0.694167 0.058750 0.078333
0 0.437188 0.395000 0.068125 0.088333
0 0.634062 0.513333 0.079375 0.110000
0 0.628437 0.106667 0.065625 0.096667
0 0.057188 0.567917 0.061875 0.090833
0 0.359063 0.756250 0.060625 0.132500
0 0.115000 0.797917 0.076250 0.100833
0 0.415625 0.605000 0.071250 0.103333
0 0.700937 0.721667 0.075625 0.080000
0 0.683125 0.862917 0.080000 0.085833
0 0.435937 0.876250 0.073125 0.105833
0 0.448750 0.939583 0.065000 0.105833
0 0.678750 0.784167 0.075000 0.086667
0 0.776563 0.853333 0.081875 0.076667
0 0.925625 0.726667 0.071250 0.095000
0 0.804375 0.932500 0.081250 0.096667
0 0.731250 0.561667 0.057500 0.091667
0 0.629062 0.756250 0.068125 0.069167
0 0.888750 0.762500 0.075000 0.105000
5 0.891563 0.894167 0.043125 0.055000
6 0.539687 0.460417 0.080625 0.110833
