0 0.910312 0.451250 0.065625 0.085833
0 0.258750 0.193333 0.062500 0.098333
0 0.852500 0.610417 0.056250 0.080833
0 0.412187 0.856667 0.075625 0.096667
0 0.114375 0.891250 0.063750 0.090833
0 0.100312 0.087083 0.054375 0.094167
1 0.563438 0.756667 0.073125 0.095000
0 0.067500 0.475417 0.063750 0.089167
0 0.687500 0.527500 0.068750 0.088333
0 0.940312 0.094583 0.064375 0.094167
0 0.937813 0.890833 0.058125 0.081667
0 0.548125 0.937917 0.063750 0.087500
0 0.124063 0.163750 0.074375 0.095833
0 0.777188 0.383750 0.071875 0.099167
0 0.606563 0.147083 0.066875 0.074167
0 0.155312 0.418333 0.071875 0.101667
0 0.869687 0.895833 0.070625 0.090000
0 0.757500 0.299583 0.062500 0.080833
0 0.233750 0.951250 0.071250 0.089167
0 0.635625 0.725000 0.070000 0.078333
0 0.852187 0.806667 0.064375 0.086667
0 0.308750 0.597917 0.058750 0.074167
0 0.315937 0.339583 0.068125 0.077500
0 0.460938 0.194167 0.068125 0.095000
0 0.450937 0.547083 0.064375 0.079167
0 0.746250 0.160417 0.066250 0.092500
0 0.809063 0.615417 0.065625 0.084167
0 0.133125 0.484583 0.060000 0.077500
0 0.642188 0.212917 0.061875 0.085833
0 0.190625 0.851667 0.068750 0.081667
0 0.402187 0.951250 0.066875 0.092500
0 0.289062 0.755833 0.065625 0.083333
0 0.825313 0.345833 0.075625 0.093333
0 0.695312 0.692083 0.073125 0.094167
0 0.476250 0.477917 0.067500 0.097500
0 0.421563 0.477083 0.046875 0.060833
0 0.701562 0.813750 0.071875 0.094167
0 0.966250 0.211250 0.057500 0.104167
0 0.273125 0.529583 0.061250 0.094167
0 0.256250 0.647083 0.075000 0.077500
0 0.179688 0.720417 0.069375 0.090833
0 0.951875 0.320833 0.086250 0.101667
0 0.650937 0.894167 0.060625 0.076667
0 0.893125 0.152083 0.066250 0.082500
0 0.886875 0.065417 0.063750 0.085833
0 0.353125 0.253750 0.053750 0.092500
0 0.260000 0.822500 0.072500 0.088333
0 0.549687 0.084583 0.061875 0.072500
0 0.075625 0.233333 0.070000 0.071667
0 0.444063 0.350000 0.066875 0.086667
0 0.805937 0.194583 0.060625 0.079167
0 0.554063 0.563333 0.069375 0.088333
0 0.875313 0.313750 0.064375 0.114167
0 0.567187 0.523750 0.074375 0.094167
0 0.310000 0.196667 0.060000 0.075000
0 0.914375 0.797083 0.061250 0.094167
0 0.200937 0.142917 0.065625 0.097500
0 0.167500 0.564583 0.080000 0.089167
0 0.835938 0.270000 0.068125 0.071667
0 0.037187 0.410000 0.060625 0.075000
0 0.698438 0.185000 0.073125 0.088333
0 0.359375 0.432500 0.070000 0.080000
0 0.553750 0.353333 0.050000 0.070000
0 0.115312 0.298750 0.053125 0.069167
0 0.697500 0.616250 0.062500 0.069167
0 0.859375 0.199167 0.061250 0.071667
0 0.474062 0.283750 0.049375 0.067500
0 0.519687 0.639583 0.060625 0.067500
0 0.511563 0.707500 0.058125 0.075000
0 0.155000 0.233333 0.048750 0.070000
0 0.715938 0.426250 0.068125 0.070833
0 0.070625 0.620417 0.060000 0.079167
0 0.794375 0.100833 0.053750 0.075000
0 0.636563 0.407083 0.056875 0.080833
0 0.175937 0.772083 0.064375 0.079167
0 0.515625 0.789583 0.055000 0.070833
0 0.670000 0.944583 0.062500 0.072500
0 0.419063 0.324583 0.068125 0.092500
0 0.051562 0.911250 0.060625 0.074167
0 0.688438 0.787917 0.071875 0.100833
0 0.203750 0.575417 0.050000 0.079167
0 0.037500 0.818333 0.058750 0.076667
0 0.353125 0.045000 0.061250 0.088333
0 0.108750 0.697083 0.062500 0.064167
0 0.807187 0.928333 0.054375 0.078333
0 0.964063 0.697500 0.058125 0.083333
0 0.025313 0.748750 0.049375 0.069167
0 0.507188 0.382083 0.063125 0.075833
0 0.290000 0.081667 0.056250 0.060000
0 0.195000 0.485833 0.050000 0.065000
0 0.469687 0.747917 0.063125 0.084167
0 0.347500 0.816667 0.055000 0.070000
3 0.627812 0.208750 0.078125 0.065833
0 0.925000 0.561250 0.051250 0.060833
0 0.972500 0.553750 0.055000 0.090833
0 0.567187 0.945417 0.069375 0.087500
0 0.349375 0.889167 0.048750 0.075000
0 0.605000 0.082083 0.048750 0.060833
0 0.370937 0.130833 0.045625 0.075000
0 0.500000 0.563750 0.046250 0.087500
0 0.321875 0.130417 0.060000 0.060833
0 0.123125 0.751667 0.055000 0.070000
0 0.971875 0.780417 0.051250 0.084167
0 0.493437 0.224167 0.061875 0.046667
