0 0.960313 0.782083 0.078125 0.084167
0 0.613437 0.702500 0.076875 0.100000
0 0.661875 0.831250 0.081250 0.109167
0 0.115312 0.081667 0.070625 0.111667
0 0.756875 0.924167 0.077500 0.100000
0 0.340625 0.920833 0.071250 0.090000
0 0.538125 0.801250 0.081250 0.100833
0 0.326250 0.712083 0.065000 0.099167
0 0.540000 0.331250 0.071250 0.100833
0 0.826562 0.154583 0.076875 0.102500
0 0.536250 0.431667 0.077500 0.103333
0 0.398750 0.680833 0.075000 0.103333
0 0.202813 0.418750 0.075625 0.100833
0 0.276562 0.307500 0.065625 0.093333
0 0.495312 0.055000 0.080625 0.086667
0 0.515938 0.715000 0.065625 0.085000
0 0.500000 0.894167 0.065000 0.088333
0 0.277500 0.088333 0.075000 0.103333
0 0.609688 0.567500 0.070625 0.106667
0 0.044375 0.085000 0.078750 0.108333
0 0.674063 0.554167 0.069375 0.085000
0 0.277187 0.479167 0.071875 0.098333
0 0.707500 0.762083 0.063750 0.090833
0 0.610313 0.427917 0.071875 0.109167
0 0.371875 0.839167 0.081250 0.103333
0 0.672188 0.947083 0.079375 0.090833
0 0.260937 0.747083 0.070625 0.092500
0 0.720000 0.888333 0.072500 0.095000
0 0.581562 0.205000 0.058125 0.115000
0 0.862500 0.239583 0.082500 0.099167
0 0.117500 0.192083 0.072500 0.104167
0 0.219688 0.609583 0.085625 0.114167
0 0.844063 0.852083 0.085625 0.095833
0 0.332188 0.426667 0.078125 0.100000
