0 0.150625 0.385417 0.068750 0.085833
0 0.545312 0.143333 0.066875 0.091667
0 0.534062 0.481250 0.061875 0.084167
0 0.253437 0.630833 0.069375 0.091667
0 0.434063 0.084167 0.074375 0.098333
0 0.526250 0.854167 0.063750 0.081667
0 0.450625 0.562083 0.078750 0.104167
0 0.812187 0.648333 0.069375 0.086667
0 0.850313 0.940000 0.069375 0.091667
0 0.185625 0.681667 0.075000 0.093333
0 0.294375 0.309583 0.072500 0.084167
0 0.092813 0.190833 0.051875 0.075000
0 0.156250 0.036250 0.052500 0.070833
0 0.640312 0.882500 0.070625 0.085000
0 0.934375 0.300833 0.071250 0.080000
1 0.505625 0.238750 0.067500 0.092500
0 0.768750 0.304167 0.066250 0.088333
0 0.683438 0.193750 0.065625 0.080833
0 0.734688 0.461667 0.059375 0.085000
1 0.740938 0.904167 0.080625 0.100000
0 0.550312 0.667917 0.065625 0.092500
0 0.475313 0.760833 0.073125 0.080000
0 0.374688 0.740000 0.068125 0.093333
0 0.873437 0.795417 0.069375 0.092500
0 0.576875 0.786667 0.063750 0.105000
0 0.180000 0.192500 0.057500 0.080000
0 0.641875 0.773333 0.053750 0.070000
0 0.230313 0.273333 0.053125 0.076667
0 0.769062 0.572500 0.068125 0.083333
0 0.816875 0.522083 0.060000 0.084167
0 0.709688 0.561250 0.069375 0.087500
0 0.118125 0.113333 0.078750 0.081667
0 0.432500 0.303333 0.071250 0.096667
0 0.665625 0.067083 0.070000 0.084167
0 0.345313 0.107500 0.061875 0.083333
0 0.312188 0.440000 0.063125 0.075000
0 0.467500 0.349583 0.072500 0.100833
0 0.304375 0.385000 0.072500 0.088333
0 0.965313 0.222083 0.068125 0.087500
0 0.649687 0.515833 0.065625 0.091667
0 0.570000 0.302083 0.068750 0.087500
0 0.696875 0.430000 0.071250 0.091667
0 0.650312 0.297917 0.061875 0.079167
0 0.139375 0.474167 0.068750 0.083333
0 0.067500 0.057500 0.058750 0.085000
0 0.945000 0.136250 0.070000 0.085833
0 0.454375 0.894167 0.055000 0.073333
0 0.905625 0.091667 0.067500 0.088333
0 0.914375 0.652500 0.062500 0.081667
0 0.244375 0.738750 0.061250 0.089167
4 0.510312 0.694583 0.071875 0.090833
0 0.922500 0.434167 0.057500 0.070000
0 0.753125 0.680833 0.060000 0.073333
0 0.205937 0.489167 0.066875 0.076667
0 0.100312 0.650000 0.073125 0.083333
0 0.556250 0.393333 0.083750 0.098333
0 0.819688 0.833333 0.068125 0.076667
0 0.565625 0.270833 0.067500 0.081667
0 0.650937 0.697083 0.073125 0.092500
0 0.643437 0.382917 0.060625 0.089167
0 0.156250 0.569583 0.068750 0.105833
0 0.941250 0.373333 0.057500 0.065000
0 0.324688 0.506250 0.056875 0.070833
0 0.130312 0.833750 0.056875 0.059167
0 0.474062 0.477917 0.063125 0.060833
0 0.602187 0.577917 0.061875 0.084167
0 0.606563 0.073333 0.049375 0.066667
0 0.904375 0.726667 0.057500 0.078333
0 0.537813 0.364167 0.065625 0.086667
1 0.345313 0.853333 0.078125 0.095000
0 0.235937 0.910417 0.058125 0.072500
0 0.491563 0.627500 0.059375 0.068333
0 0.102500 0.346250 0.061250 0.074167
0 0.427812 0.375417 0.066875 0.089167
0 0.737812 0.632500 0.059375 0.071667
0 0.403125 0.952917 0.072500 0.090833
0 0.595938 0.752083 0.070625 0.085833
0 0.391875 0.920417 0.067500 0.080833
3 0.172813 0.314583 0.081875 0.074167
0 0.704688 0.292083 0.051875 0.077500
0 0.100000 0.926250 0.060000 0.065833
0 0.857187 0.040417 0.064375 0.079167
0 0.858125 0.473333 0.053750 0.065000
0 0.451250 0.823750 0.061250 0.070833
0 0.623437 0.220833 0.061875 0.068333
0 0.720938 0.850833 0.054375 0.061667
0 0.967500 0.645000 0.056250 0.066667
0 0.796250 0.782083 0.053750 0.079167
0 0.957500 0.710000 0.051250 0.068333
0 0.942187 0.787500 0.048125 0.080000
0 0.378125 0.892500 0.062500 0.085000
0 0.327188 0.947083 0.048125 0.080833
0 0.211562 0.805417 0.046875 0.065833
0 0.103438 0.429583 0.048125 0.065833
0 0.022187 0.814583 0.043125 0.067500
0 0.304688 0.782500 0.068125 0.070000
0 0.491250 0.162500 0.053750 0.068333
0 0.488125 0.029167 0.043750 0.058333
0 0.319375 0.111667 0.050000 0.083333
0 0.613125 0.465417 0.053750 0.065833
0 0.353438 0.732917 0.071875 0.079167
0 0.159375 0.257917 0.052500 0.062500
0 0.117188 0.878333 0.056875 0.065000
0 0.629375 0.133333 0.052500 0.070000
0 0.615625 0.678750 0.055000 0.077500
