0 0.466562 0.361250 0.074375 0.089167
0 0.373125 0.580000 0.070000 0.098333
0 0.529062 0.682500 0.066875 0.091667
0 0.084375 0.059583 0.076250 0.095833
0 0.530937 0.842083 0.075625 0.104167
0 0.044062 0.264583 0.066875 0.087500
0 0.734375 0.352500 0.073750 0.101667
0 0.761875 0.152500 0.067500 0.101667
0 0.290625 0.615000 0.077500 0.101667
0 0.155312 0.332500 0.073125 0.098333
0 0.615625 0.531250 0.081250 0.110833
0 0.680000 0.446667 0.075000 0.098333
0 0.895625 0.775417 0.068750 0.092500
0 0.311250 0.512500 0.075000 0.093333
0 0.366875 0.693333 0.076250 0.101667
0 0.832187 0.080417 0.075625 0.099167
0 0.565937 0.343333 0.071875 0.096667
0 0.402187 0.430000 0.079375 0.100000
0 0.488438 0.133750 0.069375 0.090833
0 0.105625 0.829583 0.057500 0.079167
0 0.818438 0.500417 0.078125 0.105833
0 0.441875 0.855833 0.078750 0.096667
0 0.042188 0.888750 0.066875 0.090833
0 0.256250 0.288333 0.082500 0.111667
0 0.114375 0.438333 0.060000 0.080000
0 0.308125 0.412917 0.073750 0.087500
0 0.735625 0.560000 0.072500 0.100000
0 0.624375 0.421250 0.065000 0.077500
0 0.637188 0.737917 0.055625 0.087500
0 0.194062 0.040417 0.065625 0.080833
0 0.753750 0.802917 0.072500 0.077500
0 0.493750 0.047500 0.081250 0.081667
0 0.561562 0.219167 0.071875 0.081667
0 0.737187 0.699167 0.071875 0.083333
0 0.175000 0.686250 0.087500 0.109167
0 0.800000 0.450417 0.071250 0.109167
0 0.935937 0.262083 0.085625 0.107500
0 0.599688 0.151250 0.054375 0.077500
0 0.215938 0.167917 0.070625 0.102500
0 0.871563 0.364167 0.089375 0.110000
0 0.026562 0.100417 0.053125 0.074167
0 0.963750 0.042500 0.070000 0.083333
0 0.678125 0.169167 0.062500 0.068333
0 0.638750 0.145417 0.046250 0.080833
2 0.523750 0.538333 0.092500 0.123333
0 0.719375 0.726667 0.070000 0.090000
