0 0.052812 0.323750 0.073125 0.082500
0 0.825937 0.906250 0.070625 0.095833
0 0.593125 0.925000 0.071250 0.095000
0 0.103750 0.429167 0.071250 0.083333
0 0.852812 0.810000 0.075625 0.101667
0 0.157500 0.299583 0.081250 0.104167
0 0.294687 0.834583 0.069375 0.100833
0 0.383750 0.818750 0.082500 0.109167
0 0.321875 0.922083 0.068750 0.089167
0 0.492188 0.800000 0.069375 0.078333
0 0.230313 0.759167 0.066875 0.083333
0 0.737812 0.402500 0.061875 0.076667
0 0.718750 0.435417 0.063750 0.089167
0 0.052187 0.592500 0.061875 0.068333
0 0.047500 0.088333 0.065000 0.093333
0 0.660000 0.538333 0.067500 0.098333
0 0.785937 0.747083 0.068125 0.092500
0 0.679063 0.684583 0.055625 0.077500
0 0.634062 0.638333 0.060625 0.070000
0 0.525000 0.105417 0.071250 0.094167
0 0.397188 0.290833 0.074375 0.098333
0 0.723125 0.865417 0.066250 0.090833
0 0.036250 0.412500 0.053750 0.078333
0 0.091563 0.512083 0.078125 0.102500
0 0.229063 0.572083 0.079375 0.104167
0 0.823438 0.272500 0.068125 0.098333
0 0.592187 0.697083 0.065625 0.069167
0 0.582187 0.791667 0.055625 0.078333
0 0.225938 0.096250 0.058125 0.072500
0 0.350938 0.254167 0.071875 0.095000
0 0.108125 0.243333 0.061250 0.088333
0 0.522813 0.501667 0.076875 0.100000
0 0.232500 0.671250 0.075000 0.099167
0 0.633437 0.757917 0.069375 0.089167
0 0.271875 0.148750 0.072500 0.109167
0 0.653125 0.182917 0.073750 0.094167
0 0.737500 0.788333 0.057500 0.081667
0 0.672500 0.762500 0.066250 0.068333
0 0.040000 0.225417 0.065000 0.099167
0 0.756250 0.657083 0.071250 0.094167
0 0.659687 0.444167 0.050625 0.083333
0 0.777500 0.925833 0.048750 0.076667
0 0.386875 0.935833 0.055000 0.076667
0 0.438125 0.710417 0.063750 0.075833
0 0.547813 0.740833 0.061875 0.093333
0 0.134063 0.184167 0.064375 0.083333
0 0.493125 0.592500 0.078750 0.101667
0 0.109063 0.356667 0.058125 0.068333
0 0.899062 0.880833 0.070625 0.091667
0 0.918125 0.646250 0.080000 0.112500
0 0.543438 0.258333 0.071875 0.076667
0 0.157812 0.559583 0.080625 0.099167
0 0.579375 0.562917 0.067500 0.084167
0 0.474375 0.317083 0.062500 0.100833
0 0.856250 0.698750 0.070000 0.094167
0 0.873437 0.324583 0.066875 0.104167
0 0.144375 0.740417 0.070000 0.097500
0 0.447813 0.854583 0.064375 0.090833
0 0.124063 0.655417 0.054375 0.062500
0 0.147813 0.103333 0.078125 0.098333
0 0.748437 0.273750 0.074375 0.099167
0 0.479063 0.916250 0.066875 0.075833
0 0.812187 0.055833 0.066875 0.085000
0 0.838437 0.092500 0.076875 0.101667
0 0.846250 0.166250 0.063750 0.082500
0 0.906563 0.155000 0.056875 0.086667
0 0.281250 0.790417 0.072500 0.095833
0 0.089375 0.105833 0.065000 0.095000
0 0.721562 0.195417 0.058125 0.065833
0 0.726562 0.137083 0.070625 0.092500
0 0.560312 0.632917 0.069375 0.090833
0 0.530937 0.897083 0.059375 0.072500
0 0.479375 0.855417 0.061250 0.075833
0 0.180000 0.898750 0.065000 0.075833
0 0.219688 0.842500 0.056875 0.083333
0 0.592187 0.465417 0.068125 0.089167
0 0.482500 0.375000 0.063750 0.123333
0 0.531875 0.669583 0.070000 0.077500
0 0.071563 0.665000 0.078125 0.086667
1 0.106250 0.755417 0.096250 0.132500
1 0.172813 0.374583 0.073125 0.107500
1 0.296875 0.230417 0.097500 0.097500
1 0.528438 0.195417 0.079375 0.115833
1 0.816562 0.392917 0.078125 0.102500
1 0.915937 0.814167 0.058125 0.098333
0 0.721562 0.900000 0.060625 0.096667
0 0.675625 0.852500 0.053750 0.088333
0 0.655000 0.837500 0.055000 0.081667
0 0.572187 0.383333 0.065625 0.075000
6 0.964063 0.142500 0.069375 0.088333
0 0.196875 0.639583 0.065000 0.092500
0 0.230000 0.035000 0.063750 0.061667
0 0.667813 0.074583 0.080625 0.092500
0 0.689688 0.953750 0.056875 0.087500
1 0.222500 0.931250 0.076250 0.117500
0 0.571562 0.177500 0.051875 0.086667
0 0.647188 0.565417 0.056875 0.080833
