0 0.252500 0.843333 0.055000 0.076667
0 0.562187 0.264583 0.058125 0.084167
0 0.610313 0.631667 0.058125 0.080000
4 0.708750 0.555833 0.073750 0.098333
0 0.939063 0.707083 0.060625 0.080833
0 0.861250 0.309167 0.058750 0.075000
0 0.722187 0.667083 0.058125 0.077500
0 0.086875 0.307500 0.070000 0.091667
0 0.174375 0.883750 0.065000 0.079167
0 0.362812 0.092917 0.073125 0.097500
0 0.305312 0.800417 0.055625 0.075833
0 0.853125 0.559583 0.063750 0.080833
0 0.129688 0.590833 0.065625 0.088333
0 0.449375 0.846667 0.058750 0.081667
0 0.151562 0.496667 0.065625 0.090000
0 0.225312 0.245417 0.064375 0.085833
0 0.074375 0.752083 0.056250 0.074167
0 0.212500 0.129167 0.061250 0.085000
0 0.782188 0.940417 0.075625 0.099167
0 0.456875 0.930000 0.066250 0.071667
0 0.875625 0.637917 0.060000 0.079167
0 0.884375 0.197500 0.065000 0.090000
0 0.290000 0.633333 0.072500 0.081667
0 0.730625 0.752083 0.073750 0.099167
0 0.355938 0.310000 0.071875 0.093333
0 0.144687 0.190833 0.071875 0.103333
0 0.177500 0.667083 0.052500 0.079167
2 0.474062 0.527917 0.073125 0.102500
0 0.476250 0.654167 0.062500 0.073333
0 0.596562 0.810417 0.061875 0.077500
0 0.575000 0.707917 0.080000 0.099167
0 0.546250 0.638333 0.063750 0.085000
0 0.357187 0.401250 0.076875 0.082500
0 0.322813 0.218750 0.076875 0.105833
0 0.606563 0.892500 0.071875 0.085000
0 0.520938 0.334583 0.053125 0.082500
0 0.951250 0.816250 0.071250 0.097500
0 0.789687 0.467083 0.069375 0.095833
0 0.926562 0.403750 0.071875 0.104167
0 0.405000 0.235000 0.066250 0.085000
0 0.370312 0.557500 0.071875 0.086667
0 0.055000 0.599167 0.071250 0.091667
0 0.191875 0.411250 0.073750 0.095833
0 0.780625 0.307917 0.073750 0.095833
0 0.573750 0.106667 0.076250 0.100000
0 0.854062 0.474167 0.061875 0.076667
0 0.414375 0.462917 0.065000 0.087500
0 0.845000 0.856667 0.077500 0.091667
0 0.790625 0.706667 0.065000 0.088333
0 0.845000 0.075417 0.061250 0.084167
0 0.336562 0.502500 0.064375 0.081667
0 0.880000 0.382917 0.060000 0.070833
0 0.430312 0.280833 0.065625 0.098333
0 0.823438 0.695417 0.070625 0.090833
0 0.287500 0.349583 0.062500 0.097500
0 0.477500 0.737917 0.071250 0.084167
0 0.796562 0.843750 0.065625 0.077500
0 0.477187 0.423333 0.064375 0.090000
0 0.698438 0.902500 0.061875 0.086667
0 0.117500 0.688750 0.068750 0.094167
0 0.271562 0.956667 0.056875 0.081667
0 0.704688 0.815833 0.060625 0.071667
0 0.915937 0.576667 0.066875 0.086667
0 0.928125 0.590000 0.062500 0.085000
0 0.747500 0.383750 0.077500 0.092500
0 0.758750 0.477917 0.071250 0.085833
0 0.428750 0.766667 0.076250 0.076667
0 0.797813 0.373750 0.068125 0.084167
0 0.497500 0.477500 0.076250 0.096667
0 0.711875 0.451250 0.067500 0.089167
0 0.746563 0.874167 0.056875 0.083333
0 0.824375 0.258750 0.048750 0.079167
