0 0.200625 0.602083 0.061250 0.080833
0 0.407500 0.211667 0.073750 0.085000
0 0.127812 0.847500 0.078125 0.101667
0 0.339375 0.437917 0.075000 0.105833
0 0.333750 0.625000 0.070000 0.086667
0 0.920000 0.131250 0.071250 0.089167
0 0.776563 0.393750 0.073125 0.104167
0 0.122813 0.577917 0.061875 0.104167
0 0.256563 0.325417 0.064375 0.095833
0 0.050937 0.798333 0.063125 0.080000
0 0.163125 0.090833 0.078750 0.100000
0 0.500625 0.924167 0.066250 0.091667
0 0.201250 0.941250 0.078750 0.100833
0 0.765312 0.680000 0.073125 0.091667
0 0.200313 0.508333 0.066875 0.105000
0 0.169687 0.183333 0.069375 0.093333
0 0.064062 0.267917 0.066875 0.085833
1 0.612812 0.612500 0.080625 0.101667
0 0.733437 0.300417 0.075625 0.094167
0 0.742500 0.478750 0.070000 0.090833
0 0.295312 0.818333 0.060625 0.100000
0 0.751563 0.792917 0.061875 0.117500
0 0.557813 0.792917 0.064375 0.099167
0 0.605313 0.704167 0.061875 0.073333
0 0.817500 0.882917 0.071250 0.074167
1 0.373125 0.875417 0.082500 0.104167
0 0.450000 0.839167 0.057500 0.095000
0 0.636250 0.497917 0.068750 0.095833
0 0.799375 0.586250 0.071250 0.095833
0 0.526563 0.215833 0.058125 0.076667
0 0.487187 0.144583 0.068125 0.090833
0 0.967812 0.547083 0.056875 0.095833
0 0.617812 0.345417 0.073125 0.102500
0 0.356875 0.729583 0.075000 0.092500
0 0.155312 0.367083 0.068125 0.080833
0 0.835313 0.655000 0.083125 0.083333
1 0.050313 0.517083 0.083125 0.117500
0 0.184062 0.275417 0.066875 0.104167
0 0.565312 0.212083 0.068125 0.085833
0 0.826250 0.952083 0.073750 0.082500
0 0.746563 0.052083 0.071875 0.100833
0 0.575625 0.459167 0.071250 0.096667
0 0.749062 0.956250 0.074375 0.082500
0 0.055625 0.718333 0.065000 0.091667
5 0.460313 0.449583 0.139375 0.147500
1 0.947500 0.300000 0.096250 0.100000
