0 0.622812 0.301250 0.060625 0.090833
0 0.942500 0.605000 0.077500 0.091667
0 0.880625 0.115000 0.080000 0.103333
0 0.198750 0.656667 0.073750 0.101667
0 0.716562 0.183333 0.068125 0.095000
2 0.167500 0.115417 0.076250 0.105833
0 0.720938 0.850417 0.081875 0.107500
0 0.572187 0.258333 0.073125 0.095000
0 0.238437 0.236667 0.071875 0.091667
0 0.539062 0.301667 0.071875 0.090000
0 0.493125 0.046250 0.068750 0.090833
0 0.554375 0.684583 0.060000 0.085833
0 0.152812 0.334167 0.070625 0.096667
0 0.687813 0.348750 0.066875 0.089167
0 0.771250 0.520000 0.067500 0.095000
0 0.320625 0.489583 0.068750 0.092500
0 0.109375 0.478333 0.066250 0.106667
0 0.872812 0.536250 0.069375 0.099167
0 0.588125 0.839167 0.061250 0.083333
0 0.914062 0.227500 0.071875 0.093333
0 0.517813 0.163750 0.068125 0.095833
0 0.180312 0.937500 0.068125 0.091667
0 0.566250 0.138333 0.076250 0.111667
0 0.718750 0.412500 0.073750 0.105000
0 0.904687 0.748750 0.074375 0.100833
0 0.044687 0.418750 0.080625 0.109167
0 0.940625 0.510833 0.072500 0.088333
0 0.342813 0.402917 0.070625 0.095833
0 0.279062 0.359583 0.071875 0.095833
0 0.115937 0.248750 0.076875 0.099167
0 0.394688 0.702083 0.073125 0.105833
0 0.312500 0.757083 0.073750 0.092500
2 0.815312 0.860833 0.074375 0.121667
0 0.315625 0.909167 0.067500 0.118333
0 0.838750 0.399583 0.066250 0.095833
0 0.351250 0.605833 0.065000 0.106667
0 0.265000 0.930417 0.067500 0.089167
