0 0.732812 0.496250 0.063125 0.082500
0 0.438125 0.698333 0.072500 0.083333
0 0.663125 0.356250 0.066250 0.084167
0 0.123750 0.270417 0.068750 0.082500
0 0.390000 0.234583 0.076250 0.082500
0 0.401875 0.861667 0.070000 0.098333
0 0.675937 0.077917 0.068125 0.089167
0 0.465625 0.947500 0.065000 0.083333
0 0.312812 0.837500 0.066875 0.088333
0 0.393750 0.608333 0.065000 0.086667
0 0.229687 0.484583 0.069375 0.087500
0 0.330000 0.655000 0.072500 0.081667
0 0.656563 0.841667 0.061875 0.075000
0 0.281250 0.590000 0.067500 0.076667
0 0.892813 0.216667 0.058125 0.080000
0 0.943750 0.276250 0.075000 0.094167
0 0.732812 0.819167 0.063125 0.075000
0 0.089688 0.829583 0.063125 0.087500
0 0.629687 0.191667 0.066875 0.076667
0 0.799687 0.694583 0.069375 0.092500
0 0.221250 0.055833 0.062500 0.078333
0 0.499688 0.762500 0.071875 0.090000
0 0.685000 0.255833 0.062500 0.081667
0 0.820937 0.255417 0.075625 0.079167
0 0.813125 0.081667 0.070000 0.081667
0 0.139375 0.553333 0.060000 0.095000
0 0.800937 0.321250 0.069375 0.084167
0 0.880313 0.800417 0.066875 0.094167
0 0.454375 0.808333 0.060000 0.086667
0 0.865313 0.439583 0.059375 0.084167
0 0.201875 0.907500 0.067500 0.096667
0 0.576875 0.313333 0.068750 0.088333
0 0.061875 0.897917 0.047500 0.085833
0 0.821562 0.527917 0.068125 0.069167
0 0.307812 0.513750 0.070625 0.075833
0 0.244062 0.184167 0.061875 0.100000
0 0.203125 0.585833 0.061250 0.078333
0 0.371875 0.779167 0.072500 0.088333
0 0.142187 0.914583 0.055625 0.090833
0 0.417500 0.084583 0.061250 0.084167
0 0.325313 0.403333 0.071875 0.076667
0 0.354375 0.129167 0.058750 0.083333
0 0.068750 0.198333 0.062500 0.088333
0 0.940937 0.133750 0.064375 0.072500
0 0.481250 0.041667 0.066250 0.063333
0 0.497812 0.453750 0.064375 0.090833
0 0.466562 0.530000 0.071875 0.088333
0 0.489063 0.185000 0.055625 0.070000
0 0.548125 0.153333 0.061250 0.085000
0 0.406875 0.353333 0.048750 0.086667
0 0.613750 0.437083 0.071250 0.079167
0 0.087813 0.102083 0.064375 0.092500
0 0.890938 0.059167 0.053125 0.065000
0 0.445625 0.357917 0.060000 0.072500
0 0.919375 0.676250 0.067500 0.079167
0 0.977187 0.064583 0.040625 0.060833
0 0.552188 0.082917 0.058125 0.082500
0 0.486563 0.125833 0.064375 0.076667
0 0.969063 0.929167 0.061875 0.070000
