0 0.441875 0.665417 0.060000 0.084167
0 0.489375 0.412083 0.058750 0.082500
0 0.429063 0.483333 0.061875 0.081667
0 0.918438 0.387917 0.064375 0.082500
0 0.767500 0.658750 0.066250 0.097500
0 0.909687 0.170000 0.065625 0.090000
0 0.795937 0.162083 0.068125 0.097500
0 0.400000 0.130833 0.053750 0.075000
0 0.859062 0.841250 0.063125 0.074167
0 0.272500 0.522917 0.067500 0.092500
0 0.138437 0.791250 0.066875 0.092500
0 0.471875 0.271250 0.068750 0.089167
0 0.635000 0.157500 0.068750 0.088333
0 0.638437 0.504167 0.075625 0.090000
0 0.189688 0.068750 0.070625 0.080833
0 0.374688 0.397500 0.075625 0.095000
0 0.067187 0.145000 0.056875 0.081667
6 0.856875 0.716667 0.081250 0.103333
0 0.324688 0.637500 0.059375 0.110000
0 0.523750 0.150417 0.077500 0.099167
0 0.363750 0.183750 0.072500 0.085833
0 0.470000 0.881667 0.063750 0.081667
0 0.396875 0.913750 0.076250 0.085833
0 0.205625 0.814583 0.063750 0.097500
0 0.652188 0.310417 0.073125 0.087500
0 0.124063 0.564167 0.060625 0.080000
0 0.497812 0.113750 0.066875 0.099167
0 0.658438 0.938333 0.070625 0.080000
0 0.207500 0.729583 0.056250 0.084167
0 0.189062 0.553333 0.069375 0.106667
0 0.594375 0.109167 0.061250 0.076667
0 0.679063 0.104167 0.073125 0.088333
0 0.800937 0.292500 0.061875 0.093333
0 0.807813 0.785000 0.070625 0.085000
0 0.730625 0.131667 0.061250 0.080000
0 0.445000 0.823333 0.066250 0.091667
1 0.742812 0.487917 0.086875 0.102500
0 0.293125 0.958333 0.058750 0.081667
0 0.090625 0.072083 0.066250 0.087500
0 0.139063 0.136667 0.073125 0.091667
0 0.290625 0.877500 0.068750 0.085000
0 0.945625 0.280000 0.063750 0.081667
0 0.280625 0.348333 0.067500 0.096667
0 0.151562 0.625000 0.080625 0.096667
0 0.517500 0.962500 0.061250 0.075000
0 0.158125 0.715833 0.061250 0.080000
0 0.073125 0.580417 0.058750 0.109167
