0 0.475625 0.455417 0.067500 0.085833
0 0.228750 0.219167 0.076250 0.101667
0 0.296563 0.345833 0.074375 0.090000
0 0.370937 0.185833 0.075625 0.100000
0 0.640312 0.885417 0.078125 0.094167
0 0.124063 0.695000 0.073125 0.101667
0 0.902188 0.205000 0.069375 0.088333
0 0.465938 0.547083 0.066875 0.082500
0 0.348438 0.448750 0.081875 0.100833
0 0.779062 0.842500 0.065625 0.086667
0 0.702187 0.225417 0.076875 0.095833
0 0.390313 0.885417 0.070625 0.097500
0 0.837500 0.247083 0.071250 0.085833
0 0.877500 0.728750 0.072500 0.095833
0 0.118750 0.810000 0.058750 0.085000
0 0.697812 0.352917 0.068125 0.090833
0 0.246875 0.895417 0.081250 0.099167
0 0.511250 0.360417 0.072500 0.094167
0 0.073125 0.896250 0.071250 0.085833
0 0.366563 0.632917 0.076875 0.092500
0 0.919687 0.484583 0.084375 0.104167
0 0.543750 0.813333 0.082500 0.101667
0 0.802188 0.409583 0.070625 0.087500
0 0.783750 0.567917 0.068750 0.104167
0 0.047188 0.421250 0.075625 0.099167
0 0.949063 0.377083 0.071875 0.100833
0 0.573125 0.263333 0.082500 0.115000
0 0.065000 0.322500 0.073750 0.090000
0 0.489375 0.214167 0.070000 0.090000
0 0.709688 0.133750 0.058125 0.079167
0 0.219375 0.769583 0.075000 0.099167
0 0.347500 0.535417 0.090000 0.092500
0 0.311563 0.256250 0.070625 0.089167
0 0.725938 0.792500 0.074375 0.093333
0 0.831875 0.340000 0.081250 0.088333
0 0.701875 0.955000 0.058750 0.088333
0 0.704375 0.723333 0.078750 0.086667
0 0.140937 0.332083 0.061875 0.087500
0 0.063750 0.788750 0.062500 0.105833
0 0.967187 0.781250 0.064375 0.094167
0 0.824375 0.055000 0.075000 0.110000
0 0.131875 0.043750 0.070000 0.087500
1 0.546562 0.545417 0.084375 0.100833
