0 0.323750 0.407500 0.073750 0.096667
0 0.369688 0.152083 0.078125 0.099167
0 0.250000 0.394167 0.073750 0.096667
0 0.659687 0.480417 0.079375 0.100833
0 0.919063 0.615833 0.079375 0.103333
0 0.140313 0.300417 0.060625 0.105833
0 0.800937 0.536667 0.065625 0.078333
0 0.788750 0.831250 0.070000 0.095833
0 0.685000 0.782500 0.073750 0.093333
0 0.728437 0.283333 0.075625 0.105000
0 0.226562 0.131250 0.078125 0.100833
0 0.840938 0.391250 0.061875 0.092500
0 0.365312 0.937917 0.071875 0.109167
0 0.527188 0.648750 0.073125 0.104167
0 0.950313 0.680000 0.070625 0.096667
0 0.601250 0.785833 0.078750 0.106667
0 0.899687 0.129583 0.063125 0.087500
0 0.543438 0.096667 0.071875 0.108333
0 0.242812 0.522083 0.078125 0.117500
0 0.220000 0.309167 0.072500 0.100000
0 0.720938 0.865000 0.070625 0.098333
0 0.485938 0.542917 0.075625 0.100833
0 0.843437 0.455417 0.075625 0.100833
0 0.065312 0.752917 0.078125 0.102500
0 0.680000 0.096250 0.071250 0.087500
0 0.599688 0.315000 0.079375 0.103333
0 0.935312 0.915833 0.076875 0.098333
0 0.945312 0.052500 0.071875 0.095000
0 0.907813 0.892083 0.069375 0.090833
0 0.133750 0.876250 0.076250 0.105833
0 0.351875 0.522917 0.070000 0.114167
0 0.132812 0.092083 0.076875 0.097500
0 0.630938 0.599583 0.069375 0.104167
0 0.654687 0.679167 0.073125 0.110000
0 0.059375 0.881667 0.073750 0.096667
0 0.195625 0.430833 0.081250 0.103333
0 0.888437 0.811667 0.075625 0.100000
0 0.035625 0.563750 0.070000 0.104167
0 0.913750 0.230417 0.072500 0.097500
0 0.461250 0.307083 0.071250 0.100833
0 0.228750 0.825833 0.075000 0.095000
0 0.784375 0.395000 0.072500 0.100000
0 0.456875 0.458750 0.076250 0.107500
0 0.251250 0.223333 0.062500 0.101667
0 0.694375 0.637500 0.077500 0.106667
0 0.795000 0.907917 0.081250 0.097500
0 0.120938 0.762500 0.071875 0.093333
0 0.508750 0.813333 0.076250 0.101667
0 0.779375 0.691667 0.067500 0.095000
0 0.551875 0.265000 0.071250 0.098333
0 0.065625 0.460000 0.066250 0.091667
0 0.569688 0.575833 0.061875 0.105000
0 0.960313 0.347500 0.075625 0.103333
0 0.780937 0.204167 0.069375 0.078333
0 0.881250 0.199583 0.067500 0.077500
0 0.968437 0.298333 0.063125 0.093333
0 0.073125 0.332083 0.072500 0.095833
0 0.054688 0.427917 0.070625 0.085833
0 0.503437 0.306250 0.060625 0.105833
0 0.288125 0.250000 0.053750 0.101667
3 0.429063 0.819583 0.079375 0.104167
0 0.051250 0.327500 0.076250 0.101667
0 0.883125 0.277083 0.077500 0.084167
0 0.377812 0.829167 0.059375 0.098333
0 0.506250 0.230000 0.066250 0.068333
0 0.444063 0.892500 0.073125 0.090000
