0 0.150938 0.675417 0.079375 0.092500
0 0.078125 0.471667 0.078750 0.100000
0 0.910000 0.215833 0.085000 0.105000
0 0.449688 0.734583 0.083125 0.102500
0 0.551875 0.693750 0.086250 0.104167
0 0.125625 0.374583 0.078750 0.082500
0 0.716250 0.059583 0.081250 0.099167
0 0.622188 0.091250 0.078125 0.115833
0 0.107188 0.296250 0.075625 0.084167
0 0.714688 0.462083 0.073125 0.109167
0 0.104375 0.188333 0.076250 0.098333
0 0.198437 0.513750 0.083125 0.109167
0 0.288125 0.813333 0.081250 0.108333
0 0.811562 0.729583 0.071875 0.110833
0 0.942500 0.653333 0.085000 0.105000
0 0.394688 0.874583 0.084375 0.094167
0 0.896250 0.340417 0.076250 0.107500
0 0.654687 0.705417 0.071875 0.099167
0 0.886250 0.068750 0.072500 0.115833
0 0.818750 0.106250 0.072500 0.092500
0 0.838750 0.521250 0.073750 0.109167
0 0.411250 0.227083 0.081250 0.107500
0 0.495625 0.641250 0.076250 0.109167
0 0.375937 0.702083 0.078125 0.104167
0 0.446562 0.299167 0.070625 0.085000
0 0.373437 0.802083 0.084375 0.104167
0 0.855000 0.930833 0.073750 0.116667
0 0.313750 0.930417 0.072500 0.104167
0 0.414375 0.395000 0.078750 0.105000
0 0.114687 0.598750 0.071875 0.120833
0 0.807500 0.359583 0.082500 0.109167
0 0.947187 0.889167 0.070625 0.106667
2 0.577500 0.485417 0.101250 0.125833
0 0.955937 0.539167 0.073125 0.111667
0 0.605625 0.617917 0.072500 0.110833
0 0.770938 0.814167 0.079375 0.120000
0 0.650312 0.510000 0.069375 0.090000
0 0.229687 0.932500 0.074375 0.088333
0 0.371875 0.473333 0.073750 0.093333
0 0.379063 0.546250 0.078125 0.119167
0 0.763125 0.146667 0.080000 0.101667
0 0.532188 0.775000 0.071875 0.093333
0 0.549063 0.566250 0.088125 0.090833
0 0.453437 0.541667 0.074375 0.115000
0 0.900312 0.552500 0.066875 0.118333
0 0.448437 0.485000 0.089375 0.086667
0 0.871563 0.680833 0.068125 0.120000
0 0.697500 0.145417 0.070000 0.117500
0 0.040625 0.614583 0.080000 0.102500
