0 0.399687 0.927917 0.080625 0.100833
0 0.490625 0.613750 0.077500 0.112500
0 0.288750 0.763750 0.078750 0.094167
0 0.924375 0.562500 0.070000 0.101667
0 0.790937 0.757083 0.073125 0.110833
0 0.802500 0.149583 0.083750 0.112500
0 0.235000 0.809583 0.072500 0.104167
0 0.747500 0.434583 0.076250 0.104167
0 0.263125 0.674583 0.080000 0.097500
0 0.230000 0.530000 0.080000 0.101667
0 0.879375 0.899583 0.086250 0.102500
0 0.751563 0.559167 0.079375 0.111667
0 0.484063 0.177917 0.079375 0.110833
0 0.685000 0.490417 0.085000 0.117500
0 0.674375 0.685417 0.077500 0.104167
0 0.532500 0.772917 0.082500 0.104167
0 0.912500 0.234583 0.073750 0.105833
0 0.665312 0.809583 0.083125 0.100833
0 0.825313 0.477083 0.080625 0.110833
0 0.571875 0.659583 0.067500 0.097500
0 0.287813 0.413333 0.085625 0.116667
0 0.328750 0.840000 0.073750 0.100000
0 0.195937 0.627083 0.071875 0.099167
0 0.849688 0.054583 0.075625 0.097500
0 0.213438 0.404167 0.078125 0.108333
0 0.586875 0.471667 0.077500 0.111667
0 0.469687 0.805000 0.088125 0.106667
1 0.590313 0.258750 0.090625 0.129167
0 0.646875 0.218750 0.071250 0.112500
0 0.293750 0.923750 0.081250 0.109167
0 0.847812 0.806250 0.073125 0.105833
0 0.148438 0.390000 0.066875 0.083333
0 0.925000 0.728750 0.073750 0.097500
0 0.553438 0.378333 0.089375 0.110000
0 0.939375 0.641250 0.076250 0.089167
0 0.857500 0.680833 0.070000 0.091667
0 0.962187 0.748333 0.070625 0.101667
0 0.080000 0.077917 0.090000 0.102500
