0 0.336875 0.320000 0.072500 0.098333
0 0.325937 0.408750 0.071875 0.080833
0 0.078125 0.513333 0.063750 0.093333
0 0.402500 0.328750 0.061250 0.114167
0 0.432812 0.048750 0.070625 0.089167
0 0.045937 0.385833 0.061875 0.095000
0 0.592812 0.152500 0.069375 0.116667
0 0.783125 0.594167 0.067500 0.083333
0 0.437500 0.249583 0.060000 0.107500
0 0.182500 0.261250 0.058750 0.104167
0 0.192500 0.160833 0.065000 0.110000
0 0.206250 0.551667 0.065000 0.100000
0 0.480312 0.857917 0.059375 0.112500
0 0.540625 0.860833 0.075000 0.106667
0 0.424375 0.658333 0.078750 0.103333
0 0.525000 0.097500 0.075000 0.093333
0 0.431563 0.887500 0.060625 0.111667
0 0.701562 0.809583 0.071875 0.095833
0 0.828438 0.686250 0.070625 0.095833
0 0.890312 0.297500 0.060625 0.103333
0 0.839063 0.252083 0.074375 0.074167
0 0.913438 0.788750 0.064375 0.102500
0 0.577187 0.412500 0.074375 0.085000
0 0.134063 0.192500 0.071875 0.121667
0 0.099687 0.285000 0.068125 0.116667
0 0.717812 0.433333 0.069375 0.100000
0 0.102500 0.450417 0.063750 0.107500
0 0.840625 0.574167 0.057500 0.118333
0 0.535312 0.186250 0.084375 0.092500
0 0.388750 0.740417 0.068750 0.112500
0 0.235625 0.233333 0.066250 0.120000
0 0.581875 0.303750 0.061250 0.124167
0 0.227813 0.091250 0.064375 0.102500
0 0.356875 0.572083 0.072500 0.114167
0 0.875313 0.884167 0.063125 0.110000
0 0.354375 0.055833 0.066250 0.110000
0 0.942813 0.472500 0.065625 0.123333
0 0.830313 0.869583 0.071875 0.094167
0 0.939063 0.261667 0.054375 0.121667
0 0.728437 0.210000 0.075625 0.116667
0 0.917813 0.939167 0.060625 0.111667
0 0.407500 0.183750 0.067500 0.107500
0 0.077813 0.712083 0.066875 0.090833
0 0.698125 0.270417 0.088750 0.082500
0 0.815625 0.470417 0.086250 0.105833
0 0.174687 0.364583 0.065625 0.107500
0 0.279375 0.057083 0.067500 0.114167
0 0.829375 0.388333 0.086250 0.098333
0 0.162188 0.445417 0.055625 0.110833
0 0.865313 0.767500 0.053125 0.113333
0 0.442500 0.400417 0.076250 0.094167
0 0.431563 0.772500 0.059375 0.123333
0 0.211562 0.659167 0.049375 0.110000
0 0.836875 0.322083 0.087500 0.064167
0 0.884375 0.433333 0.073750 0.126667
0 0.253750 0.412500 0.072500 0.103333
0 0.617188 0.838750 0.078125 0.135833
0 0.656250 0.206667 0.067500 0.140000
