0 0.895938 0.896667 0.073125 0.085000
0 0.296875 0.437083 0.068750 0.080833
0 0.206875 0.587083 0.070000 0.087500
0 0.710313 0.613750 0.070625 0.087500
0 0.209375 0.720417 0.070000 0.089167
0 0.486875 0.616667 0.076250 0.085000
0 0.191875 0.810833 0.056250 0.088333
0 0.148438 0.864583 0.071875 0.082500
0 0.868750 0.137500 0.073750 0.108333
0 0.807813 0.523750 0.076875 0.092500
0 0.124688 0.148750 0.066875 0.084167
0 0.820000 0.778750 0.070000 0.084167
0 0.413750 0.424583 0.063750 0.087500
0 0.890000 0.305833 0.063750 0.085000
0 0.618750 0.822917 0.067500 0.099167
0 0.192188 0.146250 0.070625 0.079167
0 0.649062 0.673333 0.063125 0.086667
0 0.862812 0.609167 0.078125 0.091667
0 0.199375 0.443333 0.080000 0.095000
0 0.250625 0.806250 0.065000 0.085833
0 0.855313 0.253750 0.065625 0.094167
0 0.449062 0.486667 0.068125 0.090000
0 0.357187 0.614167 0.073125 0.095000
0 0.269062 0.725417 0.058125 0.075833
0 0.306250 0.150833 0.058750 0.095000
0 0.320625 0.764167 0.057500 0.073333
0 0.582500 0.600417 0.066250 0.094167
0 0.390000 0.776250 0.077500 0.100833
0 0.311250 0.225833 0.072500 0.090000
0 0.807187 0.118333 0.068125 0.101667
0 0.165625 0.906667 0.075000 0.090000
0 0.950937 0.275417 0.071875 0.087500
0 0.368750 0.713750 0.063750 0.077500
0 0.893437 0.789583 0.061875 0.077500
0 0.930937 0.195417 0.068125 0.084167
0 0.147813 0.615833 0.070625 0.091667
0 0.298750 0.650000 0.086250 0.096667
1 0.532813 0.893750 0.076875 0.100833
0 0.074063 0.085833 0.058125 0.086667
0 0.824063 0.370417 0.068125 0.082500
0 0.056250 0.848333 0.070000 0.095000
0 0.903438 0.409167 0.068125 0.098333
0 0.257812 0.918750 0.059375 0.089167
0 0.130625 0.460000 0.066250 0.096667
0 0.299375 0.864583 0.080000 0.090833
0 0.914062 0.715417 0.064375 0.097500
0 0.158125 0.650000 0.068750 0.090000
0 0.265937 0.361667 0.065625 0.083333
0 0.582187 0.680000 0.083125 0.090000
0 0.957187 0.457500 0.068125 0.105000
0 0.186250 0.496667 0.072500 0.090000
0 0.667813 0.204167 0.060625 0.078333
0 0.365625 0.479583 0.057500 0.079167
0 0.947812 0.955000 0.078125 0.088333
0 0.157188 0.294583 0.068125 0.135833
0 0.869687 0.710833 0.056875 0.111667
1 0.765625 0.215000 0.072500 0.113333
0 0.797500 0.276667 0.056250 0.088333
0 0.770625 0.327500 0.065000 0.085000
0 0.242188 0.503333 0.061875 0.088333
0 0.268437 0.543750 0.066875 0.090833
0 0.327188 0.592083 0.059375 0.089167
0 0.303125 0.523333 0.073750 0.086667
0 0.276875 0.293750 0.063750 0.092500
4 0.336250 0.502500 0.075000 0.101667
0 0.589063 0.741250 0.059375 0.077500
0 0.557500 0.797917 0.061250 0.089167
0 0.508437 0.789583 0.059375 0.079167
