0 0.247812 0.122917 0.064375 0.085833
0 0.448750 0.431667 0.068750 0.100000
0 0.903750 0.107500 0.081250 0.103333
0 0.324375 0.901667 0.075000 0.106667
0 0.403125 0.369167 0.078750 0.086667
0 0.619062 0.549167 0.060625 0.081667
0 0.441875 0.780000 0.071250 0.098333
0 0.705000 0.591250 0.072500 0.104167
0 0.120313 0.520417 0.071875 0.090833
0 0.585625 0.607917 0.068750 0.090833
0 0.785625 0.668333 0.056250 0.086667
0 0.414375 0.567917 0.071250 0.102500
0 0.807813 0.230000 0.071875 0.103333
0 0.720938 0.228333 0.066875 0.098333
0 0.346562 0.697083 0.069375 0.089167
0 0.861875 0.300833 0.063750 0.106667
0 0.286875 0.340417 0.071250 0.097500
0 0.913750 0.332083 0.062500 0.102500
0 0.907813 0.478750 0.073125 0.080833
0 0.817500 0.382917 0.071250 0.095833
0 0.132812 0.669583 0.074375 0.102500
0 0.711875 0.051667 0.076250 0.088333
2 0.653125 0.115417 0.080000 0.109167
0 0.425000 0.293750 0.075000 0.092500
0 0.318437 0.766250 0.079375 0.095833
0 0.823125 0.070000 0.080000 0.100000
0 0.908438 0.812083 0.061875 0.079167
0 0.754375 0.280000 0.080000 0.098333
0 0.159062 0.209167 0.051875 0.115000
0 0.170937 0.881250 0.061875 0.095833
0 0.057188 0.450833 0.074375 0.100000
0 0.155312 0.576250 0.076875 0.097500
0 0.732187 0.500000 0.076875 0.075000
0 0.344687 0.082083 0.060625 0.117500
0 0.877812 0.860417 0.078125 0.089167
0 0.181250 0.642500 0.066250 0.110000
0 0.743437 0.809583 0.091875 0.080833
0 0.722812 0.717500 0.079375 0.105000
0 0.869687 0.941667 0.083125 0.085000
0 0.337187 0.624167 0.078125 0.116667
0 0.160000 0.827083 0.083750 0.094167
0 0.834063 0.853750 0.060625 0.124167
0 0.786563 0.859167 0.064375 0.120000
0 0.734375 0.887083 0.071250 0.110833
0 0.618125 0.067917 0.091250 0.085833
