0 0.108438 0.883333 0.081875 0.091667
0 0.183125 0.425833 0.081250 0.110000
0 0.844375 0.538333 0.071250 0.093333
0 0.879375 0.173750 0.057500 0.075833
0 0.171250 0.577083 0.078750 0.100833
0 0.455625 0.634583 0.065000 0.102500
0 0.284062 0.779167 0.061875 0.095000
0 0.512500 0.230417 0.075000 0.089167
0 0.610938 0.403333 0.065625 0.110000
0 0.327500 0.556250 0.073750 0.099167
0 0.110312 0.465000 0.074375 0.100000
0 0.826562 0.258750 0.075625 0.105833
0 0.619687 0.899167 0.068125 0.085000
0 0.954688 0.190833 0.069375 0.100000
0 0.736250 0.632083 0.063750 0.084167
0 0.757500 0.546667 0.072500 0.096667
0 0.469062 0.941250 0.079375 0.107500
0 0.218125 0.908333 0.080000 0.108333
0 0.678438 0.835833 0.068125 0.108333
0 0.471875 0.430417 0.071250 0.090833
0 0.391562 0.503333 0.075625 0.101667
0 0.723437 0.426667 0.095625 0.103333
0 0.038125 0.179167 0.075000 0.106667
0 0.604688 0.551250 0.078125 0.097500
0 0.147187 0.685000 0.069375 0.090000
0 0.511250 0.135417 0.076250 0.099167
0 0.279375 0.654583 0.081250 0.092500
0 0.087813 0.558750 0.074375 0.099167
0 0.388437 0.707500 0.073125 0.108333
0 0.312812 0.380000 0.073125 0.101667
0 0.820312 0.807500 0.075625 0.108333
0 0.190938 0.865417 0.073125 0.102500
0 0.188438 0.269583 0.078125 0.110833
0 0.693125 0.197083 0.081250 0.104167
0 0.539687 0.398333 0.070625 0.100000
0 0.169375 0.767917 0.072500 0.085833
0 0.267813 0.097083 0.069375 0.089167
0 0.771250 0.177917 0.087500 0.084167
0 0.927188 0.560833 0.074375 0.100000
0 0.340938 0.299167 0.069375 0.088333
0 0.287500 0.480000 0.073750 0.098333
0 0.116250 0.212917 0.073750 0.097500
0 0.045312 0.662500 0.076875 0.100000
0 0.180625 0.078333 0.063750 0.096667
0 0.875313 0.361667 0.075625 0.091667
0 0.483750 0.761250 0.078750 0.097500
0 0.917500 0.454167 0.076250 0.098333
0 0.313750 0.186667 0.073750 0.098333
0 0.672813 0.553333 0.056875 0.086667
0 0.725000 0.305833 0.081250 0.096667
1 0.631875 0.747500 0.073750 0.103333
0 0.043437 0.770417 0.074375 0.104167
0 0.425938 0.183333 0.055625 0.095000
0 0.824063 0.115417 0.075625 0.099167
0 0.800000 0.362500 0.073750 0.093333
0 0.599688 0.221667 0.088125 0.100000
0 0.556562 0.752083 0.063125 0.124167
3 0.664687 0.642500 0.063125 0.100000
0 0.606563 0.642917 0.056875 0.112500
