0 0.391875 0.137917 0.072500 0.100833
0 0.641875 0.346250 0.073750 0.087500
0 0.231250 0.189583 0.068750 0.097500
0 0.126562 0.920000 0.070625 0.088333
0 0.803750 0.326667 0.066250 0.090000
0 0.169687 0.253750 0.070625 0.090833
0 0.071875 0.605000 0.066250 0.091667
0 0.044687 0.282500 0.064375 0.075000
0 0.495000 0.081667 0.068750 0.095000
0 0.774687 0.743750 0.065625 0.094167
0 0.757188 0.645000 0.068125 0.076667
0 0.670937 0.621250 0.066875 0.102500
0 0.494688 0.396667 0.063125 0.100000
0 0.139063 0.557500 0.063125 0.088333
0 0.753437 0.871667 0.069375 0.080000
0 0.925937 0.770833 0.070625 0.081667
0 0.259375 0.825833 0.057500 0.083333
0 0.831250 0.872500 0.055000 0.083333
0 0.474062 0.913333 0.064375 0.093333
0 0.911250 0.653333 0.070000 0.083333
0 0.210938 0.449583 0.068125 0.090833
0 0.675625 0.129167 0.060000 0.086667
0 0.620313 0.703333 0.051875 0.083333
0 0.612812 0.528333 0.074375 0.096667
0 0.737187 0.273750 0.068125 0.080833
0 0.102813 0.679167 0.069375 0.075000
0 0.943750 0.887500 0.063750 0.086667
0 0.371563 0.494167 0.059375 0.078333
0 0.419687 0.231667 0.068125 0.080000
0 0.078125 0.508750 0.065000 0.094167
0 0.429375 0.640000 0.066250 0.086667
0 0.120625 0.051667 0.067500 0.075000
0 0.315312 0.473333 0.065625 0.088333
0 0.831875 0.065833 0.066250 0.081667
0 0.563750 0.400000 0.065000 0.073333
0 0.694375 0.918750 0.067500 0.097500
0 0.342500 0.062083 0.065000 0.094167
0 0.786563 0.516667 0.071875 0.080000
0 0.282813 0.572500 0.056875 0.075000
0 0.339687 0.663750 0.068125 0.089167
0 0.716562 0.826250 0.068125 0.087500
0 0.620313 0.255000 0.064375 0.091667
0 0.354063 0.327917 0.064375 0.077500
0 0.828750 0.208750 0.057500 0.087500
0 0.232500 0.940417 0.052500 0.087500
0 0.736250 0.087083 0.051250 0.090833
0 0.611875 0.817083 0.070000 0.084167
0 0.442500 0.801667 0.067500 0.106667
0 0.426563 0.314167 0.066875 0.078333
0 0.170937 0.832500 0.055625 0.076667
0 0.866875 0.497917 0.065000 0.080833
0 0.849688 0.750833 0.063125 0.088333
0 0.264688 0.069583 0.061875 0.075833
0 0.265937 0.343750 0.075625 0.090833
0 0.522500 0.237083 0.065000 0.087500
0 0.510625 0.779583 0.070000 0.094167
0 0.466875 0.490417 0.066250 0.079167
0 0.387500 0.730417 0.066250 0.092500
0 0.716250 0.468333 0.070000 0.085000
0 0.743750 0.394583 0.070000 0.080833
0 0.079687 0.827500 0.059375 0.085000
0 0.361563 0.613750 0.061875 0.085833
0 0.951875 0.051667 0.067500 0.095000
0 0.543750 0.162917 0.063750 0.089167
0 0.512813 0.621667 0.061875 0.090000
0 0.887500 0.385000 0.067500 0.085000
0 0.699063 0.231250 0.071875 0.094167
0 0.216875 0.723333 0.057500 0.086667
0 0.306875 0.755000 0.053750 0.100000
0 0.590938 0.127917 0.068125 0.087500
0 0.949688 0.540417 0.083125 0.097500
0 0.404375 0.949583 0.081250 0.095833
0 0.138750 0.175417 0.065000 0.079167
0 0.198437 0.621667 0.058125 0.106667
0 0.675312 0.445833 0.083125 0.103333
0 0.919375 0.418750 0.066250 0.087500
0 0.542813 0.843750 0.076875 0.094167
0 0.900000 0.287917 0.077500 0.087500
0 0.872500 0.585833 0.066250 0.085000
0 0.114375 0.313750 0.060000 0.080833
0 0.434375 0.419583 0.062500 0.112500
0 0.079687 0.425833 0.059375 0.075000
0 0.914687 0.145417 0.080625 0.095833
0 0.684063 0.745417 0.086875 0.100833
0 0.550312 0.895000 0.068125 0.096667
0 0.265000 0.609167 0.067500 0.088333
0 0.872500 0.049167 0.065000 0.070000
0 0.038125 0.385833 0.075000 0.100000
0 0.147500 0.356667 0.060000 0.078333
0 0.150625 0.512500 0.057500 0.101667
0 0.336562 0.272500 0.079375 0.091667
0 0.239375 0.382083 0.062500 0.082500
0 0.844688 0.672917 0.081875 0.082500
0 0.566562 0.697083 0.063125 0.092500
0 0.346875 0.829583 0.057500 0.077500
0 0.549375 0.459583 0.050000 0.084167
0 0.582500 0.744583 0.066250 0.097500
0 0.061562 0.960000 0.064375 0.078333
0 0.808750 0.126667 0.068750 0.086667
0 0.590000 0.486250 0.078750 0.087500
0 0.905625 0.567083 0.066250 0.082500
0 0.350625 0.221667 0.073750 0.076667
0 0.691562 0.688333 0.069375 0.090000
1 0.476875 0.287917 0.055000 0.085833
1 0.140000 0.446667 0.057500 0.093333
0 0.132812 0.397083 0.051875 0.082500
0 0.115937 0.711250 0.056875 0.074167
0 0.058125 0.850417 0.058750 0.085833
0 0.192812 0.843750 0.060625 0.084167
0 0.222188 0.674583 0.061875 0.072500
0 0.298750 0.699167 0.062500 0.076667
0 0.126875 0.087917 0.060000 0.075833
0 0.029375 0.218750 0.056250 0.072500
0 0.602812 0.099167 0.071875 0.076667
0 0.392500 0.512500 0.060000 0.083333
0 0.724375 0.360000 0.060000 0.076667
0 0.848437 0.475000 0.065625 0.081667
0 0.727187 0.048750 0.056875 0.074167
0 0.877812 0.127500 0.055625 0.095000
0 0.407813 0.408333 0.050625 0.070000
0 0.244062 0.916250 0.063125 0.064167
0 0.847187 0.895417 0.045625 0.084167
0 0.939688 0.806250 0.065625 0.074167
0 0.431250 0.834583 0.080000 0.072500
0 0.380625 0.857083 0.070000 0.084167
0 0.365000 0.749583 0.055000 0.092500
0 0.450000 0.664167 0.057500 0.081667
0 0.497188 0.588750 0.060625 0.084167
0 0.553750 0.943750 0.052500 0.097500
0 0.635938 0.960833 0.068125 0.078333
0 0.942813 0.420833 0.060625 0.076667
