0 0.559375 0.743750 0.061250 0.080833
0 0.622812 0.509167 0.065625 0.085000
0 0.420938 0.777083 0.061875 0.084167
0 0.298125 0.152500 0.063750 0.081667
0 0.362812 0.352500 0.063125 0.085000
0 0.713125 0.175833 0.055000 0.095000
4 0.194375 0.754583 0.072500 0.095833
0 0.853125 0.765833 0.072500 0.088333
0 0.067500 0.878750 0.065000 0.082500
0 0.263437 0.827500 0.056875 0.078333
0 0.491563 0.923750 0.059375 0.080833
0 0.545000 0.652500 0.070000 0.105000
0 0.701250 0.570000 0.066250 0.101667
0 0.319375 0.789583 0.067500 0.089167
0 0.652500 0.184583 0.066250 0.089167
0 0.208750 0.612917 0.070000 0.087500
0 0.606875 0.258750 0.068750 0.089167
0 0.509062 0.333333 0.061875 0.073333
0 0.666875 0.417917 0.055000 0.082500
0 0.317500 0.634583 0.072500 0.089167
0 0.439063 0.501250 0.059375 0.082500
0 0.316563 0.411250 0.068125 0.084167
0 0.927813 0.666250 0.073125 0.090833
0 0.164687 0.459167 0.064375 0.090000
0 0.731875 0.042917 0.068750 0.084167
4 0.453125 0.105000 0.076250 0.108333
0 0.834375 0.947500 0.068750 0.080000
0 0.813750 0.200417 0.057500 0.079167
0 0.777500 0.043750 0.076250 0.085833
0 0.920625 0.106250 0.067500 0.080833
0 0.929063 0.500000 0.068125 0.085000
0 0.442500 0.221250 0.063750 0.072500
0 0.136250 0.913750 0.058750 0.082500
0 0.270625 0.276667 0.071250 0.091667
0 0.628437 0.117500 0.064375 0.088333
0 0.175313 0.845000 0.061875 0.083333
0 0.544375 0.140000 0.062500 0.076667
0 0.288750 0.550833 0.068750 0.086667
0 0.041563 0.687500 0.060625 0.075000
0 0.084375 0.362917 0.065000 0.094167
0 0.325937 0.059167 0.056875 0.080000
0 0.925000 0.778333 0.062500 0.083333
0 0.248125 0.348750 0.065000 0.107500
0 0.159062 0.167083 0.068125 0.085833
0 0.504062 0.404583 0.064375 0.080833
0 0.959375 0.140000 0.058750 0.078333
0 0.099375 0.832917 0.065000 0.079167
0 0.258125 0.083333 0.065000 0.091667
0 0.688125 0.950417 0.073750 0.095833
0 0.047188 0.510833 0.066875 0.081667
0 0.121250 0.810833 0.065000 0.105000
0 0.112187 0.299583 0.068125 0.084167
0 0.584688 0.590000 0.065625 0.086667
0 0.051875 0.366667 0.066250 0.085000
0 0.610625 0.628750 0.065000 0.090833
0 0.483125 0.262500 0.060000 0.080000
0 0.215312 0.319167 0.061875 0.085000
0 0.044375 0.446667 0.056250 0.070000
0 0.665312 0.622500 0.066875 0.120000
0 0.134687 0.706250 0.070625 0.087500
0 0.745313 0.902917 0.059375 0.132500
0 0.229375 0.099167 0.065000 0.088333
0 0.032813 0.602500 0.064375 0.080000
0 0.824063 0.837500 0.060625 0.078333
0 0.281875 0.348333 0.065000 0.081667
0 0.465938 0.430417 0.070625 0.079167
0 0.810625 0.862500 0.068750 0.100000
0 0.549375 0.954583 0.065000 0.074167
0 0.967500 0.934167 0.065000 0.085000
0 0.094687 0.680000 0.070625 0.086667
