0 0.225625 0.815000 0.067500 0.083333
0 0.820312 0.909583 0.078125 0.102500
0 0.319688 0.172917 0.079375 0.104167
0 0.228437 0.158333 0.078125 0.098333
0 0.682500 0.555833 0.065000 0.080000
0 0.289687 0.690833 0.084375 0.105000
0 0.372812 0.792500 0.055625 0.085000
0 0.419375 0.596250 0.075000 0.090833
1 0.947187 0.593750 0.065625 0.094167
0 0.882812 0.632083 0.073125 0.085833
0 0.218750 0.057500 0.075000 0.091667
0 0.127188 0.616667 0.066875 0.086667
0 0.803438 0.637917 0.071875 0.092500
0 0.295312 0.791250 0.073125 0.105833
0 0.839063 0.162917 0.076875 0.097500
0 0.128125 0.066667 0.066250 0.081667
0 0.756250 0.390833 0.065000 0.083333
0 0.910937 0.947500 0.073125 0.093333
0 0.608125 0.549583 0.077500 0.097500
0 0.750625 0.617917 0.060000 0.077500
0 0.070938 0.691250 0.076875 0.095833
0 0.687813 0.470000 0.083125 0.100000
0 0.127812 0.757500 0.074375 0.105000
0 0.750938 0.306250 0.069375 0.085833
0 0.770312 0.462917 0.065625 0.075833
0 0.571562 0.403750 0.075625 0.090833
0 0.536875 0.527083 0.071250 0.090833
0 0.825937 0.399583 0.070625 0.084167
0 0.267813 0.344167 0.074375 0.113333
0 0.054688 0.070417 0.080625 0.105833
0 0.782813 0.720000 0.085625 0.096667
0 0.278750 0.882083 0.071250 0.104167
0 0.740000 0.929583 0.070000 0.095833
0 0.744062 0.532083 0.078125 0.097500
0 0.165625 0.676667 0.070000 0.111667
0 0.910312 0.820833 0.068125 0.081667
5 0.593437 0.740833 0.059375 0.080000
0 0.786250 0.241667 0.078750 0.095000
0 0.448750 0.456250 0.077500 0.095833
0 0.108750 0.327917 0.078750 0.102500
0 0.674375 0.272083 0.075000 0.094167
0 0.685000 0.850000 0.045000 0.085000
0 0.602187 0.879167 0.071875 0.083333
0 0.458437 0.772917 0.078125 0.104167
0 0.514375 0.810417 0.066250 0.085833
0 0.892188 0.751250 0.070625 0.090833
0 0.937187 0.476667 0.080625 0.098333
0 0.830937 0.242917 0.058125 0.095833
0 0.320937 0.043333 0.059375 0.081667
1 0.137813 0.147500 0.078125 0.106667
0 0.848750 0.430417 0.051250 0.074167
0 0.685000 0.322500 0.073750 0.080000
0 0.447500 0.499583 0.080000 0.099167
0 0.674063 0.362917 0.068125 0.087500
0 0.165625 0.478750 0.076250 0.092500
0 0.955313 0.433333 0.065625 0.078333
0 0.194375 0.533750 0.078750 0.107500
0 0.649687 0.755833 0.064375 0.076667
0 0.739375 0.879583 0.060000 0.102500
0 0.560937 0.425000 0.065625 0.086667
0 0.063750 0.251250 0.072500 0.097500
1 0.913438 0.413333 0.080625 0.113333
1 0.947187 0.258333 0.079375 0.121667
1 0.629062 0.379583 0.070625 0.117500
1 0.237813 0.387500 0.083125 0.105000
0 0.090313 0.773750 0.060625 0.092500
0 0.344687 0.951667 0.065625 0.093333
0 0.922188 0.262083 0.066875 0.099167
0 0.789375 0.042083 0.060000 0.084167
0 0.674687 0.062917 0.068125 0.087500
0 0.723437 0.407500 0.071875 0.101667
0 0.695937 0.630417 0.060625 0.065833
0 0.711250 0.699167 0.061250 0.078333
0 0.451875 0.723750 0.066250 0.082500
0 0.472500 0.685417 0.065000 0.075833
0 0.335313 0.875417 0.066875 0.089167
0 0.584375 0.832917 0.072500 0.090833
0 0.538750 0.933750 0.066250 0.089167
0 0.538750 0.877083 0.058750 0.074167
0 0.526250 0.842083 0.062500 0.087500
0 0.649062 0.810833 0.065625 0.081667
0 0.914062 0.684583 0.068125 0.089167
0 0.899062 0.725417 0.075625 0.079167
0 0.169687 0.292500 0.064375 0.100000
0 0.069062 0.219167 0.068125 0.093333
0 0.153750 0.256667 0.061250 0.078333
0 0.071563 0.162083 0.070625 0.092500
0 0.034375 0.164167 0.057500 0.068333
0 0.131250 0.232500 0.056250 0.073333
