0 0.850625 0.148750 0.083750 0.105833
0 0.656875 0.276250 0.081250 0.092500
0 0.489063 0.459167 0.081875 0.113333
0 0.596562 0.539583 0.074375 0.110833
0 0.325000 0.075000 0.075000 0.108333
0 0.155312 0.160000 0.084375 0.100000
0 0.084062 0.694167 0.070625 0.090000
0 0.776563 0.182500 0.071875 0.096667
0 0.354063 0.315833 0.073125 0.110000
0 0.703750 0.206667 0.080000 0.100000
0 0.307500 0.517083 0.068750 0.104167
0 0.578438 0.815000 0.083125 0.091667
0 0.678750 0.414167 0.075000 0.086667
0 0.182812 0.625417 0.078125 0.092500
2 0.435625 0.243750 0.088750 0.109167
0 0.151875 0.059167 0.077500 0.111667
0 0.195625 0.495000 0.077500 0.103333
0 0.941250 0.403750 0.073750 0.090833
0 0.861250 0.505417 0.077500 0.114167
0 0.053750 0.223333 0.072500 0.088333
0 0.049688 0.071667 0.068125 0.113333
0 0.597812 0.324167 0.085625 0.101667
0 0.314688 0.231250 0.079375 0.097500
0 0.919687 0.319583 0.080625 0.097500
0 0.469062 0.167083 0.070625 0.100833
0 0.703125 0.863750 0.068750 0.099167
0 0.143750 0.568333 0.083750 0.108333
0 0.656563 0.500000 0.073125 0.083333
0 0.812187 0.345000 0.078125 0.106667
0 0.216250 0.206667 0.070000 0.096667
0 0.194688 0.320417 0.071875 0.092500
0 0.713750 0.105000 0.066250 0.096667
0 0.932500 0.470833 0.072500 0.103333
0 0.661563 0.633333 0.085625 0.101667
0 0.849688 0.286250 0.068125 0.100833
0 0.179375 0.276667 0.078750 0.088333
0 0.331250 0.710833 0.072500 0.108333
0 0.312500 0.670833 0.075000 0.086667
