0 0.753125 0.079583 0.062500 0.080833
0 0.790937 0.844167 0.060625 0.081667
4 0.402813 0.779583 0.081875 0.092500
0 0.385313 0.692917 0.074375 0.099167
0 0.935625 0.516667 0.067500 0.111667
0 0.881250 0.318750 0.058750 0.074167
0 0.320937 0.590833 0.063125 0.088333
0 0.253125 0.514583 0.072500 0.104167
0 0.709688 0.235000 0.064375 0.083333
0 0.622500 0.640417 0.067500 0.095833
0 0.550000 0.190000 0.056250 0.076667
4 0.629687 0.459583 0.076875 0.092500
0 0.694063 0.361250 0.071875 0.097500
4 0.798125 0.211250 0.080000 0.099167
0 0.613125 0.134167 0.068750 0.085000
0 0.390937 0.420833 0.074375 0.088333
0 0.858125 0.532083 0.076250 0.090833
0 0.188125 0.847917 0.055000 0.080833
0 0.421250 0.535833 0.063750 0.081667
0 0.374063 0.210000 0.056875 0.081667
0 0.140000 0.145417 0.053750 0.082500
0 0.197500 0.950833 0.073750 0.090000
0 0.087813 0.106667 0.065625 0.080000
0 0.665312 0.761667 0.071875 0.090000
0 0.865000 0.703750 0.060000 0.072500
0 0.164062 0.320000 0.068125 0.083333
0 0.249688 0.248750 0.060625 0.070833
0 0.321875 0.393750 0.058750 0.082500
0 0.100312 0.197083 0.063125 0.077500
0 0.572500 0.567083 0.067500 0.082500
0 0.745313 0.690833 0.064375 0.081667
0 0.354375 0.120417 0.068750 0.082500
0 0.451875 0.475417 0.073750 0.092500
0 0.193438 0.594167 0.071875 0.085000
0 0.250000 0.742500 0.066250 0.083333
0 0.549063 0.470000 0.071875 0.093333
0 0.780000 0.759583 0.057500 0.072500
0 0.488125 0.228333 0.075000 0.088333
0 0.629375 0.324167 0.073750 0.086667
0 0.473750 0.582083 0.067500 0.074167
0 0.117188 0.562083 0.075625 0.082500
0 0.462500 0.660000 0.066250 0.088333
0 0.894062 0.627500 0.074375 0.093333
0 0.196875 0.132083 0.062500 0.092500
0 0.308437 0.308750 0.071875 0.075833
0 0.905312 0.764167 0.059375 0.076667
0 0.331250 0.242083 0.068750 0.085833
0 0.598437 0.844583 0.068125 0.105833
0 0.083125 0.420833 0.061250 0.075000
0 0.275938 0.102500 0.064375 0.085000
0 0.096875 0.289583 0.058750 0.092500
0 0.309375 0.732500 0.071250 0.098333
0 0.140313 0.743333 0.068125 0.088333
0 0.557187 0.719167 0.069375 0.088333
0 0.344062 0.479167 0.066875 0.080000
0 0.833750 0.443750 0.075000 0.097500
0 0.414687 0.044583 0.056875 0.072500
0 0.671562 0.061667 0.061875 0.073333
0 0.427500 0.162083 0.072500 0.097500
0 0.475938 0.944167 0.059375 0.075000
0 0.108750 0.311250 0.058750 0.094167
0 0.542188 0.103333 0.060625 0.088333
0 0.940312 0.671667 0.059375 0.093333
0 0.357187 0.556250 0.061875 0.080833
0 0.330313 0.952917 0.073125 0.084167
0 0.187812 0.406667 0.060625 0.070000
0 0.151562 0.052500 0.059375 0.073333
0 0.218750 0.206667 0.072500 0.071667
0 0.883125 0.431667 0.072500 0.108333
0 0.514375 0.690000 0.057500 0.076667
0 0.590625 0.097917 0.067500 0.085833
0 0.334375 0.856250 0.071250 0.069167
0 0.384375 0.366250 0.063750 0.064167
0 0.770312 0.397917 0.061875 0.092500
0 0.832812 0.292917 0.061875 0.075833
0 0.821250 0.355417 0.056250 0.074167
0 0.113437 0.046250 0.059375 0.074167
0 0.794063 0.414583 0.066875 0.092500
0 0.928438 0.711250 0.051875 0.065833
