0 0.832187 0.677083 0.076875 0.094167
0 0.440625 0.192083 0.078750 0.099167
0 0.798438 0.794583 0.080625 0.115833
0 0.058125 0.405000 0.078750 0.100000
0 0.919687 0.607500 0.079375 0.098333
0 0.614062 0.272917 0.078125 0.099167
0 0.408125 0.949583 0.073750 0.099167
0 0.898750 0.718750 0.073750 0.097500
0 0.636250 0.115000 0.067500 0.098333
0 0.930000 0.782083 0.072500 0.097500
0 0.614375 0.810417 0.080000 0.099167
0 0.257188 0.857083 0.081875 0.117500
0 0.686250 0.160000 0.065000 0.095000
0 0.195937 0.660000 0.076875 0.115000
0 0.455313 0.808333 0.075625 0.108333
0 0.954688 0.412083 0.085625 0.125833
0 0.886563 0.089583 0.071875 0.094167
0 0.821562 0.352083 0.065625 0.100833
0 0.785625 0.062083 0.081250 0.115833
0 0.291250 0.334167 0.075000 0.095000
0 0.111562 0.614167 0.074375 0.103333
0 0.227500 0.513750 0.083750 0.109167
0 0.129062 0.271667 0.076875 0.105000
0 0.768125 0.402500 0.066250 0.093333
0 0.950000 0.060833 0.068750 0.105000
0 0.097812 0.799167 0.070625 0.075000
0 0.716875 0.620417 0.081250 0.104167
