0 0.036562 0.516250 0.069375 0.090833
0 0.378437 0.754583 0.075625 0.100833
0 0.330625 0.871667 0.072500 0.095000
0 0.190312 0.353333 0.075625 0.101667
0 0.531250 0.567500 0.073750 0.090000
0 0.313750 0.159583 0.077500 0.100833
0 0.236250 0.122083 0.080000 0.099167
0 0.610313 0.764167 0.079375 0.093333
0 0.166250 0.244583 0.072500 0.092500
0 0.693438 0.588333 0.083125 0.106667
0 0.560000 0.172500 0.083750 0.096667
0 0.192500 0.506250 0.073750 0.094167
0 0.732187 0.762917 0.076875 0.089167
0 0.622812 0.439583 0.071875 0.117500
0 0.862187 0.220417 0.074375 0.109167
0 0.678438 0.827917 0.071875 0.109167
0 0.387188 0.541667 0.079375 0.111667
0 0.404062 0.288750 0.074375 0.095833
0 0.732500 0.882500 0.067500 0.101667
0 0.092500 0.116250 0.067500 0.104167
0 0.456875 0.467917 0.068750 0.092500
0 0.530625 0.389583 0.072500 0.090833
0 0.260937 0.929167 0.066875 0.108333
0 0.862500 0.474583 0.082500 0.084167
0 0.114062 0.750833 0.068125 0.105000
0 0.190625 0.776250 0.080000 0.090833
0 0.274062 0.180417 0.074375 0.099167
0 0.862187 0.110833 0.064375 0.090000
0 0.118750 0.368750 0.068750 0.090833
0 0.590313 0.939167 0.071875 0.086667
0 0.450313 0.202083 0.066875 0.085833
0 0.823125 0.747083 0.076250 0.090833
0 0.677813 0.495417 0.074375 0.087500
0 0.946250 0.370000 0.061250 0.105000
0 0.212812 0.685417 0.065625 0.097500
0 0.486563 0.763750 0.075625 0.102500
0 0.784375 0.276250 0.068750 0.082500
0 0.650937 0.691667 0.075625 0.088333
0 0.944063 0.718333 0.066875 0.106667
0 0.059375 0.907500 0.068750 0.096667
0 0.465313 0.677500 0.066875 0.091667
0 0.722812 0.707500 0.069375 0.096667
0 0.766563 0.682917 0.080625 0.100833
0 0.750313 0.177083 0.078125 0.104167
0 0.775312 0.895000 0.064375 0.098333
0 0.335625 0.288333 0.070000 0.103333
0 0.300938 0.303750 0.086875 0.100833
0 0.878125 0.319583 0.075000 0.084167
0 0.480312 0.481250 0.071875 0.089167
0 0.267188 0.755000 0.080625 0.095000
0 0.232187 0.573750 0.069375 0.082500
0 0.630625 0.211667 0.070000 0.096667
0 0.312812 0.065833 0.069375 0.098333
0 0.472500 0.343333 0.062500 0.101667
0 0.542500 0.865417 0.081250 0.100833
0 0.739062 0.510833 0.070625 0.098333
0 0.628125 0.068750 0.068750 0.087500
0 0.183750 0.625000 0.066250 0.103333
0 0.525937 0.684583 0.081875 0.084167
0 0.565625 0.266250 0.076250 0.090833
0 0.529375 0.260000 0.068750 0.091667
0 0.745625 0.386250 0.076250 0.110833
0 0.147813 0.850000 0.079375 0.100000
0 0.675312 0.137917 0.073125 0.107500
0 0.104375 0.632917 0.073750 0.105833
0 0.090625 0.910417 0.073750 0.087500
0 0.591875 0.640000 0.095000 0.103333
0 0.610938 0.854583 0.076875 0.095833
0 0.153125 0.192500 0.077500 0.101667
0 0.171250 0.585417 0.072500 0.105833
0 0.096875 0.209583 0.067500 0.095833
0 0.203750 0.847083 0.090000 0.095833
0 0.365625 0.613750 0.085000 0.144167
0 0.348125 0.400417 0.068750 0.064167
0 0.721562 0.413333 0.070625 0.095000
0 0.086875 0.604583 0.080000 0.095833
0 0.088438 0.280417 0.064375 0.105833
0 0.937813 0.154583 0.069375 0.079167
0 0.835313 0.296250 0.070625 0.082500
0 0.278750 0.619167 0.076250 0.121667
1 0.404375 0.395000 0.080000 0.118333
1 0.306563 0.648333 0.090625 0.106667
0 0.611875 0.589167 0.080000 0.093333
0 0.933125 0.194583 0.063750 0.089167
0 0.960625 0.384583 0.072500 0.080833
0 0.850000 0.122083 0.070000 0.087500
0 0.095312 0.755417 0.075625 0.087500
0 0.317188 0.769167 0.066875 0.096667
