0 0.247188 0.566667 0.075625 0.096667
0 0.836562 0.207083 0.078125 0.099167
0 0.244062 0.404583 0.068125 0.095833
0 0.917813 0.152917 0.075625 0.095833
0 0.525625 0.666250 0.066250 0.094167
0 0.150312 0.197083 0.070625 0.102500
0 0.489687 0.908333 0.084375 0.096667
0 0.585625 0.853750 0.070000 0.095833
0 0.823750 0.415417 0.073750 0.112500
0 0.279375 0.230000 0.073750 0.095000
0 0.395937 0.548333 0.073125 0.113333
0 0.622812 0.253750 0.080625 0.095833
0 0.921250 0.368333 0.082500 0.111667
0 0.889687 0.473333 0.069375 0.086667
0 0.037812 0.640000 0.066875 0.100000
0 0.654375 0.054167 0.076250 0.091667
0 0.343438 0.608333 0.070625 0.101667
0 0.072188 0.436667 0.078125 0.095000
0 0.098125 0.805833 0.055000 0.085000
0 0.720625 0.362083 0.070000 0.089167
0 0.875938 0.072500 0.081875 0.093333
0 0.404062 0.089583 0.061875 0.097500
0 0.930625 0.618750 0.075000 0.105833
0 0.188750 0.477500 0.071250 0.088333
0 0.719063 0.159583 0.083125 0.092500
0 0.066875 0.080417 0.078750 0.107500
0 0.610000 0.440417 0.063750 0.100833
0 0.142813 0.744583 0.074375 0.090833
0 0.371250 0.263750 0.072500 0.099167
0 0.320625 0.130417 0.072500 0.100833
0 0.271250 0.644583 0.065000 0.094167
0 0.228437 0.795000 0.070625 0.101667
0 0.748125 0.251667 0.060000 0.091667
0 0.345938 0.847917 0.078125 0.105833
0 0.472187 0.045833 0.081875 0.075000
0 0.929375 0.832500 0.068750 0.100000
0 0.055313 0.745417 0.075625 0.095833
0 0.842500 0.629167 0.072500 0.106667
0 0.034063 0.531250 0.068125 0.100833
0 0.674687 0.600000 0.063125 0.103333
0 0.676875 0.489583 0.075000 0.097500
0 0.752500 0.512500 0.070000 0.076667
0 0.657188 0.755417 0.076875 0.095833
0 0.384688 0.816667 0.075625 0.090000
0 0.801875 0.648750 0.076250 0.102500
0 0.118125 0.490833 0.071250 0.103333
0 0.435312 0.133333 0.073125 0.093333
0 0.334688 0.952083 0.071875 0.095833
2 0.219688 0.315833 0.074375 0.128333
0 0.472813 0.153750 0.071875 0.094167
0 0.696250 0.064167 0.063750 0.093333
0 0.680937 0.856667 0.068125 0.091667
0 0.776250 0.720417 0.078750 0.100833
0 0.896563 0.765417 0.050625 0.087500
0 0.763750 0.611250 0.068750 0.087500
0 0.529687 0.144167 0.063125 0.095000
0 0.303125 0.344583 0.063750 0.079167
0 0.723437 0.312083 0.080625 0.085833
0 0.368750 0.371667 0.066250 0.106667
0 0.368125 0.177083 0.070000 0.092500
0 0.655312 0.877917 0.070625 0.097500
0 0.101250 0.399583 0.070000 0.100833
0 0.660312 0.523333 0.069375 0.091667
2 0.789062 0.342083 0.074375 0.139167
0 0.249688 0.207917 0.070625 0.099167
0 0.418125 0.207917 0.066250 0.095833
0 0.510938 0.105000 0.074375 0.096667
1 0.322500 0.397500 0.075000 0.128333
0 0.860625 0.829583 0.048750 0.140833
0 0.722187 0.398750 0.079375 0.092500
0 0.566875 0.094583 0.052500 0.080833
0 0.227500 0.821667 0.070000 0.101667
