0 0.712812 0.652083 0.064375 0.080833
0 0.351562 0.174167 0.060625 0.085000
0 0.780625 0.923333 0.058750 0.085000
0 0.934063 0.481250 0.076875 0.095833
0 0.438125 0.780833 0.080000 0.103333
0 0.255312 0.903750 0.070625 0.100833
0 0.093438 0.195417 0.060625 0.082500
0 0.851562 0.897500 0.060625 0.083333
0 0.744062 0.517917 0.064375 0.097500
0 0.915625 0.725000 0.060000 0.085000
0 0.408125 0.402083 0.062500 0.074167
0 0.806250 0.839167 0.071250 0.085000
0 0.495312 0.473750 0.064375 0.077500
0 0.544375 0.082083 0.081250 0.100833
0 0.323750 0.672917 0.061250 0.080833
0 0.616563 0.667083 0.053125 0.079167
1 0.608437 0.166667 0.070625 0.108333
0 0.594688 0.852500 0.064375 0.075000
0 0.260000 0.754167 0.071250 0.071667
0 0.259062 0.395417 0.061875 0.074167
0 0.356875 0.352500 0.065000 0.081667
0 0.742500 0.274167 0.058750 0.083333
3 0.515312 0.699583 0.083125 0.095833
0 0.729375 0.181250 0.067500 0.074167
0 0.905312 0.339167 0.059375 0.078333
0 0.386875 0.885000 0.068750 0.078333
0 0.378750 0.472500 0.066250 0.076667
0 0.823438 0.234167 0.063125 0.078333
0 0.108750 0.530000 0.068750 0.080000
0 0.244688 0.678333 0.058125 0.081667
0 0.630000 0.272500 0.075000 0.081667
0 0.506250 0.382917 0.063750 0.079167
0 0.065000 0.866667 0.062500 0.083333
0 0.361563 0.568333 0.061875 0.070000
0 0.500938 0.142917 0.053125 0.084167
0 0.126250 0.445000 0.053750 0.070000
0 0.048125 0.537500 0.056250 0.076667
0 0.935937 0.921667 0.060625 0.086667
5 0.889687 0.796667 0.073125 0.093333
0 0.664062 0.886250 0.055625 0.077500
0 0.689375 0.550833 0.056250 0.058333
0 0.289687 0.104167 0.055625 0.090000
0 0.299063 0.316250 0.074375 0.102500
0 0.083750 0.630833 0.048750 0.071667
0 0.949375 0.790000 0.051250 0.076667
0 0.875625 0.122917 0.055000 0.077500
0 0.656250 0.621667 0.053750 0.088333
0 0.409687 0.957917 0.063125 0.072500
0 0.296563 0.466250 0.053125 0.070833
0 0.316250 0.922917 0.050000 0.067500
0 0.080000 0.472917 0.061250 0.077500
0 0.606250 0.326667 0.056250 0.068333
0 0.887813 0.547083 0.061875 0.064167
0 0.624375 0.393333 0.045000 0.073333
0 0.582187 0.621250 0.049375 0.069167
0 0.833125 0.709583 0.057500 0.072500
0 0.094062 0.086250 0.050625 0.064167
0 0.870313 0.070417 0.070625 0.067500
0 0.505938 0.776667 0.044375 0.073333
0 0.665312 0.966250 0.056875 0.064167
0 0.732500 0.943750 0.053750 0.080833
0 0.900625 0.875000 0.075000 0.071667
0 0.780312 0.242917 0.039375 0.099167
0 0.114687 0.863333 0.041875 0.071667
