0 0.264688 0.225000 0.066875 0.088333
0 0.617812 0.053333 0.060625 0.085000
0 0.637813 0.143750 0.073125 0.095833
0 0.338438 0.881667 0.061875 0.083333
0 0.685000 0.073333 0.062500 0.086667
0 0.125312 0.544167 0.069375 0.095000
0 0.556250 0.362500 0.067500 0.100000
0 0.923438 0.155000 0.063125 0.088333
0 0.655625 0.514167 0.062500 0.093333
0 0.738750 0.478750 0.071250 0.095833
0 0.921250 0.700000 0.061250 0.085000
0 0.273125 0.454167 0.060000 0.085000
0 0.621250 0.397500 0.067500 0.090000
0 0.827187 0.833750 0.060625 0.087500
0 0.744375 0.167083 0.075000 0.084167
0 0.726250 0.759583 0.063750 0.085833
0 0.809375 0.920000 0.061250 0.095000
0 0.481250 0.516250 0.062500 0.087500
0 0.319063 0.642500 0.058125 0.088333
0 0.851562 0.146667 0.064375 0.095000
0 0.601562 0.867500 0.061875 0.081667
0 0.925937 0.925000 0.066875 0.091667
0 0.043750 0.183750 0.068750 0.090833
0 0.846562 0.057500 0.066875 0.075000
0 0.541875 0.649167 0.060000 0.083333
0 0.380937 0.596667 0.068125 0.093333
0 0.061250 0.730000 0.067500 0.091667
0 0.194062 0.822083 0.080625 0.105833
0 0.716250 0.260833 0.060000 0.081667
0 0.248438 0.304167 0.065625 0.100000
0 0.228437 0.672917 0.058125 0.080833
0 0.923750 0.047917 0.067500 0.085833
0 0.706875 0.648750 0.063750 0.094167
0 0.569063 0.092083 0.061875 0.092500
0 0.664375 0.724167 0.057500 0.080000
0 0.552500 0.936250 0.065000 0.095833
0 0.483438 0.248333 0.064375 0.090000
0 0.895312 0.535417 0.066875 0.094167
0 0.186562 0.933333 0.068125 0.093333
0 0.553125 0.798750 0.062500 0.102500
0 0.167187 0.707083 0.056875 0.080833
0 0.635938 0.598750 0.058125 0.079167
0 0.683125 0.381250 0.072500 0.090833
0 0.929063 0.386250 0.070625 0.095833
0 0.854375 0.763750 0.063750 0.090833
0 0.929375 0.262917 0.067500 0.085833
0 0.805625 0.505833 0.062500 0.081667
0 0.772500 0.350000 0.076250 0.091667
0 0.266875 0.781250 0.068750 0.084167
0 0.861250 0.289167 0.062500 0.088333
0 0.098437 0.852500 0.065625 0.091667
0 0.832187 0.404167 0.070625 0.086667
0 0.165625 0.328333 0.080000 0.106667
0 0.221875 0.084167 0.067500 0.113333
0 0.270937 0.543750 0.091875 0.104167
0 0.799063 0.231250 0.064375 0.082500
0 0.059687 0.563333 0.065625 0.106667
0 0.155312 0.897083 0.075625 0.097500
0 0.440000 0.636250 0.065000 0.069167
0 0.435000 0.338333 0.068750 0.105000
0 0.109063 0.618333 0.068125 0.075000
0 0.581250 0.264167 0.062500 0.088333
0 0.202187 0.262917 0.070625 0.095833
0 0.656563 0.306667 0.074375 0.073333
0 0.673750 0.823750 0.061250 0.089167
0 0.143437 0.086667 0.074375 0.081667
0 0.085000 0.249583 0.056250 0.079167
0 0.401250 0.283333 0.066250 0.096667
0 0.608437 0.731250 0.040625 0.115833
0 0.044062 0.085833 0.069375 0.091667
0 0.892813 0.810000 0.059375 0.106667
0 0.204375 0.438333 0.068750 0.080000
0 0.786250 0.609583 0.061250 0.072500
0 0.111250 0.424583 0.063750 0.090833
0 0.794687 0.681667 0.064375 0.073333
0 0.728125 0.908333 0.071250 0.095000
0 0.201875 0.551250 0.063750 0.089167
0 0.752812 0.864167 0.070625 0.103333
0 0.222812 0.364167 0.056875 0.083333
0 0.315312 0.309167 0.054375 0.083333
0 0.510000 0.141250 0.062500 0.075833
0 0.611875 0.230833 0.070000 0.091667
0 0.622500 0.783750 0.071250 0.099167
0 0.731875 0.368333 0.077500 0.116667
0 0.381875 0.123333 0.061250 0.088333
0 0.263750 0.908333 0.072500 0.083333
0 0.669375 0.949167 0.073750 0.100000
0 0.946875 0.472500 0.063750 0.095000
0 0.556875 0.509167 0.052500 0.073333
0 0.807813 0.114583 0.053125 0.072500
0 0.497500 0.864583 0.066250 0.084167
0 0.334375 0.196667 0.063750 0.080000
0 0.444063 0.175000 0.054375 0.083333
0 0.967500 0.582083 0.061250 0.077500
0 0.887500 0.241250 0.063750 0.085833
0 0.465313 0.731250 0.069375 0.069167
0 0.494063 0.393750 0.060625 0.089167
0 0.075313 0.355833 0.061875 0.083333
0 0.770000 0.052917 0.066250 0.082500
0 0.487812 0.948750 0.066875 0.080833
0 0.213125 0.156250 0.055000 0.090833
0 0.342187 0.451667 0.064375 0.095000
0 0.281875 0.063750 0.057500 0.070833
0 0.404062 0.392500 0.051875 0.086667
0 0.382500 0.498750 0.060000 0.072500
0 0.416250 0.050000 0.067500 0.100000
0 0.044687 0.458333 0.055625 0.081667
1 0.155000 0.449167 0.087500 0.121667
0 0.373750 0.717917 0.050000 0.090833
0 0.388437 0.740833 0.065625 0.080000
0 0.065000 0.068333 0.055000 0.080000
0 0.046562 0.346667 0.066875 0.091667
0 0.406562 0.159167 0.064375 0.081667
0 0.315000 0.167500 0.056250 0.083333
0 0.968125 0.332083 0.061250 0.085833
0 0.867500 0.326667 0.060000 0.075000
0 0.826250 0.433333 0.072500 0.081667
0 0.778438 0.246667 0.063125 0.078333
0 0.953750 0.552083 0.067500 0.075833
0 0.915625 0.787917 0.062500 0.089167
0 0.768437 0.575000 0.071875 0.080000
0 0.814375 0.532500 0.057500 0.078333
0 0.765000 0.719167 0.058750 0.075000
0 0.852187 0.727500 0.061875 0.091667
0 0.551250 0.757500 0.062500 0.078333
0 0.605000 0.960833 0.065000 0.075000
0 0.457188 0.953333 0.065625 0.075000
0 0.796250 0.922917 0.058750 0.077500
0 0.618437 0.620000 0.054375 0.070000
0 0.465000 0.860000 0.075000 0.081667
0 0.477812 0.818750 0.073125 0.084167
0 0.677188 0.870000 0.063125 0.080000
0 0.405625 0.489583 0.066250 0.069167
0 0.112187 0.801250 0.058125 0.089167
0 0.271875 0.936250 0.058750 0.092500
0 0.044375 0.960000 0.060000 0.076667
0 0.234375 0.505000 0.060000 0.083333
0 0.438125 0.670833 0.078750 0.080000
0 0.479375 0.705833 0.058750 0.081667
0 0.175000 0.566667 0.052500 0.100000
0 0.514375 0.180833 0.057500 0.091667
0 0.342813 0.311667 0.059375 0.081667
0 0.586250 0.486667 0.067500 0.086667
0 0.510000 0.422917 0.062500 0.080833
0 0.426563 0.409167 0.055625 0.068333
0 0.656563 0.256250 0.046875 0.067500
0 0.327188 0.421250 0.074375 0.075833
0 0.558750 0.268333 0.062500 0.091667
0 0.463750 0.268333 0.058750 0.083333
0 0.571875 0.455833 0.058750 0.066667
0 0.335000 0.381250 0.052500 0.060833
0 0.673438 0.697083 0.061875 0.069167
0 0.267188 0.809583 0.060625 0.075833
