0 0.730625 0.300000 0.075000 0.098333
0 0.876250 0.354583 0.070000 0.089167
0 0.107188 0.124167 0.070625 0.101667
0 0.904687 0.658333 0.073125 0.093333
0 0.900312 0.920000 0.078125 0.103333
0 0.380625 0.494583 0.082500 0.104167
0 0.645000 0.428333 0.080000 0.103333
0 0.523750 0.440000 0.072500 0.113333
0 0.484063 0.302500 0.061875 0.090000
0 0.126562 0.224167 0.078125 0.103333
0 0.691250 0.639583 0.065000 0.087500
0 0.675312 0.221250 0.078125 0.087500
0 0.256563 0.897917 0.064375 0.087500
0 0.561250 0.235000 0.058750 0.093333
0 0.241875 0.679583 0.081250 0.107500
0 0.339062 0.211250 0.078125 0.104167
0 0.672188 0.303333 0.075625 0.115000
0 0.655312 0.942917 0.064375 0.094167
0 0.264062 0.332083 0.079375 0.115833
0 0.078750 0.521250 0.068750 0.097500
0 0.267500 0.099583 0.072500 0.092500
0 0.279375 0.753333 0.085000 0.080000
0 0.314375 0.670833 0.075000 0.115000
0 0.406250 0.783750 0.077500 0.094167
0 0.957812 0.267917 0.083125 0.110833
0 0.448750 0.812083 0.083750 0.092500
0 0.484063 0.523333 0.071875 0.093333
0 0.854688 0.745417 0.074375 0.124167
0 0.381250 0.052083 0.076250 0.097500
0 0.832187 0.518750 0.073125 0.097500
0 0.425000 0.207917 0.076250 0.114167
0 0.882188 0.466250 0.064375 0.102500
0 0.634062 0.137083 0.081875 0.107500
0 0.529375 0.347500 0.070000 0.093333
0 0.142187 0.490000 0.079375 0.096667
0 0.121250 0.616250 0.077500 0.107500
0 0.931875 0.768333 0.082500 0.103333
0 0.462500 0.905000 0.077500 0.125000
0 0.260313 0.197500 0.068125 0.098333
0 0.193125 0.699583 0.082500 0.109167
0 0.930625 0.482500 0.073750 0.083333
0 0.205625 0.533750 0.066250 0.099167
0 0.760938 0.376250 0.059375 0.092500
0 0.859688 0.579167 0.071875 0.105000
0 0.429375 0.457917 0.052500 0.102500
0 0.878750 0.049167 0.083750 0.086667
0 0.605938 0.514167 0.078125 0.110000
0 0.240313 0.791250 0.056875 0.100833
0 0.595000 0.088750 0.071250 0.092500
0 0.461562 0.068750 0.069375 0.105833
1 0.463438 0.171667 0.071875 0.110000
0 0.055938 0.784167 0.083125 0.105000
0 0.571250 0.428750 0.061250 0.092500
0 0.145000 0.715417 0.081250 0.107500
0 0.566875 0.852917 0.073750 0.132500
0 0.042188 0.715833 0.049375 0.115000
0 0.649687 0.057500 0.103125 0.093333
0 0.274375 0.849583 0.073750 0.102500
0 0.096875 0.694167 0.076250 0.095000
0 0.187188 0.185833 0.080625 0.088333
0 0.958438 0.798750 0.060625 0.090833
0 0.280938 0.277917 0.083125 0.080833
0 0.213750 0.273333 0.067500 0.078333
0 0.033750 0.147083 0.067500 0.092500
0 0.043750 0.607083 0.083750 0.095833
3 0.815312 0.602500 0.085625 0.105000
0 0.607187 0.739583 0.079375 0.117500
0 0.385625 0.918333 0.082500 0.115000
0 0.491250 0.067083 0.061250 0.104167
0 0.056875 0.045000 0.068750 0.090000
0 0.300312 0.820833 0.065625 0.096667
0 0.514687 0.901250 0.058125 0.122500
0 0.621563 0.805417 0.070625 0.130833
0 0.619062 0.838333 0.063125 0.120000
0 0.785312 0.639167 0.058125 0.095000
1 0.527188 0.152500 0.060625 0.101667
1 0.202813 0.148750 0.056875 0.075833
