0 0.874375 0.132917 0.066250 0.079167
0 0.147187 0.831250 0.071875 0.090833
0 0.889375 0.778750 0.080000 0.105833
0 0.421250 0.827500 0.065000 0.085000
0 0.330313 0.420417 0.064375 0.087500
0 0.397813 0.927500 0.075625 0.095000
0 0.047188 0.380417 0.071875 0.100833
0 0.571562 0.210000 0.058125 0.080000
0 0.415000 0.285000 0.062500 0.096667
4 0.665625 0.567083 0.070000 0.097500
0 0.839375 0.252500 0.062500 0.085000
0 0.301563 0.765417 0.059375 0.085833
0 0.610625 0.366250 0.073750 0.099167
0 0.110625 0.884167 0.062500 0.080000
0 0.639375 0.751250 0.062500 0.075833
0 0.715625 0.865000 0.068750 0.091667
0 0.495937 0.764167 0.073125 0.086667
0 0.915625 0.889583 0.073750 0.100833
0 0.105313 0.602083 0.060625 0.079167
0 0.661250 0.167083 0.057500 0.082500
0 0.285313 0.229583 0.061875 0.087500
0 0.486250 0.915833 0.068750 0.088333
0 0.769687 0.240417 0.068125 0.094167
0 0.094062 0.282500 0.060625 0.076667
0 0.592812 0.558750 0.070625 0.095833
0 0.726562 0.179583 0.058125 0.084167
0 0.767500 0.725417 0.066250 0.092500
0 0.807187 0.920417 0.071875 0.089167
0 0.238437 0.872917 0.069375 0.085833
0 0.388125 0.145417 0.066250 0.079167
4 0.319063 0.087083 0.061875 0.087500
0 0.271875 0.666250 0.075000 0.094167
0 0.916875 0.485417 0.063750 0.079167
0 0.808750 0.660000 0.066250 0.093333
0 0.849063 0.698333 0.066875 0.078333
0 0.195000 0.348750 0.068750 0.100833
0 0.350000 0.545833 0.067500 0.113333
0 0.643750 0.481667 0.061250 0.085000
0 0.843750 0.876250 0.065000 0.099167
0 0.242812 0.776667 0.065625 0.091667
0 0.402813 0.432500 0.070625 0.105000
0 0.435000 0.740417 0.068750 0.089167
0 0.525625 0.454583 0.071250 0.084167
0 0.708750 0.756667 0.071250 0.100000
0 0.515000 0.842500 0.062500 0.088333
0 0.513750 0.390833 0.063750 0.085000
0 0.828438 0.551250 0.065625 0.082500
0 0.163438 0.376667 0.071875 0.096667
0 0.957812 0.600833 0.064375 0.096667
0 0.615625 0.161250 0.056250 0.080833
0 0.113125 0.387500 0.057500 0.100000
0 0.256875 0.097500 0.066250 0.086667
0 0.215938 0.053333 0.060625 0.086667
0 0.326875 0.588750 0.072500 0.094167
0 0.880313 0.553333 0.068125 0.085000
0 0.856563 0.481667 0.056875 0.073333
0 0.403125 0.048750 0.066250 0.095833
0 0.773750 0.472500 0.061250 0.110000
0 0.168125 0.051667 0.067500 0.100000
