0 0.751875 0.568750 0.068750 0.087500
0 0.151562 0.757083 0.078125 0.087500
0 0.862187 0.117083 0.069375 0.102500
0 0.345000 0.349167 0.080000 0.103333
0 0.855000 0.520417 0.067500 0.094167
0 0.417187 0.827083 0.063125 0.084167
0 0.120938 0.900833 0.061875 0.085000
0 0.475313 0.927917 0.076875 0.097500
0 0.424063 0.629583 0.065625 0.079167
0 0.604062 0.504167 0.065625 0.083333
0 0.553438 0.630833 0.083125 0.101667
0 0.529687 0.360833 0.065625 0.088333
0 0.058750 0.826250 0.077500 0.092500
0 0.088125 0.660000 0.066250 0.090000
0 0.188438 0.953750 0.068125 0.080833
0 0.543125 0.464583 0.071250 0.090833
0 0.611563 0.778750 0.081875 0.104167
0 0.864375 0.357500 0.063750 0.085000
0 0.368750 0.772500 0.076250 0.100000
0 0.685937 0.486667 0.075625 0.096667
0 0.738437 0.255000 0.065625 0.078333
0 0.934063 0.697083 0.068125 0.089167
0 0.805312 0.632917 0.064375 0.094167
0 0.467813 0.749167 0.071875 0.105000
0 0.635312 0.421250 0.079375 0.095833
0 0.822812 0.302083 0.066875 0.082500
0 0.082187 0.467500 0.075625 0.085000
0 0.410000 0.709583 0.066250 0.092500
0 0.718437 0.152917 0.074375 0.104167
0 0.179375 0.283333 0.067500 0.095000
0 0.413750 0.509167 0.071250 0.091667
0 0.789062 0.417917 0.089375 0.072500
0 0.367812 0.589167 0.060625 0.080000
0 0.763750 0.760000 0.067500 0.076667
0 0.066562 0.921667 0.066875 0.091667
0 0.913750 0.527083 0.060000 0.079167
0 0.350313 0.671250 0.060625 0.094167
0 0.344687 0.864583 0.064375 0.069167
0 0.149062 0.673750 0.063125 0.085833
1 0.596562 0.329167 0.076875 0.110000
0 0.280938 0.947083 0.068125 0.095833
3 0.497812 0.230000 0.078125 0.128333
0 0.679688 0.365833 0.065625 0.076667
0 0.281562 0.059167 0.073125 0.098333
0 0.656875 0.558333 0.062500 0.086667
0 0.080937 0.228750 0.071875 0.097500
0 0.693125 0.055000 0.072500 0.088333
0 0.839063 0.616667 0.059375 0.081667
0 0.921250 0.599167 0.061250 0.078333
0 0.853437 0.928750 0.068125 0.080833
0 0.237813 0.899583 0.076875 0.084167
1 0.786875 0.083750 0.078750 0.115833
0 0.520938 0.833750 0.068125 0.084167
0 0.301250 0.641250 0.067500 0.079167
0 0.471875 0.684167 0.065000 0.086667
0 0.899375 0.672083 0.081250 0.089167
0 0.336250 0.915000 0.071250 0.083333
0 0.520938 0.712917 0.065625 0.080833
0 0.969063 0.206667 0.060625 0.080000
0 0.924375 0.906667 0.071250 0.100000
0 0.058125 0.562500 0.072500 0.083333
0 0.710000 0.302500 0.077500 0.093333
0 0.629375 0.633333 0.070000 0.075000
0 0.777500 0.270833 0.070000 0.101667
0 0.233437 0.806250 0.075625 0.112500
1 0.746563 0.034583 0.081875 0.069167
0 0.252188 0.165000 0.084375 0.080000
0 0.207813 0.182500 0.065625 0.095000
0 0.077500 0.423333 0.070000 0.108333
0 0.165000 0.607917 0.076250 0.099167
0 0.203125 0.582083 0.072500 0.115833
0 0.917813 0.825000 0.054375 0.075000
0 0.906250 0.942917 0.061250 0.099167
0 0.946250 0.741667 0.075000 0.085000
0 0.328125 0.507083 0.073750 0.087500
0 0.300312 0.550833 0.068125 0.103333
0 0.396875 0.965417 0.053750 0.065833
0 0.893437 0.596250 0.065625 0.075833
0 0.965938 0.779167 0.068125 0.081667
0 0.527500 0.789583 0.062500 0.067500
