0 0.720938 0.420833 0.075625 0.100000
0 0.099375 0.433333 0.073750 0.091667
0 0.475625 0.712500 0.070000 0.095000
0 0.302812 0.928333 0.075625 0.096667
0 0.506250 0.350417 0.068750 0.095833
0 0.370312 0.671250 0.075625 0.100833
0 0.958438 0.472083 0.058125 0.095833
0 0.255000 0.777917 0.072500 0.094167
0 0.543750 0.731667 0.070000 0.103333
0 0.774375 0.530417 0.063750 0.090833
0 0.382500 0.343750 0.072500 0.115833
0 0.238125 0.630000 0.072500 0.095000
4 0.880938 0.498333 0.079375 0.103333
0 0.682187 0.810000 0.074375 0.091667
0 0.395937 0.499167 0.078125 0.098333
0 0.833438 0.262917 0.079375 0.097500
0 0.311250 0.222917 0.073750 0.100833
0 0.427187 0.877500 0.076875 0.108333
0 0.231563 0.168750 0.073125 0.107500
0 0.677500 0.901250 0.080000 0.104167
0 0.478438 0.055000 0.078125 0.101667
0 0.144063 0.210000 0.078125 0.098333
0 0.305000 0.319583 0.080000 0.094167
0 0.591562 0.467500 0.068125 0.088333
0 0.414687 0.161667 0.069375 0.098333
0 0.532188 0.520833 0.075625 0.093333
0 0.245000 0.435000 0.080000 0.100000
0 0.116250 0.666250 0.072500 0.090833
0 0.750938 0.290833 0.084375 0.090000
0 0.439688 0.614167 0.070625 0.101667
0 0.744687 0.200000 0.079375 0.095000
0 0.794063 0.152083 0.079375 0.109167
0 0.044375 0.215000 0.080000 0.093333
0 0.931562 0.725417 0.073125 0.107500
