0 0.330625 0.467083 0.068750 0.095833
0 0.254375 0.196250 0.062500 0.089167
0 0.673750 0.550417 0.075000 0.099167
0 0.945625 0.810833 0.066250 0.090000
0 0.060937 0.491667 0.064375 0.085000
0 0.709688 0.423333 0.081875 0.111667
0 0.633125 0.312083 0.067500 0.099167
0 0.310937 0.110417 0.068125 0.092500
0 0.531250 0.081250 0.067500 0.097500
0 0.367500 0.300417 0.068750 0.090833
0 0.848750 0.158750 0.066250 0.102500
0 0.625938 0.128333 0.061875 0.085000
0 0.491875 0.300417 0.078750 0.102500
0 0.780000 0.610833 0.062500 0.083333
0 0.474375 0.171250 0.076250 0.099167
0 0.385625 0.400000 0.068750 0.086667
0 0.114062 0.413750 0.075625 0.097500
0 0.108125 0.583750 0.073750 0.102500
0 0.690312 0.071667 0.071875 0.108333
0 0.862187 0.687083 0.070625 0.082500
0 0.929375 0.518750 0.058750 0.074167
0 0.768125 0.120417 0.071250 0.090833
0 0.585313 0.835417 0.061875 0.082500
0 0.268437 0.812917 0.066875 0.084167
0 0.535625 0.400417 0.078750 0.099167
0 0.515312 0.792500 0.080625 0.106667
0 0.689688 0.181667 0.059375 0.080000
0 0.324375 0.626667 0.073750 0.103333
0 0.188750 0.652083 0.066250 0.074167
0 0.173750 0.805000 0.081250 0.101667
0 0.356875 0.915833 0.061250 0.080000
0 0.220625 0.378333 0.062500 0.085000
0 0.343750 0.570000 0.066250 0.093333
0 0.957500 0.146250 0.082500 0.104167
0 0.925312 0.364167 0.076875 0.068333
0 0.216562 0.859583 0.063125 0.087500
0 0.100312 0.737083 0.075625 0.089167
0 0.920625 0.280833 0.050000 0.063333
0 0.887188 0.209167 0.063125 0.081667
0 0.915000 0.442917 0.077500 0.085833
0 0.746250 0.693333 0.071250 0.076667
0 0.918438 0.055000 0.078125 0.110000
0 0.255937 0.499583 0.063125 0.087500
0 0.407187 0.452500 0.070625 0.096667
1 0.721250 0.263333 0.081250 0.125000
1 0.405000 0.710833 0.087500 0.121667
0 0.368437 0.941250 0.068125 0.087500
0 0.266875 0.534583 0.071250 0.089167
0 0.965000 0.435000 0.067500 0.078333
