0 0.747500 0.473333 0.077500 0.088333
0 0.410625 0.733333 0.078750 0.110000
0 0.473125 0.271667 0.071250 0.086667
0 0.641563 0.330417 0.074375 0.102500
0 0.668125 0.734167 0.067500 0.115000
0 0.818125 0.825833 0.076250 0.098333
0 0.227187 0.679583 0.078125 0.097500
0 0.929063 0.906667 0.073125 0.110000
0 0.168125 0.317917 0.071250 0.105833
0 0.734062 0.936667 0.073125 0.093333
0 0.455625 0.381667 0.073750 0.106667
0 0.137813 0.444583 0.078125 0.090833
0 0.147187 0.909583 0.074375 0.082500
0 0.793438 0.518333 0.066875 0.098333
0 0.643437 0.877083 0.078125 0.105833
0 0.330937 0.477917 0.073125 0.094167
0 0.307812 0.119583 0.080625 0.104167
0 0.568438 0.333750 0.070625 0.105833
0 0.931250 0.556250 0.065000 0.085833
0 0.858125 0.523750 0.072500 0.100833
0 0.714063 0.637917 0.079375 0.105833
0 0.930625 0.130833 0.072500 0.096667
3 0.513125 0.862500 0.087500 0.136667
0 0.381875 0.647917 0.066250 0.082500
0 0.872188 0.110000 0.070625 0.120000
0 0.600625 0.954167 0.081250 0.091667
0 0.139375 0.835000 0.068750 0.093333
0 0.181875 0.210417 0.060000 0.105833
0 0.547500 0.145000 0.063750 0.096667
0 0.842500 0.340000 0.080000 0.088333
0 0.815312 0.920833 0.058125 0.100000
0 0.394062 0.260000 0.064375 0.101667
0 0.942500 0.469167 0.067500 0.095000
0 0.232187 0.285833 0.079375 0.138333
0 0.412813 0.154167 0.055625 0.118333
0 0.819063 0.136667 0.073125 0.095000
0 0.490625 0.180417 0.078750 0.094167
0 0.308750 0.287083 0.060000 0.100833
0 0.131875 0.387083 0.062500 0.107500
0 0.470000 0.157500 0.062500 0.131667
