0 0.207187 0.067917 0.061875 0.090833
0 0.115625 0.520000 0.065000 0.088333
0 0.514687 0.868750 0.063125 0.079167
0 0.653750 0.308333 0.066250 0.088333
0 0.118438 0.662917 0.060625 0.080833
0 0.894062 0.364583 0.064375 0.082500
0 0.141563 0.117500 0.068125 0.101667
0 0.091563 0.398750 0.068125 0.097500
0 0.453125 0.844167 0.066250 0.086667
0 0.578125 0.365417 0.057500 0.082500
0 0.855000 0.710417 0.073750 0.092500
0 0.591562 0.142917 0.061875 0.089167
0 0.775937 0.862500 0.071875 0.086667
0 0.287500 0.884167 0.075000 0.101667
0 0.297187 0.505417 0.070625 0.095833
0 0.576562 0.573333 0.061875 0.090000
0 0.075000 0.589583 0.062500 0.084167
0 0.850625 0.087917 0.060000 0.082500
0 0.064687 0.704583 0.061875 0.094167
0 0.653750 0.655417 0.062500 0.089167
0 0.592187 0.694167 0.064375 0.090000
0 0.226562 0.212500 0.066875 0.098333
0 0.259688 0.125000 0.064375 0.085000
0 0.538125 0.070000 0.057500 0.078333
0 0.835000 0.498750 0.063750 0.084167
0 0.874062 0.604583 0.063125 0.080833
0 0.414062 0.275833 0.063125 0.086667
0 0.090000 0.882500 0.060000 0.091667
0 0.303125 0.399167 0.073750 0.100000
0 0.827500 0.796667 0.065000 0.100000
0 0.256875 0.320833 0.060000 0.088333
0 0.527500 0.152083 0.063750 0.087500
0 0.711562 0.583333 0.058125 0.080000
0 0.707812 0.363750 0.068125 0.094167
0 0.635938 0.407917 0.068125 0.087500
0 0.077813 0.225417 0.068125 0.080833
0 0.522813 0.760000 0.068125 0.095000
0 0.678438 0.117500 0.053125 0.105000
0 0.653438 0.475000 0.064375 0.088333
0 0.386875 0.911250 0.075000 0.079167
0 0.644062 0.562083 0.060625 0.079167
0 0.121875 0.772917 0.063750 0.095833
0 0.213125 0.946667 0.068750 0.083333
0 0.518125 0.653333 0.066250 0.095000
0 0.473438 0.110417 0.061875 0.090833
0 0.605313 0.235417 0.063125 0.085833
0 0.634375 0.782500 0.068750 0.086667
0 0.291875 0.784583 0.066250 0.090833
0 0.229375 0.742917 0.060000 0.080833
0 0.907188 0.498333 0.068125 0.106667
0 0.956250 0.607500 0.071250 0.088333
0 0.306875 0.618333 0.065000 0.083333
0 0.036875 0.480833 0.065000 0.083333
0 0.828125 0.933750 0.063750 0.089167
0 0.200937 0.617500 0.073125 0.080000
0 0.523125 0.942500 0.073750 0.073333
0 0.379063 0.619583 0.060625 0.082500
0 0.788750 0.611250 0.058750 0.082500
0 0.447813 0.385000 0.065625 0.083333
0 0.315000 0.235833 0.060000 0.081667
0 0.368125 0.286667 0.057500 0.085000
0 0.448437 0.618333 0.059375 0.081667
0 0.465938 0.942083 0.065625 0.095833
0 0.077813 0.133333 0.058125 0.081667
0 0.439688 0.481250 0.056875 0.082500
0 0.251875 0.655833 0.065000 0.088333
0 0.355000 0.072500 0.056250 0.085000
0 0.868125 0.914167 0.067500 0.090000
0 0.177187 0.466250 0.069375 0.097500
0 0.186875 0.522083 0.068750 0.092500
0 0.494688 0.284167 0.079375 0.088333
0 0.353438 0.448750 0.059375 0.084167
0 0.498125 0.386667 0.068750 0.073333
0 0.742500 0.101250 0.072500 0.079167
0 0.325000 0.742500 0.061250 0.085000
0 0.469375 0.243333 0.056250 0.096667
0 0.962187 0.510417 0.064375 0.082500
0 0.117188 0.285833 0.070625 0.091667
0 0.160312 0.300000 0.070625 0.083333
0 0.867500 0.411667 0.076250 0.096667
0 0.725000 0.165833 0.061250 0.081667
0 0.727812 0.434167 0.064375 0.065000
0 0.723437 0.489583 0.065625 0.087500
0 0.415625 0.075833 0.053750 0.093333
0 0.627188 0.951250 0.069375 0.095833
0 0.160625 0.372083 0.072500 0.060833
0 0.744687 0.213333 0.070625 0.046667
0 0.356250 0.854583 0.056250 0.072500
0 0.441250 0.039167 0.060000 0.076667
4 0.341250 0.185000 0.060000 0.083333
