0 0.170937 0.066667 0.059375 0.090000
0 0.107813 0.202083 0.065625 0.080833
0 0.063437 0.454167 0.065625 0.096667
0 0.422500 0.282083 0.061250 0.075833
0 0.061875 0.051667 0.070000 0.091667
0 0.094687 0.124167 0.064375 0.075000
0 0.240000 0.051250 0.065000 0.090833
0 0.920312 0.502500 0.060625 0.086667
0 0.307188 0.585000 0.065625 0.080000
0 0.071875 0.669583 0.060000 0.099167
0 0.877812 0.578750 0.069375 0.097500
0 0.671562 0.455833 0.059375 0.071667
0 0.192812 0.730000 0.056875 0.090000
0 0.743437 0.785417 0.068125 0.094167
0 0.525000 0.094167 0.063750 0.075000
0 0.857812 0.820833 0.060625 0.081667
0 0.672500 0.752917 0.061250 0.074167
0 0.260625 0.923750 0.057500 0.089167
0 0.883125 0.247500 0.071250 0.095000
0 0.523125 0.510833 0.071250 0.080000
0 0.609375 0.109167 0.067500 0.068333
0 0.247500 0.129583 0.066250 0.085833
0 0.889062 0.902083 0.071875 0.089167
0 0.410000 0.702500 0.075000 0.088333
0 0.287500 0.491250 0.065000 0.099167
0 0.563750 0.187083 0.070000 0.085833
0 0.952812 0.302917 0.054375 0.079167
0 0.124063 0.727083 0.068125 0.097500
0 0.786875 0.534583 0.073750 0.077500
0 0.374375 0.113333 0.060000 0.096667
0 0.371875 0.534167 0.070000 0.070000
0 0.696562 0.913750 0.071875 0.099167
0 0.730938 0.677500 0.074375 0.088333
0 0.434063 0.886250 0.054375 0.092500
0 0.493125 0.259167 0.070000 0.091667
0 0.267813 0.657083 0.058125 0.080833
0 0.303438 0.400833 0.061875 0.070000
0 0.700000 0.646250 0.065000 0.095833
0 0.235000 0.398333 0.056250 0.080000
0 0.583750 0.877083 0.058750 0.079167
0 0.309688 0.075000 0.060625 0.083333
0 0.192188 0.823750 0.066875 0.079167
0 0.615000 0.294583 0.067500 0.074167
0 0.185938 0.933333 0.069375 0.071667
0 0.687187 0.160000 0.071875 0.090000
0 0.446250 0.431667 0.052500 0.078333
0 0.715625 0.254583 0.055000 0.080833
0 0.381875 0.453333 0.066250 0.073333
0 0.519375 0.640833 0.072500 0.093333
0 0.259375 0.747917 0.063750 0.070833
0 0.210313 0.140417 0.068125 0.092500
0 0.236250 0.572083 0.056250 0.077500
0 0.785937 0.183333 0.054375 0.080000
0 0.707187 0.296250 0.059375 0.074167
0 0.248438 0.267917 0.076875 0.100833
0 0.063437 0.274583 0.065625 0.099167
0 0.030937 0.184167 0.061875 0.090000
0 0.153125 0.342083 0.078750 0.119167
0 0.660000 0.845000 0.067500 0.090000
0 0.796562 0.879167 0.060625 0.073333
0 0.492500 0.728750 0.071250 0.087500
0 0.942187 0.407500 0.066875 0.091667
0 0.889687 0.380000 0.061875 0.073333
0 0.731875 0.421667 0.053750 0.081667
0 0.241563 0.484583 0.063125 0.074167
0 0.604688 0.602917 0.064375 0.077500
0 0.897813 0.662917 0.056875 0.075833
0 0.588125 0.777083 0.071250 0.072500
0 0.174687 0.616250 0.063125 0.085833
0 0.556250 0.802917 0.066250 0.089167
0 0.105938 0.818333 0.058125 0.086667
0 0.621563 0.704583 0.061875 0.064167
0 0.081875 0.347917 0.073750 0.084167
0 0.340625 0.335417 0.067500 0.080833
0 0.735625 0.908333 0.058750 0.081667
0 0.110625 0.774167 0.053750 0.083333
0 0.295000 0.852500 0.076250 0.086667
0 0.509687 0.892917 0.065625 0.065833
0 0.693125 0.086667 0.051250 0.090000
0 0.523750 0.225833 0.057500 0.086667
0 0.125312 0.870417 0.055625 0.085833
0 0.646875 0.374167 0.051250 0.085000
0 0.638437 0.575417 0.060625 0.085833
0 0.847500 0.496250 0.070000 0.092500
0 0.522500 0.845000 0.062500 0.076667
0 0.933750 0.080000 0.060000 0.085000
0 0.552188 0.671250 0.066875 0.074167
0 0.421250 0.074167 0.051250 0.088333
0 0.658125 0.640417 0.055000 0.084167
0 0.908438 0.177083 0.063125 0.102500
0 0.899062 0.786667 0.055625 0.073333
0 0.797188 0.656250 0.063125 0.077500
0 0.358750 0.801667 0.042500 0.083333
0 0.969063 0.918750 0.060625 0.085833
0 0.363125 0.188750 0.065000 0.084167
0 0.960625 0.681250 0.053750 0.085833
0 0.473438 0.753333 0.061875 0.078333
0 0.609688 0.508750 0.054375 0.087500
0 0.128125 0.418750 0.063750 0.084167
0 0.250000 0.855833 0.085000 0.078333
0 0.489687 0.170000 0.088125 0.075000
0 0.423750 0.188333 0.088750 0.085000
0 0.862187 0.454167 0.066875 0.085000
0 0.835625 0.097083 0.071250 0.090833
0 0.361250 0.626667 0.052500 0.068333
0 0.147500 0.915000 0.070000 0.085000
0 0.038125 0.761250 0.062500 0.075833
4 0.736250 0.106250 0.078750 0.125833
0 0.116250 0.548333 0.058750 0.080000
0 0.035625 0.953750 0.048750 0.085833
0 0.544063 0.078750 0.056875 0.070833
0 0.966562 0.140000 0.064375 0.081667
0 0.790625 0.210417 0.052500 0.077500
0 0.700625 0.329583 0.058750 0.080833
0 0.754375 0.437083 0.057500 0.077500
0 0.803750 0.402917 0.050000 0.109167
0 0.843125 0.270417 0.060000 0.072500
0 0.970625 0.393750 0.056250 0.085833
0 0.953438 0.336667 0.078125 0.080000
0 0.925625 0.140000 0.057500 0.093333
0 0.898125 0.150417 0.058750 0.080833
0 0.829688 0.295417 0.054375 0.084167
0 0.827812 0.321667 0.061875 0.083333
0 0.820000 0.355417 0.071250 0.077500
0 0.874375 0.402083 0.046250 0.084167
0 0.939063 0.296250 0.053125 0.089167
0 0.825625 0.674167 0.051250 0.071667
0 0.828750 0.524583 0.071250 0.074167
0 0.584375 0.595000 0.062500 0.066667
0 0.530312 0.488750 0.054375 0.082500
0 0.685625 0.475833 0.066250 0.068333
0 0.580625 0.362083 0.056250 0.087500
0 0.615625 0.355417 0.080000 0.089167
0 0.602812 0.476250 0.060625 0.084167
0 0.580625 0.447083 0.063750 0.100833
0 0.545937 0.447500 0.045625 0.071667
0 0.811875 0.072917 0.070000 0.085833
0 0.678438 0.781250 0.051875 0.075833
0 0.808438 0.615000 0.054375 0.095000
0 0.876875 0.739583 0.060000 0.074167
0 0.895938 0.760833 0.054375 0.075000
0 0.895625 0.700000 0.053750 0.078333
0 0.764375 0.883750 0.066250 0.079167
0 0.586562 0.917083 0.053125 0.070833
0 0.510625 0.934167 0.058750 0.085000
0 0.405625 0.760000 0.057500 0.086667
0 0.382188 0.794583 0.055625 0.075833
0 0.445312 0.849583 0.064375 0.072500
0 0.417812 0.866250 0.053125 0.099167
0 0.459375 0.783750 0.081250 0.065833
0 0.238437 0.661250 0.056875 0.087500
0 0.147813 0.639167 0.061875 0.066667
0 0.277187 0.775833 0.059375 0.066667
0 0.291875 0.749583 0.061250 0.082500
0 0.051875 0.879167 0.058750 0.078333
0 0.207187 0.853750 0.059375 0.072500
0 0.233750 0.854167 0.052500 0.075000
0 0.066250 0.843750 0.052500 0.075833
0 0.074688 0.553333 0.064375 0.085000
0 0.382188 0.618333 0.064375 0.070000
0 0.421563 0.617500 0.043125 0.065000
0 0.039062 0.550417 0.066875 0.075833
0 0.041250 0.325833 0.071250 0.091667
0 0.164375 0.486667 0.060000 0.066667
0 0.141563 0.517083 0.063125 0.085833
0 0.138750 0.460000 0.071250 0.100000
0 0.360000 0.460000 0.062500 0.086667
0 0.268437 0.303333 0.056875 0.093333
0 0.358750 0.314583 0.060000 0.087500
0 0.358438 0.111667 0.063125 0.081667
0 0.622500 0.134167 0.050000 0.081667
0 0.581562 0.203750 0.051875 0.064167
0 0.407813 0.360000 0.069375 0.071667
0 0.419063 0.373333 0.055625 0.095000
0 0.085000 0.302917 0.067500 0.072500
0 0.123750 0.357917 0.072500 0.095833
0 0.260937 0.468333 0.075625 0.091667
0 0.218750 0.387917 0.051250 0.085833
0 0.316563 0.381250 0.053125 0.075833
0 0.223750 0.364583 0.058750 0.082500
0 0.443125 0.056250 0.060000 0.074167
0 0.922500 0.039167 0.060000 0.078333
