0 0.135625 0.773750 0.058750 0.079167
0 0.730313 0.433333 0.065625 0.091667
0 0.629687 0.186667 0.064375 0.091667
0 0.124063 0.333750 0.061875 0.084167
0 0.100625 0.537500 0.065000 0.095000
0 0.457813 0.618333 0.071875 0.095000
0 0.867188 0.492917 0.063125 0.087500
0 0.405938 0.705000 0.069375 0.090000
0 0.073750 0.425000 0.073750 0.096667
0 0.606563 0.744583 0.068125 0.089167
0 0.752188 0.573333 0.066875 0.093333
0 0.398438 0.279583 0.064375 0.102500
0 0.512500 0.842500 0.066250 0.090000
0 0.310312 0.289167 0.064375 0.088333
0 0.457500 0.197917 0.071250 0.097500
0 0.946250 0.661250 0.063750 0.087500
0 0.789375 0.296667 0.052500 0.071667
0 0.379688 0.154167 0.069375 0.095000
0 0.741563 0.070833 0.058125 0.081667
0 0.191875 0.681250 0.071250 0.104167
0 0.562813 0.246667 0.073125 0.101667
0 0.178750 0.438750 0.067500 0.092500
0 0.659687 0.646250 0.060625 0.082500
0 0.097500 0.682917 0.065000 0.097500
0 0.702812 0.230833 0.069375 0.091667
0 0.211562 0.580833 0.073125 0.100000
0 0.201250 0.827917 0.073750 0.099167
0 0.039375 0.322917 0.063750 0.087500
0 0.792813 0.478333 0.068125 0.090000
0 0.291250 0.625833 0.071250 0.098333
0 0.192188 0.286667 0.061875 0.080000
0 0.490312 0.733333 0.049375 0.073333
0 0.837187 0.557500 0.068125 0.093333
0 0.647188 0.815000 0.056875 0.080000
0 0.569688 0.645417 0.088125 0.074167
0 0.607500 0.393333 0.065000 0.105000
0 0.744062 0.192500 0.083125 0.100000
0 0.901250 0.760833 0.072500 0.125000
0 0.915000 0.323333 0.060000 0.068333
0 0.839375 0.193333 0.066250 0.085000
0 0.658750 0.910417 0.075000 0.104167
0 0.545937 0.447917 0.064375 0.072500
0 0.734688 0.920000 0.075625 0.085000
0 0.903750 0.100417 0.063750 0.104167
0 0.821250 0.072083 0.062500 0.060833
0 0.903438 0.183750 0.063125 0.069167
0 0.960000 0.386250 0.071250 0.077500
0 0.320000 0.410417 0.080000 0.097500
0 0.961875 0.933333 0.072500 0.090000
0 0.519375 0.532500 0.041250 0.081667
0 0.953438 0.110417 0.061875 0.075833
1 0.560625 0.523750 0.083750 0.095833
0 0.973125 0.161250 0.051250 0.059167
