0 0.258125 0.760000 0.075000 0.106667
0 0.226562 0.857083 0.080625 0.092500
0 0.423750 0.107083 0.070000 0.109167
0 0.881563 0.610417 0.078125 0.084167
0 0.294375 0.637083 0.070000 0.094167
0 0.722500 0.453750 0.076250 0.099167
0 0.345313 0.363333 0.068125 0.096667
0 0.571250 0.486667 0.075000 0.100000
0 0.413125 0.775833 0.082500 0.098333
0 0.316563 0.542083 0.083125 0.090833
0 0.721250 0.279167 0.061250 0.101667
0 0.116875 0.472083 0.076250 0.082500
0 0.474062 0.474583 0.079375 0.097500
0 0.503125 0.797917 0.082500 0.105833
0 0.600938 0.208333 0.081875 0.085000
0 0.308437 0.890833 0.084375 0.100000
0 0.505313 0.925833 0.066875 0.118333
0 0.574375 0.623333 0.073750 0.101667
0 0.585625 0.817917 0.085000 0.100833
0 0.046875 0.612083 0.073750 0.095833
0 0.828125 0.477083 0.081250 0.100833
0 0.800625 0.278333 0.071250 0.103333
0 0.565312 0.147500 0.084375 0.098333
0 0.130938 0.641250 0.069375 0.104167
0 0.649687 0.322917 0.084375 0.089167
4 0.913438 0.407083 0.069375 0.109167
0 0.697500 0.585000 0.073750 0.103333
0 0.289687 0.485000 0.080625 0.086667
0 0.673438 0.187083 0.070625 0.107500
0 0.305312 0.224583 0.081875 0.090833
0 0.603437 0.409583 0.088125 0.094167
0 0.942813 0.047917 0.080625 0.084167
0 0.919687 0.174583 0.059375 0.089167
4 0.832187 0.356250 0.073125 0.104167
0 0.052500 0.475000 0.063750 0.101667
0 0.630313 0.629167 0.078125 0.091667
0 0.292500 0.063333 0.088750 0.070000
4 0.675312 0.749167 0.076875 0.103333
0 0.487812 0.115000 0.066875 0.116667
0 0.843437 0.722500 0.091875 0.085000
0 0.130625 0.222083 0.070000 0.115833
0 0.444688 0.670000 0.080625 0.100000
0 0.105313 0.363750 0.064375 0.100833
0 0.500313 0.537917 0.070625 0.100833
0 0.173750 0.547500 0.072500 0.083333
0 0.338438 0.756667 0.075625 0.101667
0 0.929375 0.270833 0.071250 0.098333
0 0.534687 0.755417 0.070625 0.105833
0 0.336875 0.160000 0.083750 0.091667
0 0.491563 0.653333 0.071875 0.120000
0 0.837187 0.635417 0.074375 0.102500
0 0.747500 0.682917 0.066250 0.107500
0 0.917188 0.802083 0.078125 0.094167
0 0.083437 0.269167 0.066875 0.110000
0 0.604688 0.758750 0.076875 0.114167
0 0.041250 0.349167 0.067500 0.108333
0 0.367188 0.853750 0.088125 0.102500
0 0.392500 0.944167 0.075000 0.100000
0 0.870938 0.324583 0.076875 0.090833
0 0.798750 0.858750 0.090000 0.075833
0 0.287500 0.134167 0.096250 0.075000
0 0.895938 0.290833 0.066875 0.086667
0 0.642188 0.257917 0.100625 0.077500
0 0.712500 0.708333 0.067500 0.086667
0 0.712500 0.790417 0.098750 0.095833
0 0.747812 0.813750 0.081875 0.094167
0 0.860625 0.835000 0.063750 0.113333
0 0.092813 0.545833 0.089375 0.060000
0 0.045000 0.190000 0.088750 0.076667
0 0.747812 0.062083 0.093125 0.075833
0 0.873437 0.430417 0.079375 0.104167
0 0.820312 0.915833 0.090625 0.075000
