0 0.313750 0.276250 0.063750 0.094167
0 0.243125 0.626250 0.072500 0.094167
0 0.441563 0.117500 0.071875 0.081667
0 0.912813 0.352500 0.078125 0.100000
0 0.319688 0.760000 0.069375 0.088333
0 0.706562 0.570000 0.071875 0.100000
0 0.719063 0.945833 0.069375 0.100000
0 0.675000 0.770417 0.073750 0.100833
0 0.100312 0.165833 0.048125 0.066667
0 0.424687 0.417500 0.076875 0.091667
0 0.820000 0.595417 0.075000 0.069167
0 0.944063 0.482500 0.075625 0.096667
0 0.747500 0.700833 0.080000 0.103333
0 0.548750 0.268333 0.078750 0.093333
0 0.226250 0.930417 0.078750 0.089167
0 0.836562 0.678333 0.076875 0.093333
0 0.255312 0.394583 0.074375 0.090833
0 0.600625 0.768750 0.067500 0.104167
0 0.575000 0.141250 0.081250 0.092500
0 0.065312 0.679583 0.090625 0.090833
0 0.352187 0.827917 0.075625 0.097500
0 0.182812 0.863750 0.079375 0.115833
0 0.533750 0.590000 0.081250 0.105000
0 0.064687 0.884167 0.078125 0.105000
0 0.599375 0.536667 0.077500 0.098333
6 0.383125 0.269583 0.086250 0.117500
