0 0.323437 0.907917 0.068125 0.090833
0 0.384375 0.705833 0.073750 0.096667
0 0.332188 0.087917 0.059375 0.077500
0 0.323750 0.667917 0.067500 0.089167
0 0.479375 0.712083 0.075000 0.100833
0 0.575625 0.727083 0.075000 0.092500
0 0.403125 0.567083 0.077500 0.094167
0 0.324062 0.571250 0.078125 0.094167
0 0.592187 0.814167 0.078125 0.093333
0 0.749062 0.488333 0.070625 0.095000
0 0.468125 0.337083 0.078750 0.095833
0 0.878437 0.237917 0.076875 0.100833
0 0.532500 0.299167 0.068750 0.098333
0 0.621875 0.938333 0.075000 0.090000
0 0.818750 0.482083 0.072500 0.099167
0 0.448750 0.250000 0.067500 0.083333
0 0.385313 0.390417 0.076875 0.087500
0 0.694688 0.578750 0.058125 0.074167
0 0.812500 0.780833 0.066250 0.078333
0 0.740313 0.631667 0.051875 0.076667
0 0.250000 0.589167 0.070000 0.098333
0 0.698438 0.680833 0.073125 0.095000
0 0.904375 0.074167 0.056250 0.086667
0 0.046562 0.166667 0.074375 0.101667
0 0.187812 0.312500 0.065625 0.086667
0 0.383437 0.265417 0.075625 0.090833
5 0.055938 0.066250 0.060625 0.089167
0 0.213750 0.717500 0.055000 0.073333
0 0.707500 0.950833 0.075000 0.090000
0 0.863750 0.391667 0.072500 0.103333
0 0.802813 0.636667 0.068125 0.083333
0 0.660937 0.760000 0.068125 0.095000
0 0.815000 0.702500 0.065000 0.068333
0 0.525625 0.416250 0.066250 0.090833
0 0.301563 0.423333 0.069375 0.088333
1 0.726250 0.835000 0.075000 0.116667
0 0.314688 0.795417 0.071875 0.087500
0 0.176563 0.786667 0.055625 0.083333
0 0.253125 0.505417 0.063750 0.092500
0 0.347813 0.188750 0.060625 0.075833
0 0.280313 0.681667 0.074375 0.091667
0 0.343750 0.813333 0.063750 0.093333
0 0.264375 0.310833 0.067500 0.083333
0 0.279062 0.152083 0.071875 0.104167
0 0.345000 0.306667 0.061250 0.091667
0 0.403750 0.345000 0.048750 0.093333
0 0.673438 0.486250 0.078125 0.094167
0 0.072188 0.241667 0.059375 0.080000
0 0.645312 0.452500 0.074375 0.091667
0 0.175937 0.860417 0.064375 0.090833
1 0.925625 0.387917 0.066250 0.119167
0 0.962812 0.300833 0.073125 0.091667
1 0.137187 0.900000 0.061875 0.141667
0 0.640312 0.548750 0.056875 0.080833
1 0.509375 0.190833 0.077500 0.125000
0 0.525625 0.501667 0.063750 0.076667
0 0.845938 0.833750 0.079375 0.104167
0 0.496250 0.073750 0.081250 0.092500
0 0.460313 0.502917 0.068125 0.092500
0 0.463750 0.468333 0.066250 0.095000
0 0.797500 0.945417 0.070000 0.092500
0 0.571562 0.127500 0.066875 0.073333
1 0.243125 0.085833 0.063750 0.103333
0 0.817813 0.612500 0.069375 0.085000
0 0.770312 0.797917 0.068125 0.092500
0 0.787500 0.857500 0.062500 0.090000
0 0.591562 0.464583 0.058125 0.090833
0 0.459062 0.427500 0.059375 0.085000
0 0.302500 0.232083 0.063750 0.079167
0 0.242812 0.449583 0.060625 0.075833
0 0.301875 0.479583 0.062500 0.090833
0 0.903750 0.954583 0.056250 0.065833
0 0.211250 0.062500 0.065000 0.086667
0 0.955313 0.755417 0.058125 0.079167
