0 0.659375 0.615000 0.055000 0.073333
0 0.430625 0.268333 0.062500 0.081667
0 0.321562 0.315000 0.061875 0.076667
0 0.902188 0.643333 0.063125 0.073333
0 0.363438 0.127500 0.059375 0.083333
0 0.460625 0.365417 0.073750 0.097500
0 0.072813 0.695417 0.060625 0.080833
0 0.201875 0.412083 0.060000 0.090833
0 0.787500 0.416667 0.057500 0.075000
0 0.351875 0.600417 0.057500 0.084167
0 0.089063 0.102500 0.060625 0.086667
0 0.844688 0.898333 0.074375 0.093333
0 0.153750 0.062083 0.065000 0.085833
0 0.235625 0.089167 0.058750 0.081667
0 0.424687 0.893750 0.071875 0.084167
0 0.844063 0.336250 0.061875 0.072500
0 0.596250 0.338750 0.061250 0.077500
0 0.640312 0.267083 0.051875 0.080833
0 0.725000 0.068333 0.060000 0.080000
4 0.192500 0.924583 0.067500 0.099167
0 0.137187 0.744583 0.066875 0.085833
0 0.818438 0.715833 0.056875 0.078333
0 0.627500 0.679167 0.067500 0.080000
0 0.145313 0.259167 0.059375 0.078333
0 0.540625 0.905833 0.066250 0.085000
1 0.869062 0.812500 0.084375 0.106667
0 0.289062 0.620833 0.061875 0.075000
0 0.055938 0.505833 0.070625 0.095000
0 0.118438 0.580417 0.059375 0.079167
4 0.073438 0.229167 0.070625 0.101667
0 0.951250 0.575833 0.067500 0.093333
0 0.745313 0.476250 0.066875 0.082500
0 0.754375 0.900417 0.055000 0.075833
0 0.811250 0.597500 0.072500 0.100000
0 0.776250 0.785417 0.078750 0.104167
0 0.560312 0.406250 0.069375 0.089167
0 0.916250 0.954167 0.060000 0.091667
0 0.069687 0.612917 0.061875 0.079167
0 0.588125 0.775000 0.066250 0.086667
0 0.770938 0.317500 0.065625 0.086667
0 0.534062 0.811250 0.069375 0.089167
0 0.431875 0.565417 0.055000 0.082500
0 0.853125 0.256250 0.068750 0.089167
0 0.681875 0.159167 0.063750 0.096667
3 0.433125 0.060833 0.077500 0.108333
0 0.708750 0.533333 0.077500 0.091667
0 0.195937 0.690417 0.071875 0.084167
0 0.532188 0.719583 0.065625 0.090833
0 0.480312 0.695833 0.059375 0.085000
0 0.526563 0.607083 0.055625 0.077500
0 0.935625 0.168750 0.060000 0.080833
0 0.430625 0.507500 0.068750 0.091667
0 0.963437 0.909167 0.056875 0.088333
0 0.721250 0.828750 0.071250 0.090833
0 0.071250 0.922917 0.063750 0.084167
0 0.737812 0.257500 0.075625 0.108333
0 0.900312 0.935000 0.071875 0.093333
0 0.685312 0.246667 0.054375 0.080000
0 0.153750 0.854167 0.052500 0.088333
0 0.068125 0.855833 0.068750 0.085000
0 0.116250 0.891667 0.058750 0.095000
0 0.268750 0.900000 0.062500 0.070000
0 0.964063 0.237083 0.063125 0.077500
0 0.964688 0.325000 0.069375 0.101667
0 0.280625 0.433333 0.053750 0.073333
0 0.625313 0.468750 0.058125 0.107500
0 0.179375 0.696667 0.063750 0.086667
