0 0.521250 0.502500 0.063750 0.090000
0 0.402187 0.707500 0.064375 0.091667
0 0.356875 0.873333 0.071250 0.088333
0 0.177187 0.225417 0.066875 0.089167
0 0.241563 0.820417 0.074375 0.090833
0 0.616875 0.337917 0.070000 0.090833
0 0.755625 0.709583 0.065000 0.079167
0 0.760625 0.102917 0.066250 0.079167
0 0.253125 0.395000 0.067500 0.101667
1 0.112187 0.323750 0.081875 0.105833
0 0.262188 0.079167 0.058125 0.078333
0 0.330937 0.355833 0.068125 0.103333
0 0.695937 0.482500 0.069375 0.090000
0 0.660937 0.784583 0.065625 0.094167
0 0.791562 0.950000 0.060625 0.091667
0 0.934375 0.115833 0.067500 0.090000
0 0.827187 0.899583 0.073125 0.104167
0 0.419063 0.167917 0.071875 0.089167
0 0.595938 0.057083 0.070625 0.085833
0 0.168125 0.873750 0.065000 0.079167
0 0.550625 0.129167 0.058750 0.078333
0 0.577187 0.377500 0.073125 0.095000
0 0.395000 0.389583 0.061250 0.090833
0 0.176875 0.596250 0.070000 0.092500
0 0.625625 0.219167 0.062500 0.101667
0 0.189062 0.695000 0.078125 0.091667
0 0.614062 0.952500 0.066875 0.083333
0 0.142500 0.114167 0.075000 0.088333
0 0.805000 0.282500 0.080000 0.096667
0 0.556562 0.250417 0.064375 0.115833
0 0.743125 0.394583 0.062500 0.102500
0 0.822812 0.680833 0.066875 0.121667
0 0.409062 0.048333 0.069375 0.085000
0 0.309063 0.632500 0.071875 0.101667
0 0.107500 0.774167 0.075000 0.096667
0 0.403750 0.569583 0.066250 0.102500
0 0.473125 0.926667 0.071250 0.101667
0 0.874375 0.308333 0.063750 0.106667
4 0.463125 0.581250 0.071250 0.112500
0 0.827187 0.342500 0.063125 0.088333
1 0.264375 0.597083 0.080000 0.105833
0 0.805000 0.812500 0.060000 0.096667
0 0.039688 0.584167 0.070625 0.101667
0 0.513125 0.048333 0.062500 0.083333
0 0.134687 0.817083 0.065625 0.084167
0 0.474062 0.217917 0.060625 0.080833
0 0.497812 0.252083 0.076875 0.109167
0 0.930000 0.363333 0.067500 0.120000
