0 0.549063 0.117500 0.061875 0.086667
0 0.918125 0.503333 0.071250 0.088333
0 0.367812 0.698333 0.071875 0.088333
0 0.665312 0.152917 0.074375 0.094167
0 0.461562 0.251250 0.058125 0.077500
0 0.618437 0.387500 0.074375 0.098333
0 0.783438 0.190833 0.065625 0.090000
0 0.675625 0.561250 0.067500 0.084167
0 0.176250 0.650833 0.072500 0.093333
0 0.376875 0.784167 0.082500 0.098333
0 0.712812 0.637083 0.065625 0.087500
0 0.279375 0.714167 0.070000 0.083333
0 0.243750 0.653750 0.060000 0.074167
0 0.597187 0.807083 0.058125 0.075833
0 0.822500 0.270000 0.060000 0.086667
0 0.881563 0.041667 0.058125 0.078333
0 0.290312 0.220000 0.071875 0.080000
0 0.492188 0.807917 0.064375 0.105833
0 0.624062 0.509583 0.061875 0.077500
0 0.151562 0.550417 0.068125 0.074167
0 0.464062 0.547917 0.059375 0.079167
0 0.687500 0.767500 0.071250 0.090000
0 0.825937 0.582917 0.074375 0.094167
0 0.796875 0.305417 0.067500 0.084167
1 0.436250 0.075833 0.072500 0.108333
0 0.363750 0.390833 0.067500 0.091667
0 0.575000 0.885833 0.065000 0.081667
0 0.109687 0.477500 0.069375 0.090000
0 0.750000 0.890417 0.070000 0.097500
0 0.948750 0.174583 0.057500 0.069167
0 0.558438 0.535417 0.051875 0.077500
0 0.396250 0.878750 0.058750 0.072500
0 0.129688 0.184167 0.070625 0.108333
0 0.328125 0.819583 0.076250 0.087500
0 0.521875 0.256667 0.065000 0.085000
0 0.192500 0.095417 0.068750 0.100833
0 0.117813 0.266250 0.063125 0.072500
0 0.398438 0.587083 0.053125 0.079167
0 0.033438 0.297500 0.061875 0.090000
0 0.519062 0.948333 0.068125 0.101667
0 0.843125 0.191667 0.058750 0.078333
1 0.925000 0.672083 0.070000 0.084167
1 0.623437 0.642500 0.079375 0.116667
0 0.886250 0.280000 0.068750 0.091667
0 0.359063 0.914583 0.056875 0.075833
1 0.595313 0.252500 0.076875 0.090000
0 0.263125 0.794167 0.061250 0.085000
0 0.323437 0.637500 0.081875 0.101667
0 0.893437 0.182500 0.058125 0.080000
0 0.574688 0.732917 0.066875 0.079167
0 0.255937 0.881250 0.060625 0.075833
0 0.912188 0.789583 0.065625 0.070833
0 0.257500 0.955833 0.065000 0.073333
0 0.104375 0.392083 0.052500 0.072500
0 0.804063 0.504167 0.055625 0.060000
0 0.840313 0.455000 0.055625 0.075000
0 0.120938 0.795833 0.070625 0.083333
0 0.924375 0.952500 0.068750 0.086667
0 0.847812 0.668750 0.058125 0.075833
0 0.080937 0.790833 0.070625 0.091667
0 0.632812 0.218333 0.061875 0.078333
0 0.953438 0.315833 0.065625 0.091667
6 0.475625 0.634583 0.076250 0.097500
0 0.217500 0.763750 0.052500 0.080833
0 0.705625 0.055000 0.066250 0.070000
0 0.519062 0.565000 0.050625 0.090000
0 0.846562 0.767917 0.058125 0.077500
0 0.087188 0.056250 0.051875 0.067500
0 0.437500 0.333750 0.056250 0.070833
0 0.735938 0.268750 0.050625 0.067500
0 0.654062 0.045000 0.063125 0.066667
0 0.944375 0.072083 0.060000 0.079167
0 0.315312 0.895833 0.051875 0.085000
0 0.607500 0.086667 0.067500 0.095000
0 0.489687 0.105417 0.058125 0.072500
0 0.295312 0.353750 0.051875 0.067500
0 0.036562 0.950833 0.070625 0.096667
0 0.450000 0.170417 0.071250 0.084167
0 0.220312 0.579583 0.063125 0.092500
0 0.353750 0.209583 0.061250 0.067500
0 0.941875 0.395833 0.061250 0.090000
0 0.542813 0.456667 0.068125 0.061667
0 0.886563 0.365833 0.059375 0.086667
0 0.903125 0.270417 0.052500 0.072500
0 0.708125 0.397917 0.045000 0.072500
0 0.795937 0.778750 0.053125 0.067500
0 0.959063 0.600000 0.056875 0.066667
0 0.205937 0.495000 0.055625 0.065000
0 0.529062 0.700000 0.069375 0.090000
0 0.177187 0.192083 0.056875 0.070833
0 0.785000 0.440833 0.057500 0.076667
0 0.050313 0.361250 0.055625 0.062500
0 0.313750 0.549583 0.050000 0.072500
0 0.883125 0.610000 0.057500 0.071667
0 0.420625 0.201250 0.053750 0.089167
0 0.947500 0.046250 0.065000 0.069167
0 0.213438 0.134167 0.056875 0.086667
0 0.243438 0.056667 0.048125 0.071667
0 0.028125 0.035833 0.050000 0.070000
0 0.660625 0.729583 0.055000 0.077500
0 0.580000 0.965000 0.055000 0.068333
0 0.776875 0.677083 0.063750 0.059167
0 0.909375 0.388333 0.062500 0.100000
0 0.919063 0.738333 0.059375 0.056667
0 0.973750 0.723750 0.052500 0.072500
1 0.569688 0.334167 0.090625 0.128333
0 0.747188 0.822500 0.046875 0.066667
5 0.893750 0.885833 0.156250 0.128333
0 0.976562 0.902083 0.046875 0.077500
1 0.255625 0.123333 0.041250 0.085000
0 0.263437 0.589167 0.061875 0.080000
