0 0.810937 0.208750 0.080625 0.090833
0 0.106875 0.165833 0.071250 0.088333
0 0.354375 0.512917 0.083750 0.097500
0 0.960313 0.408750 0.070625 0.102500
0 0.211250 0.227917 0.080000 0.107500
0 0.808750 0.468333 0.078750 0.101667
0 0.963750 0.162083 0.066250 0.090833
0 0.104063 0.368333 0.069375 0.096667
0 0.869062 0.332917 0.083125 0.097500
0 0.729062 0.632500 0.071875 0.091667
0 0.598750 0.800000 0.081250 0.106667
0 0.069687 0.052083 0.089375 0.095833
0 0.887813 0.180000 0.069375 0.093333
0 0.322813 0.431250 0.066875 0.090833
0 0.906875 0.078333 0.076250 0.098333
0 0.892188 0.429167 0.064375 0.115000
0 0.049688 0.275417 0.084375 0.104167
0 0.522813 0.550833 0.075625 0.093333
0 0.659687 0.652083 0.071875 0.099167
0 0.183125 0.415417 0.071250 0.095833
0 0.336562 0.187083 0.064375 0.092500
0 0.684375 0.948750 0.076250 0.092500
0 0.951250 0.712917 0.072500 0.094167
0 0.964375 0.917500 0.070000 0.100000
0 0.375312 0.947917 0.073125 0.102500
0 0.653438 0.390833 0.075625 0.086667
0 0.485625 0.214167 0.061250 0.098333
0 0.285000 0.130000 0.080000 0.100000
0 0.439688 0.693750 0.079375 0.110833
0 0.841250 0.811250 0.075000 0.102500
0 0.891250 0.862917 0.091250 0.080833
0 0.258750 0.630000 0.082500 0.110000
0 0.554375 0.132500 0.077500 0.101667
0 0.600313 0.207500 0.069375 0.091667
0 0.341250 0.716667 0.078750 0.100000
0 0.716875 0.213750 0.077500 0.100833
0 0.782500 0.332917 0.075000 0.087500
0 0.608437 0.920417 0.063125 0.099167
0 0.591562 0.508750 0.071875 0.104167
0 0.209375 0.587500 0.073750 0.100000
0 0.263125 0.387917 0.060000 0.090833
0 0.733437 0.045833 0.073125 0.091667
0 0.805937 0.720417 0.073125 0.099167
0 0.310000 0.630000 0.072500 0.106667
0 0.424063 0.629583 0.084375 0.089167
0 0.285313 0.764167 0.058125 0.083333
0 0.703750 0.321667 0.078750 0.106667
0 0.531563 0.297917 0.066875 0.094167
0 0.155625 0.586250 0.082500 0.102500
0 0.380000 0.385833 0.076250 0.095000
0 0.542813 0.872500 0.078125 0.113333
0 0.862812 0.747917 0.064375 0.097500
2 0.125938 0.668333 0.086875 0.145000
0 0.555000 0.904167 0.075000 0.108333
