0 0.365625 0.742083 0.067500 0.100833
0 0.067812 0.907083 0.065625 0.085833
0 0.940000 0.880417 0.067500 0.072500
0 0.947812 0.283333 0.064375 0.088333
0 0.932500 0.792917 0.060000 0.097500
0 0.157500 0.879167 0.070000 0.086667
0 0.101875 0.480000 0.061250 0.076667
0 0.922188 0.137500 0.061875 0.078333
0 0.550000 0.532917 0.071250 0.100833
0 0.217188 0.801250 0.061875 0.077500
0 0.095000 0.257917 0.070000 0.090833
0 0.506563 0.082500 0.059375 0.093333
0 0.332500 0.275000 0.068750 0.088333
0 0.533125 0.871250 0.061250 0.079167
0 0.727812 0.148750 0.070625 0.067500
0 0.454375 0.590417 0.061250 0.075833
0 0.657500 0.450417 0.051250 0.080833
0 0.457188 0.856250 0.068125 0.085833
0 0.218750 0.141250 0.065000 0.085833
0 0.819063 0.243750 0.058125 0.075833
0 0.627500 0.880000 0.066250 0.081667
0 0.241250 0.907917 0.055000 0.080833
0 0.229063 0.581667 0.050625 0.073333
0 0.255312 0.492917 0.061875 0.084167
0 0.270313 0.135833 0.068125 0.098333
0 0.815000 0.907917 0.078750 0.074167
0 0.714063 0.275000 0.060625 0.071667
0 0.353125 0.494167 0.068750 0.088333
0 0.375312 0.897917 0.066875 0.077500
0 0.396562 0.191250 0.076875 0.085833
0 0.459375 0.905833 0.065000 0.083333
0 0.615000 0.698750 0.060000 0.075833
0 0.799687 0.835000 0.065625 0.068333
0 0.661563 0.697083 0.049375 0.070833
0 0.834063 0.540000 0.065625 0.080000
0 0.480625 0.381667 0.066250 0.075000
0 0.044687 0.434583 0.069375 0.084167
1 0.658750 0.362083 0.072500 0.114167
0 0.728750 0.588333 0.065000 0.086667
0 0.530625 0.702500 0.067500 0.068333
0 0.344062 0.211250 0.069375 0.075833
0 0.331875 0.137917 0.058750 0.085833
0 0.241875 0.073333 0.056250 0.068333
0 0.406562 0.477500 0.051875 0.076667
0 0.737500 0.336667 0.058750 0.075000
0 0.152812 0.479583 0.051875 0.070833
0 0.740938 0.464167 0.056875 0.081667
1 0.886563 0.686250 0.074375 0.120833
0 0.802188 0.688750 0.064375 0.087500
0 0.289375 0.415833 0.055000 0.073333
0 0.798125 0.590833 0.060000 0.083333
0 0.413125 0.295417 0.073750 0.069167
1 0.056563 0.109167 0.086875 0.125000
0 0.044687 0.332083 0.061875 0.109167
0 0.404375 0.050417 0.073750 0.100833
0 0.565000 0.227500 0.053750 0.068333
0 0.730625 0.210417 0.061250 0.075833
0 0.155938 0.340417 0.049375 0.070833
0 0.215938 0.469583 0.068125 0.089167
0 0.340000 0.416667 0.058750 0.073333
0 0.363125 0.354167 0.057500 0.070000
0 0.940000 0.433333 0.055000 0.071667
1 0.103438 0.793333 0.083125 0.081667
0 0.816562 0.137917 0.063125 0.072500
0 0.605000 0.347500 0.060000 0.070000
0 0.588437 0.445833 0.061875 0.070000
0 0.833438 0.761250 0.056875 0.060833
0 0.890000 0.440833 0.053750 0.100000
0 0.880000 0.599167 0.066250 0.073333
0 0.291875 0.861667 0.055000 0.060000
0 0.320625 0.631667 0.071250 0.063333
0 0.514687 0.317083 0.048125 0.084167
0 0.159375 0.265417 0.068750 0.065833
0 0.031875 0.352083 0.052500 0.087500
0 0.145625 0.066250 0.052500 0.060833
0 0.819688 0.183750 0.064375 0.065833
0 0.177500 0.759167 0.056250 0.073333
0 0.059687 0.801667 0.049375 0.070000
0 0.103750 0.840417 0.053750 0.064167
0 0.285000 0.904167 0.061250 0.073333
0 0.290000 0.965833 0.056250 0.068333
0 0.338125 0.955417 0.057500 0.085833
0 0.476875 0.736667 0.070000 0.086667
0 0.617188 0.540417 0.045625 0.080833
0 0.543125 0.032083 0.056250 0.060833
0 0.212500 0.400417 0.053750 0.077500
0 0.446875 0.447917 0.043750 0.064167
0 0.418750 0.363750 0.055000 0.075833
0 0.394688 0.420417 0.060625 0.077500
0 0.195000 0.623333 0.056250 0.118333
0 0.903750 0.553333 0.057500 0.118333
0 0.694688 0.596667 0.061875 0.078333
0 0.734062 0.556250 0.059375 0.087500
0 0.760625 0.732083 0.053750 0.080833
0 0.866250 0.812083 0.055000 0.057500
0 0.977812 0.760833 0.044375 0.070000
0 0.801562 0.732917 0.065625 0.082500
