0 0.220000 0.860833 0.072500 0.090000
0 0.050000 0.172917 0.078750 0.104167
0 0.258125 0.527917 0.078750 0.104167
0 0.720625 0.754167 0.083750 0.096667
0 0.721875 0.290833 0.071250 0.100000
0 0.678125 0.235000 0.080000 0.100000
0 0.289375 0.160000 0.080000 0.096667
0 0.071250 0.837083 0.078750 0.099167
0 0.511875 0.137917 0.080000 0.092500
0 0.847187 0.315833 0.083125 0.100000
0 0.310937 0.940417 0.066875 0.095833
0 0.571562 0.379583 0.071875 0.097500
0 0.414375 0.552500 0.073750 0.088333
0 0.299375 0.439167 0.075000 0.101667
0 0.729062 0.577500 0.076875 0.088333
0 0.766563 0.487500 0.075625 0.108333
0 0.751563 0.363333 0.074375 0.093333
0 0.951250 0.216667 0.083750 0.105000
0 0.155625 0.257083 0.085000 0.099167
0 0.839375 0.666250 0.081250 0.109167
0 0.175313 0.668750 0.073125 0.097500
0 0.955000 0.925833 0.073750 0.095000
0 0.877188 0.400833 0.074375 0.106667
3 0.595625 0.845833 0.071250 0.108333
0 0.459375 0.204583 0.077500 0.095833
0 0.569688 0.515417 0.085625 0.110833
0 0.808125 0.559167 0.071250 0.098333
0 0.372188 0.077083 0.071875 0.097500
0 0.120313 0.369583 0.064375 0.110833
0 0.089063 0.456667 0.075625 0.090000
0 0.562813 0.705833 0.069375 0.093333
0 0.512813 0.864167 0.073125 0.096667
0 0.170625 0.511250 0.073750 0.114167
0 0.467187 0.596667 0.059375 0.083333
0 0.445937 0.935417 0.076875 0.094167
0 0.686562 0.465833 0.078125 0.105000
0 0.785937 0.663750 0.091875 0.107500
0 0.234375 0.647500 0.062500 0.105000
0 0.295938 0.062500 0.076875 0.106667
0 0.682813 0.156250 0.069375 0.094167
0 0.940312 0.462500 0.069375 0.091667
0 0.367188 0.322083 0.085625 0.100833
0 0.550937 0.192917 0.074375 0.107500
0 0.946250 0.712500 0.077500 0.081667
0 0.365938 0.839583 0.079375 0.099167
0 0.563125 0.072917 0.072500 0.099167
0 0.626250 0.114583 0.077500 0.109167
0 0.859375 0.130417 0.071250 0.095833
0 0.050000 0.919583 0.070000 0.090833
0 0.309688 0.248750 0.064375 0.092500
0 0.456562 0.088333 0.060625 0.080000
0 0.373437 0.892500 0.076875 0.101667
0 0.340938 0.655417 0.064375 0.100833
0 0.629062 0.916250 0.080625 0.104167
0 0.735938 0.178750 0.079375 0.094167
0 0.375625 0.380833 0.075000 0.100000
0 0.918125 0.741667 0.072500 0.095000
0 0.647188 0.619167 0.078125 0.088333
0 0.160625 0.368333 0.071250 0.106667
0 0.087188 0.565833 0.071875 0.088333
0 0.459688 0.490000 0.069375 0.093333
0 0.180000 0.936250 0.073750 0.100833
0 0.580625 0.941667 0.082500 0.098333
0 0.243438 0.939583 0.061875 0.095833
0 0.065937 0.507917 0.074375 0.100833
0 0.917813 0.479167 0.079375 0.091667
0 0.379375 0.632917 0.052500 0.095833
0 0.639375 0.662917 0.072500 0.087500
0 0.663125 0.075417 0.085000 0.077500
0 0.292187 0.787083 0.070625 0.114167
0 0.260313 0.779167 0.059375 0.088333
0 0.117188 0.575417 0.073125 0.090833
0 0.451250 0.455833 0.065000 0.103333
