0 0.926250 0.684167 0.073750 0.096667
0 0.635312 0.262917 0.073125 0.092500
0 0.312812 0.710417 0.078125 0.107500
0 0.330625 0.459167 0.062500 0.086667
0 0.441875 0.745000 0.066250 0.088333
0 0.061875 0.598750 0.065000 0.089167
0 0.956250 0.757500 0.063750 0.085000
0 0.451875 0.345000 0.063750 0.083333
0 0.831875 0.925833 0.061250 0.086667
0 0.479063 0.261667 0.066875 0.090000
0 0.471250 0.669583 0.073750 0.094167
0 0.870000 0.271250 0.066250 0.095833
0 0.626563 0.686667 0.083125 0.083333
3 0.055625 0.923750 0.075000 0.102500
0 0.367500 0.390000 0.066250 0.083333
0 0.132500 0.772917 0.058750 0.087500
0 0.390937 0.256250 0.061875 0.089167
0 0.473438 0.510833 0.073125 0.088333
0 0.506875 0.869167 0.061250 0.078333
0 0.449062 0.189167 0.083125 0.090000
0 0.327188 0.232083 0.069375 0.107500
0 0.802500 0.631667 0.063750 0.085000
0 0.509687 0.418750 0.070625 0.079167
0 0.273438 0.121667 0.058125 0.075000
0 0.143437 0.670000 0.064375 0.085000
0 0.767188 0.414167 0.073125 0.093333
0 0.444063 0.077917 0.063125 0.092500
0 0.752500 0.506667 0.085000 0.073333
0 0.165313 0.161250 0.061875 0.082500
0 0.539062 0.272500 0.061875 0.080000
0 0.855938 0.675417 0.060625 0.087500
0 0.162812 0.061667 0.066875 0.085000
0 0.103750 0.229583 0.073750 0.090833
0 0.228437 0.606667 0.065625 0.081667
0 0.382500 0.861667 0.065000 0.093333
0 0.169375 0.782500 0.070000 0.101667
0 0.750313 0.728333 0.064375 0.076667
0 0.787500 0.207917 0.077500 0.102500
0 0.714375 0.046667 0.066250 0.086667
0 0.292500 0.903333 0.066250 0.101667
0 0.544375 0.351667 0.056250 0.078333
0 0.134063 0.497917 0.063125 0.084167
0 0.742500 0.242500 0.056250 0.080000
0 0.811562 0.734583 0.073125 0.089167
0 0.395937 0.060417 0.063125 0.097500
0 0.585000 0.578333 0.061250 0.080000
0 0.095937 0.072083 0.065625 0.100833
0 0.616250 0.612917 0.090000 0.089167
0 0.121563 0.580417 0.061875 0.090833
3 0.911875 0.327917 0.096250 0.099167
0 0.039688 0.831667 0.071875 0.081667
0 0.194688 0.581250 0.050625 0.084167
3 0.147187 0.297917 0.084375 0.125833
0 0.463750 0.589583 0.061250 0.077500
0 0.099375 0.550833 0.075000 0.091667
0 0.341875 0.051667 0.047500 0.080000
