0 0.148125 0.140000 0.081250 0.091667
0 0.146875 0.756250 0.070000 0.095833
0 0.305625 0.258750 0.080000 0.097500
0 0.887500 0.860833 0.071250 0.095000
0 0.105313 0.277083 0.071875 0.087500
0 0.520938 0.238333 0.073125 0.100000
0 0.257812 0.800000 0.078125 0.090000
0 0.362500 0.801250 0.055000 0.079167
0 0.157500 0.416667 0.077500 0.086667
0 0.873750 0.198750 0.072500 0.092500
0 0.895625 0.565833 0.078750 0.098333
0 0.354375 0.608750 0.071250 0.119167
0 0.269688 0.432500 0.061875 0.091667
0 0.845938 0.622500 0.061875 0.080000
0 0.732812 0.791667 0.066875 0.096667
0 0.467813 0.739167 0.070625 0.095000
0 0.546562 0.894583 0.078125 0.099167
0 0.539687 0.451250 0.076875 0.084167
0 0.441250 0.250417 0.070000 0.105833
0 0.425625 0.782500 0.070000 0.106667
0 0.621250 0.777083 0.053750 0.092500
0 0.665312 0.195417 0.060625 0.087500
0 0.666562 0.605833 0.070625 0.103333
0 0.728750 0.170417 0.057500 0.129167
0 0.055000 0.930000 0.077500 0.078333
0 0.077500 0.660000 0.065000 0.086667
0 0.414687 0.184167 0.084375 0.095000
0 0.355938 0.718750 0.069375 0.097500
0 0.611250 0.611250 0.065000 0.092500
0 0.570312 0.565833 0.079375 0.070000
0 0.545000 0.597917 0.063750 0.109167
0 0.799063 0.187083 0.098125 0.102500
0 0.692813 0.765000 0.081875 0.115000
0 0.505938 0.566250 0.063125 0.125833
