0 0.781875 0.572500 0.075000 0.096667
0 0.070000 0.867083 0.058750 0.084167
0 0.440937 0.394583 0.068125 0.094167
0 0.224688 0.763333 0.073125 0.098333
0 0.783750 0.130000 0.066250 0.095000
0 0.510625 0.155000 0.068750 0.090000
0 0.767813 0.297083 0.078125 0.102500
0 0.875000 0.139583 0.070000 0.090833
0 0.430625 0.292083 0.065000 0.085833
0 0.195312 0.401667 0.070625 0.100000
0 0.368750 0.124583 0.070000 0.095833
0 0.325937 0.829167 0.075625 0.100000
0 0.045625 0.757500 0.066250 0.091667
0 0.465313 0.576250 0.079375 0.112500
0 0.140313 0.568333 0.061875 0.086667
0 0.058750 0.583750 0.072500 0.094167
0 0.617188 0.129167 0.074375 0.096667
0 0.118125 0.792083 0.061250 0.087500
0 0.937500 0.303333 0.083750 0.106667
0 0.381563 0.455000 0.073125 0.100000
0 0.081562 0.456667 0.078125 0.101667
0 0.574375 0.365000 0.072500 0.086667
0 0.040000 0.223333 0.070000 0.088333
0 0.726562 0.712083 0.063125 0.084167
0 0.218125 0.903750 0.065000 0.092500
0 0.740938 0.855000 0.060625 0.083333
0 0.346562 0.685417 0.076875 0.109167
0 0.123438 0.936250 0.061875 0.087500
0 0.232813 0.493333 0.079375 0.086667
0 0.104375 0.682917 0.070000 0.089167
0 0.245312 0.212917 0.075625 0.089167
0 0.608437 0.237917 0.063125 0.099167
0 0.951562 0.820417 0.074375 0.105833
0 0.571875 0.532917 0.048750 0.085833
0 0.295000 0.450000 0.075000 0.116667
0 0.064062 0.311667 0.063125 0.083333
0 0.501875 0.307917 0.070000 0.082500
0 0.715313 0.621250 0.079375 0.080833
0 0.427187 0.197083 0.063125 0.070833
0 0.648750 0.929167 0.077500 0.113333
0 0.310312 0.249167 0.069375 0.078333
0 0.811250 0.890417 0.066250 0.084167
0 0.688438 0.342083 0.068125 0.077500
0 0.935625 0.457917 0.072500 0.102500
0 0.709688 0.542917 0.061875 0.069167
0 0.771250 0.055000 0.063750 0.103333
0 0.698438 0.101667 0.068125 0.081667
0 0.850313 0.827083 0.073125 0.067500
0 0.158125 0.721250 0.061250 0.105833
0 0.805312 0.721250 0.068125 0.097500
0 0.665937 0.869583 0.046875 0.072500
0 0.545312 0.611250 0.060625 0.107500
0 0.493437 0.943750 0.070625 0.110833
0 0.853125 0.930000 0.080000 0.080000
0 0.742812 0.455000 0.079375 0.130000
0 0.129375 0.370417 0.047500 0.074167
0 0.847500 0.720833 0.061250 0.111667
0 0.357812 0.925417 0.061875 0.114167
0 0.791562 0.798750 0.065625 0.065833
0 0.200625 0.952500 0.061250 0.093333
0 0.285000 0.946667 0.056250 0.098333
1 0.623750 0.574167 0.087500 0.105000
0 0.429063 0.151250 0.053125 0.070833
