0 0.450000 0.439583 0.065000 0.087500
0 0.599375 0.315000 0.073750 0.098333
0 0.315625 0.602917 0.082500 0.097500
0 0.559688 0.941250 0.073125 0.102500
0 0.236563 0.582917 0.076875 0.117500
0 0.207500 0.312500 0.070000 0.086667
0 0.755313 0.425417 0.073125 0.094167
0 0.052812 0.743750 0.063125 0.094167
0 0.425000 0.361667 0.073750 0.106667
0 0.169687 0.516667 0.074375 0.100000
0 0.343438 0.119167 0.063125 0.106667
0 0.793438 0.653333 0.070625 0.090000
0 0.941562 0.070000 0.081875 0.108333
0 0.083750 0.445000 0.065000 0.080000
0 0.100937 0.829583 0.074375 0.107500
1 0.086875 0.356667 0.083750 0.108333
0 0.783125 0.357083 0.081250 0.089167
0 0.919063 0.789167 0.085625 0.103333
0 0.658125 0.375417 0.076250 0.102500
0 0.929688 0.517083 0.080625 0.084167
0 0.675312 0.655417 0.084375 0.105833
0 0.789375 0.736667 0.075000 0.096667
