6 0.870625 0.765833 0.090000 0.108333
0 0.504375 0.620417 0.075000 0.095833
0 0.171563 0.069583 0.083125 0.099167
0 0.958438 0.160000 0.079375 0.093333
0 0.566562 0.413333 0.069375 0.100000
0 0.678750 0.829167 0.077500 0.108333
0 0.278750 0.501667 0.072500 0.103333
0 0.746563 0.481250 0.075625 0.115833
0 0.693438 0.905833 0.075625 0.091667
0 0.244688 0.391250 0.070625 0.082500
0 0.651875 0.666667 0.068750 0.095000
0 0.138125 0.600417 0.082500 0.099167
0 0.572500 0.777083 0.081250 0.102500
0 0.627188 0.365417 0.071875 0.110833
0 0.717812 0.632500 0.060625 0.091667
0 0.463125 0.300000 0.081250 0.105000
0 0.910312 0.094583 0.104375 0.089167
0 0.849063 0.527917 0.091875 0.097500
0 0.332813 0.132917 0.075625 0.100833
0 0.700313 0.731250 0.084375 0.095833
0 0.792188 0.746250 0.066875 0.089167
0 0.922188 0.536667 0.071875 0.085000
0 0.791875 0.367500 0.072500 0.108333
0 0.102813 0.212917 0.084375 0.090833
0 0.440937 0.895417 0.076875 0.122500
0 0.886250 0.419583 0.082500 0.107500
0 0.357500 0.823750 0.077500 0.099167
0 0.099687 0.909583 0.083125 0.107500
0 0.638437 0.106667 0.086875 0.091667
0 0.792500 0.652500 0.091250 0.100000
0 0.098125 0.050417 0.070000 0.099167
0 0.564688 0.553333 0.095625 0.093333
0 0.796562 0.815000 0.075625 0.068333
0 0.239375 0.745417 0.077500 0.100833
0 0.651875 0.568750 0.076250 0.112500
0 0.115312 0.730417 0.081875 0.095833
0 0.060625 0.599167 0.091250 0.103333
0 0.476562 0.134583 0.081875 0.092500
0 0.672500 0.477500 0.070000 0.113333
0 0.297500 0.636250 0.085000 0.089167
0 0.410000 0.588333 0.093750 0.088333
0 0.390313 0.505833 0.096875 0.078333
0 0.079375 0.503333 0.120000 0.083333
0 0.545937 0.284167 0.070625 0.111667
0 0.303750 0.732917 0.081250 0.099167
0 0.605938 0.623750 0.090625 0.084167
0 0.450625 0.646250 0.095000 0.079167
0 0.456875 0.226667 0.083750 0.088333
0 0.871875 0.860833 0.083750 0.090000
0 0.050000 0.386250 0.091250 0.100833
