0 0.625625 0.266250 0.072500 0.094167
0 0.935312 0.520417 0.080625 0.090833
0 0.900625 0.641667 0.076250 0.095000
0 0.851562 0.689167 0.071875 0.103333
0 0.795625 0.387917 0.066250 0.109167
0 0.577187 0.788750 0.064375 0.092500
0 0.630313 0.740417 0.073125 0.085833
0 0.858125 0.479167 0.072500 0.081667
0 0.889062 0.932917 0.066875 0.087500
0 0.945312 0.297500 0.079375 0.098333
0 0.861250 0.861250 0.076250 0.099167
0 0.272813 0.779583 0.068125 0.077500
0 0.519687 0.862917 0.069375 0.102500
0 0.353750 0.653750 0.078750 0.097500
0 0.137500 0.554167 0.067500 0.096667
0 0.584063 0.587083 0.070625 0.085833
0 0.062500 0.326250 0.063750 0.107500
0 0.633125 0.369583 0.065000 0.114167
0 0.126250 0.686250 0.067500 0.105833
0 0.538750 0.438750 0.073750 0.094167
0 0.374688 0.481250 0.075625 0.107500
0 0.637813 0.671667 0.074375 0.110000
0 0.701562 0.370417 0.073125 0.102500
0 0.719375 0.745000 0.091250 0.088333
0 0.762813 0.100833 0.075625 0.106667
0 0.205625 0.759167 0.056250 0.105000
0 0.685937 0.067500 0.079375 0.106667
0 0.049688 0.493333 0.061875 0.100000
0 0.301875 0.209583 0.058750 0.075833
0 0.531563 0.527500 0.079375 0.091667
0 0.941875 0.823333 0.063750 0.108333
0 0.700313 0.215417 0.069375 0.104167
0 0.225938 0.422917 0.074375 0.082500
0 0.510000 0.772500 0.071250 0.095000
0 0.745000 0.454167 0.082500 0.100000
0 0.370000 0.949583 0.065000 0.094167
0 0.287187 0.392917 0.065625 0.087500
0 0.813438 0.197917 0.061875 0.104167
0 0.436563 0.446667 0.068125 0.116667
0 0.579375 0.443333 0.066250 0.091667
0 0.280313 0.717083 0.073125 0.104167
0 0.894687 0.431250 0.075625 0.105833
0 0.285625 0.080000 0.062500 0.111667
0 0.120000 0.931250 0.073750 0.075833
0 0.927813 0.208333 0.069375 0.090000
0 0.556875 0.690833 0.078750 0.105000
0 0.572812 0.917500 0.056875 0.105000
0 0.603437 0.129167 0.074375 0.110000
0 0.660312 0.200417 0.055625 0.100833
0 0.690312 0.464583 0.065625 0.095833
0 0.867500 0.198333 0.056250 0.105000
0 0.461562 0.687917 0.081875 0.092500
0 0.167500 0.804583 0.066250 0.115833
0 0.171563 0.150417 0.068125 0.064167
0 0.036875 0.192917 0.063750 0.115833
0 0.169687 0.379583 0.081875 0.097500
0 0.271562 0.608333 0.080625 0.101667
0 0.296875 0.869583 0.071250 0.089167
0 0.317812 0.916250 0.078125 0.087500
0 0.180312 0.705833 0.063125 0.103333
0 0.231563 0.902083 0.078125 0.089167
0 0.117188 0.774583 0.070625 0.092500
0 0.469062 0.595833 0.084375 0.090000
0 0.528125 0.167083 0.073750 0.085833
0 0.224062 0.111667 0.065625 0.088333
0 0.447188 0.764167 0.084375 0.065000
0 0.165937 0.452500 0.076875 0.070000
0 0.100937 0.843750 0.088125 0.075833
0 0.207813 0.629583 0.061875 0.092500
0 0.364375 0.762917 0.068750 0.074167
0 0.435937 0.259583 0.086875 0.097500
0 0.309375 0.116250 0.078750 0.094167
0 0.362187 0.410417 0.100625 0.074167
0 0.258437 0.368750 0.066875 0.089167
0 0.964375 0.594167 0.070000 0.115000
0 0.464062 0.092917 0.074375 0.079167
0 0.082812 0.222083 0.074375 0.100833
0 0.223438 0.292917 0.106875 0.072500
0 0.082500 0.905417 0.080000 0.080833
0 0.261875 0.189583 0.076250 0.104167
0 0.385000 0.865417 0.070000 0.089167
0 0.251563 0.545000 0.076875 0.090000
0 0.515938 0.072083 0.074375 0.090833
0 0.154062 0.601667 0.054375 0.096667
0 0.389375 0.068333 0.081250 0.076667
0 0.899062 0.054583 0.081875 0.085833
0 0.125000 0.193333 0.063750 0.111667
0 0.821875 0.040000 0.072500 0.080000
0 0.199063 0.544583 0.065625 0.105833
0 0.455000 0.855000 0.076250 0.091667
0 0.482187 0.156667 0.084375 0.080000
0 0.605313 0.871667 0.056875 0.100000
0 0.200000 0.037083 0.077500 0.067500
0 0.960000 0.122083 0.062500 0.099167
0 0.873437 0.145833 0.075625 0.081667
0 0.932813 0.149583 0.065625 0.089167
0 0.191562 0.469583 0.056875 0.089167
0 0.432500 0.901667 0.080000 0.090000
0 0.387188 0.177083 0.096875 0.102500
0 0.444063 0.320000 0.094375 0.098333
0 0.479375 0.212083 0.061250 0.074167
0 0.531563 0.943333 0.076875 0.106667
0 0.372812 0.825417 0.076875 0.070833
0 0.946250 0.063750 0.090000 0.077500
0 0.380000 0.107500 0.077500 0.066667
