3 0.514062 0.298750 0.146875 0.104167
0 0.158750 0.156250 0.072500 0.102500
0 0.272500 0.121667 0.073750 0.095000
0 0.223438 0.145000 0.081875 0.093333
0 0.558750 0.060417 0.087500 0.104167
0 0.641875 0.073750 0.063750 0.090833
0 0.874687 0.099583 0.075625 0.102500
0 0.778750 0.208333 0.077500 0.086667
0 0.601250 0.139167 0.070000 0.088333
0 0.657813 0.207500 0.089375 0.100000
0 0.792188 0.307083 0.083125 0.094167
0 0.501563 0.217500 0.075625 0.100000
0 0.605000 0.253750 0.092500 0.084167
0 0.633750 0.320000 0.107500 0.076667
0 0.634375 0.365417 0.085000 0.090833
0 0.682813 0.447083 0.075625 0.084167
0 0.809688 0.493333 0.075625 0.096667
0 0.904062 0.545833 0.083125 0.105000
0 0.805000 0.692917 0.087500 0.104167
0 0.938125 0.884167 0.085000 0.105000
0 0.796562 0.833750 0.083125 0.112500
0 0.846562 0.835833 0.076875 0.093333
0 0.605000 0.754167 0.071250 0.106667
0 0.516563 0.780417 0.084375 0.102500
0 0.562500 0.855833 0.080000 0.116667
0 0.312500 0.833750 0.078750 0.104167
0 0.182812 0.404583 0.135625 0.080833
0 0.234063 0.454167 0.075625 0.090000
0 0.199375 0.511667 0.085000 0.108333
0 0.174687 0.724167 0.083125 0.098333
0 0.172187 0.908333 0.081875 0.096667
