0 0.630313 0.175000 0.066875 0.090000
0 0.213750 0.414167 0.076250 0.096667
0 0.701250 0.750000 0.061250 0.081667
0 0.603125 0.545417 0.066250 0.082500
0 0.517813 0.778750 0.061875 0.074167
0 0.831562 0.815833 0.064375 0.081667
0 0.132188 0.839583 0.058125 0.080833
0 0.697187 0.181667 0.074375 0.093333
0 0.174687 0.049583 0.071875 0.085833
0 0.806250 0.910000 0.070000 0.085000
0 0.842812 0.515833 0.054375 0.083333
0 0.275938 0.317083 0.065625 0.085833
0 0.529687 0.386250 0.070625 0.079167
0 0.557500 0.294167 0.065000 0.088333
0 0.556250 0.593333 0.061250 0.075000
0 0.293438 0.805000 0.058125 0.080000
0 0.217188 0.900833 0.068125 0.083333
0 0.168437 0.753750 0.071875 0.089167
0 0.842500 0.690417 0.072500 0.085833
0 0.469062 0.478333 0.061875 0.073333
0 0.328750 0.256667 0.061250 0.093333
0 0.765625 0.569583 0.078750 0.099167
0 0.471562 0.266250 0.076875 0.094167
0 0.357187 0.551250 0.063125 0.084167
0 0.251250 0.499583 0.060000 0.082500
0 0.646250 0.420417 0.066250 0.110833
0 0.915625 0.397500 0.061250 0.083333
0 0.778750 0.740833 0.070000 0.075000
0 0.559688 0.188333 0.065625 0.093333
0 0.347187 0.339583 0.049375 0.074167
0 0.571562 0.726250 0.063125 0.090833
0 0.399687 0.180833 0.064375 0.070000
0 0.492188 0.544167 0.060625 0.070000
0 0.859062 0.432083 0.071875 0.089167
0 0.636563 0.064167 0.079375 0.113333
0 0.554375 0.885417 0.052500 0.080833
0 0.468125 0.403750 0.067500 0.080833
0 0.921250 0.311667 0.066250 0.095000
0 0.682187 0.855833 0.076875 0.091667
0 0.426563 0.730000 0.050625 0.080000
0 0.908438 0.808333 0.065625 0.083333
0 0.280625 0.902917 0.058750 0.087500
0 0.381563 0.475833 0.070625 0.086667
0 0.847500 0.085000 0.065000 0.095000
0 0.675625 0.951667 0.075000 0.085000
0 0.895000 0.102083 0.070000 0.089167
0 0.775000 0.837500 0.078750 0.103333
0 0.486875 0.856667 0.078750 0.111667
0 0.614688 0.837083 0.066875 0.079167
0 0.103438 0.132083 0.070625 0.092500
0 0.769687 0.138333 0.080625 0.088333
0 0.944063 0.152500 0.058125 0.085000
0 0.425938 0.338750 0.066875 0.084167
0 0.182500 0.528333 0.068750 0.080000
0 0.790000 0.645417 0.058750 0.070833
0 0.953125 0.454167 0.063750 0.080000
1 0.167813 0.136667 0.078125 0.105000
0 0.560937 0.050833 0.061875 0.085000
0 0.296563 0.551250 0.075625 0.102500
0 0.727812 0.657083 0.073125 0.094167
0 0.500938 0.084583 0.068125 0.087500
0 0.710938 0.884583 0.068125 0.089167
0 0.544063 0.481667 0.071875 0.098333
0 0.085938 0.327917 0.061875 0.085833
0 0.707187 0.265000 0.078125 0.098333
0 0.349687 0.142917 0.070625 0.092500
0 0.670000 0.544583 0.063750 0.089167
0 0.125000 0.415833 0.073750 0.083333
0 0.540000 0.676250 0.056250 0.090833
0 0.427500 0.889583 0.058750 0.082500
0 0.761563 0.217083 0.066875 0.070833
0 0.417500 0.519167 0.063750 0.091667
0 0.380312 0.614583 0.068125 0.087500
0 0.096875 0.537083 0.071250 0.095833
0 0.150938 0.456250 0.064375 0.092500
0 0.056875 0.942500 0.071250 0.083333
0 0.262500 0.581250 0.068750 0.074167
0 0.463438 0.714583 0.068125 0.092500
0 0.063750 0.870000 0.068750 0.075000
0 0.879375 0.165417 0.076250 0.102500
0 0.599063 0.777500 0.061875 0.080000
0 0.131875 0.279583 0.065000 0.080833
0 0.267813 0.048750 0.065625 0.075833
0 0.071563 0.410000 0.063125 0.101667
0 0.899375 0.482083 0.062500 0.094167
0 0.059687 0.809583 0.070625 0.092500
0 0.878750 0.243333 0.063750 0.085000
0 0.261875 0.216250 0.061250 0.087500
0 0.883437 0.632917 0.068125 0.099167
0 0.310312 0.633333 0.061875 0.090000
0 0.922188 0.625000 0.063125 0.103333
0 0.345625 0.702500 0.056250 0.093333
0 0.833438 0.582083 0.065625 0.065833
0 0.266562 0.176667 0.068125 0.085000
0 0.485000 0.293333 0.065000 0.095000
0 0.406250 0.058333 0.068750 0.083333
0 0.626875 0.905000 0.061250 0.061667
0 0.178125 0.667500 0.066250 0.090000
0 0.585938 0.959167 0.068125 0.080000
0 0.378750 0.385833 0.070000 0.095000
0 0.141250 0.359583 0.063750 0.089167
0 0.957500 0.703333 0.077500 0.083333
0 0.731875 0.798750 0.065000 0.090833
0 0.701562 0.638750 0.065625 0.084167
0 0.396875 0.093750 0.062500 0.087500
0 0.749687 0.950417 0.070625 0.090833
0 0.437500 0.574583 0.077500 0.100833
0 0.266875 0.091667 0.071250 0.093333
0 0.190625 0.272083 0.072500 0.077500
0 0.227500 0.700000 0.075000 0.100000
0 0.952187 0.765000 0.063125 0.078333
0 0.660937 0.595833 0.060625 0.076667
0 0.884062 0.882917 0.078125 0.082500
0 0.612187 0.672917 0.061875 0.084167
1 0.212500 0.220833 0.058750 0.106667
1 0.379688 0.815417 0.099375 0.130833
0 0.807187 0.262083 0.060625 0.080833
0 0.820937 0.286250 0.055625 0.090833
0 0.930937 0.096250 0.068125 0.077500
0 0.558125 0.126667 0.060000 0.093333
0 0.607500 0.111250 0.062500 0.097500
0 0.112812 0.478750 0.068125 0.087500
0 0.129688 0.574583 0.076875 0.090833
0 0.194688 0.536250 0.063125 0.084167
0 0.266875 0.654167 0.078750 0.075000
0 0.078125 0.752083 0.071250 0.085833
0 0.086563 0.713750 0.066875 0.072500
0 0.139063 0.663750 0.064375 0.094167
0 0.105000 0.661667 0.055000 0.103333
0 0.971875 0.902917 0.056250 0.079167
0 0.899062 0.902500 0.073125 0.080000
0 0.407187 0.418750 0.065625 0.089167
0 0.395625 0.646250 0.075000 0.097500
0 0.484687 0.627500 0.070625 0.093333
0 0.485312 0.670000 0.055625 0.075000
0 0.595625 0.672917 0.065000 0.084167
0 0.738125 0.273333 0.058750 0.101667
