0 0.621250 0.705833 0.076250 0.110000
0 0.730000 0.525833 0.076250 0.100000
0 0.049375 0.874583 0.077500 0.089167
0 0.483125 0.167500 0.067500 0.105000
0 0.807500 0.192917 0.078750 0.104167
0 0.927813 0.824583 0.068125 0.092500
0 0.681562 0.638333 0.075625 0.100000
0 0.145937 0.325417 0.070625 0.099167
0 0.125938 0.850000 0.070625 0.100000
0 0.549063 0.242917 0.078125 0.109167
0 0.395937 0.124583 0.070625 0.099167
0 0.880313 0.372917 0.075625 0.090833
0 0.642188 0.542917 0.069375 0.102500
0 0.353438 0.942083 0.073125 0.099167
0 0.355938 0.256250 0.071875 0.099167
0 0.451250 0.900833 0.071250 0.095000
0 0.862500 0.286250 0.067500 0.094167
0 0.414375 0.446667 0.081250 0.088333
0 0.344375 0.577500 0.076250 0.103333
0 0.112812 0.662500 0.071875 0.101667
0 0.371563 0.697083 0.060625 0.084167
0 0.907188 0.517917 0.073125 0.097500
0 0.554688 0.046667 0.069375 0.091667
0 0.805000 0.510000 0.060000 0.103333
0 0.399375 0.865833 0.075000 0.100000
0 0.704375 0.445417 0.076250 0.105833
0 0.801875 0.379167 0.070000 0.096667
0 0.915000 0.235833 0.067500 0.096667
0 0.730938 0.340417 0.068125 0.097500
0 0.718750 0.100417 0.075000 0.100833
3 0.045625 0.082083 0.070000 0.120833
0 0.557187 0.412500 0.065625 0.093333
0 0.108438 0.260417 0.068125 0.102500
0 0.821875 0.779167 0.065000 0.086667
0 0.549687 0.892083 0.070625 0.104167
0 0.273750 0.082500 0.085000 0.101667
0 0.183438 0.613750 0.075625 0.117500
0 0.129062 0.752917 0.071875 0.104167
0 0.350625 0.356250 0.070000 0.094167
0 0.500000 0.454583 0.070000 0.104167
0 0.892500 0.750000 0.066250 0.093333
0 0.918438 0.938333 0.068125 0.105000
0 0.700937 0.735417 0.068125 0.095833
0 0.651563 0.100833 0.079375 0.108333
0 0.503437 0.318750 0.076875 0.115833
0 0.960625 0.336667 0.071250 0.100000
0 0.422500 0.730417 0.098750 0.085833
0 0.236875 0.932083 0.062500 0.092500
1 0.568438 0.560833 0.083125 0.133333
0 0.490625 0.692083 0.066250 0.102500
0 0.677500 0.280000 0.066250 0.093333
0 0.222188 0.536250 0.064375 0.092500
0 0.514375 0.734583 0.067500 0.092500
0 0.437812 0.652917 0.070625 0.110833
1 0.785625 0.706250 0.075000 0.140833
0 0.862812 0.398750 0.076875 0.107500
0 0.215000 0.641250 0.068750 0.085833
