0 0.144063 0.453333 0.064375 0.083333
0 0.916875 0.777083 0.070000 0.104167
0 0.692813 0.670833 0.071875 0.106667
0 0.053125 0.880417 0.071250 0.097500
0 0.727187 0.777500 0.070625 0.105000
0 0.542188 0.401250 0.068125 0.090833
0 0.584063 0.896250 0.065625 0.094167
0 0.631563 0.183333 0.066875 0.105000
0 0.921250 0.258750 0.066250 0.092500
0 0.345000 0.795000 0.067500 0.085000
0 0.480000 0.697083 0.061250 0.094167
0 0.764062 0.150833 0.081875 0.096667
0 0.539375 0.555833 0.053750 0.090000
0 0.321875 0.512083 0.065000 0.094167
0 0.179688 0.529167 0.065625 0.101667
0 0.786250 0.509167 0.067500 0.093333
0 0.916562 0.532083 0.071875 0.082500
0 0.937187 0.881667 0.060625 0.086667
0 0.779687 0.604167 0.065625 0.090000
0 0.722500 0.451667 0.063750 0.085000
0 0.317188 0.601667 0.079375 0.088333
0 0.252500 0.552500 0.081250 0.103333
0 0.130000 0.841667 0.065000 0.100000
0 0.695625 0.555833 0.061250 0.093333
0 0.576250 0.270000 0.063750 0.076667
0 0.845000 0.050000 0.065000 0.088333
0 0.133750 0.205000 0.066250 0.076667
0 0.444375 0.546250 0.060000 0.082500
0 0.796250 0.722083 0.076250 0.099167
0 0.355000 0.440000 0.063750 0.076667
0 0.508750 0.873333 0.078750 0.098333
0 0.175625 0.932083 0.080000 0.082500
0 0.136875 0.701667 0.068750 0.096667
0 0.794687 0.852083 0.076875 0.099167
0 0.480625 0.588750 0.051250 0.070833
0 0.220938 0.377917 0.066875 0.099167
0 0.708438 0.067083 0.075625 0.092500
0 0.697187 0.407500 0.070625 0.105000
0 0.631875 0.092917 0.066250 0.085833
0 0.822812 0.887500 0.059375 0.091667
0 0.144063 0.054583 0.078125 0.085833
0 0.745000 0.333750 0.063750 0.075833
0 0.040000 0.196250 0.063750 0.090833
0 0.439375 0.343333 0.053750 0.085000
0 0.679063 0.288333 0.066875 0.103333
0 0.832812 0.322917 0.084375 0.094167
0 0.107188 0.158750 0.056875 0.089167
0 0.846250 0.432083 0.058750 0.084167
0 0.105000 0.797500 0.066250 0.103333
0 0.650312 0.892083 0.069375 0.092500
0 0.641875 0.795417 0.062500 0.102500
0 0.358750 0.132083 0.066250 0.084167
0 0.609688 0.651250 0.075625 0.087500
0 0.737812 0.941667 0.058125 0.086667
0 0.653438 0.473333 0.083125 0.098333
0 0.461875 0.202917 0.068750 0.112500
0 0.391562 0.874167 0.073125 0.105000
0 0.608750 0.778750 0.072500 0.089167
0 0.183125 0.769167 0.055000 0.065000
0 0.106875 0.354167 0.063750 0.088333
0 0.095000 0.265417 0.057500 0.095833
0 0.433437 0.647500 0.061875 0.080000
0 0.031250 0.442083 0.051250 0.077500
0 0.698438 0.234583 0.078125 0.102500
0 0.204063 0.704583 0.065625 0.097500
0 0.250937 0.240000 0.069375 0.091667
0 0.366250 0.357917 0.073750 0.097500
0 0.616250 0.560417 0.070000 0.089167
0 0.929375 0.420000 0.063750 0.086667
0 0.426250 0.245417 0.073750 0.099167
0 0.240000 0.814583 0.070000 0.094167
0 0.138125 0.600417 0.090000 0.100833
0 0.240313 0.454167 0.073125 0.081667
0 0.524062 0.770417 0.075625 0.095833
0 0.870938 0.620833 0.076875 0.096667
0 0.591875 0.600833 0.065000 0.103333
0 0.850000 0.580000 0.065000 0.098333
0 0.299687 0.814583 0.054375 0.080833
0 0.107813 0.529167 0.069375 0.073333
0 0.918750 0.120833 0.062500 0.090000
0 0.079687 0.315417 0.065625 0.089167
0 0.908750 0.393333 0.063750 0.111667
0 0.532188 0.302083 0.049375 0.082500
0 0.041563 0.762083 0.080625 0.087500
0 0.223750 0.058333 0.073750 0.081667
0 0.361563 0.695417 0.066875 0.079167
0 0.475938 0.087917 0.091875 0.090833
0 0.859062 0.178333 0.074375 0.096667
0 0.437812 0.419167 0.071875 0.103333
0 0.400938 0.042083 0.070625 0.077500
0 0.871563 0.511667 0.065625 0.091667
0 0.035000 0.552917 0.056250 0.080833
0 0.258125 0.905417 0.070000 0.094167
0 0.325937 0.684583 0.059375 0.087500
0 0.438437 0.870833 0.059375 0.095000
0 0.412500 0.298750 0.073750 0.085833
0 0.574063 0.120833 0.063125 0.093333
0 0.810625 0.942083 0.056250 0.082500
0 0.402187 0.631250 0.074375 0.095833
0 0.615625 0.437500 0.060000 0.098333
4 0.553750 0.190000 0.061250 0.071667
0 0.298125 0.321667 0.070000 0.091667
0 0.096875 0.122917 0.068750 0.074167
0 0.192188 0.094167 0.061875 0.075000
0 0.329688 0.132500 0.065625 0.081667
0 0.331562 0.280000 0.065625 0.095000
0 0.148750 0.363750 0.062500 0.080833
0 0.775625 0.307500 0.073750 0.081667
0 0.505000 0.309583 0.067500 0.077500
0 0.436875 0.160000 0.071250 0.073333
0 0.896563 0.154167 0.066875 0.080000
0 0.917813 0.070000 0.061875 0.080000
0 0.827812 0.180833 0.069375 0.083333
0 0.850625 0.280417 0.070000 0.087500
0 0.963437 0.343333 0.064375 0.080000
0 0.947500 0.451250 0.060000 0.075833
0 0.758125 0.676667 0.050000 0.066667
0 0.912500 0.875000 0.060000 0.078333
0 0.727812 0.907500 0.061875 0.085000
0 0.425625 0.742917 0.068750 0.079167
0 0.281250 0.731250 0.080000 0.102500
0 0.173437 0.714167 0.064375 0.068333
0 0.285000 0.918750 0.065000 0.097500
0 0.453437 0.828333 0.064375 0.076667
0 0.420000 0.810833 0.066250 0.081667
0 0.257812 0.422917 0.055625 0.090833
0 0.394688 0.465417 0.075625 0.097500
0 0.418750 0.436250 0.060000 0.090833
0 0.519375 0.529167 0.061250 0.080000
0 0.439688 0.510417 0.065625 0.080833
0 0.553750 0.762917 0.072500 0.082500
0 0.816562 0.418750 0.064375 0.087500
0 0.277187 0.236667 0.071875 0.080000
0 0.162188 0.215000 0.058125 0.065000
0 0.051562 0.430417 0.068125 0.079167
0 0.099375 0.564583 0.052500 0.089167
0 0.343125 0.327083 0.068750 0.085833
0 0.261562 0.868750 0.076875 0.087500
0 0.503125 0.937083 0.071250 0.084167
0 0.920625 0.558750 0.061250 0.085833
