0 0.776875 0.357500 0.077500 0.101667
0 0.701875 0.587500 0.053750 0.083333
0 0.195625 0.474167 0.075000 0.093333
0 0.700313 0.475417 0.075625 0.107500
0 0.777500 0.532083 0.063750 0.097500
0 0.194375 0.568333 0.072500 0.090000
6 0.105938 0.847083 0.075625 0.124167
0 0.719063 0.673333 0.066875 0.101667
5 0.333437 0.566250 0.050625 0.084167
0 0.161250 0.658750 0.075000 0.105833
0 0.337187 0.446667 0.075625 0.110000
0 0.784687 0.702083 0.075625 0.099167
0 0.107500 0.367083 0.060000 0.070833
0 0.285000 0.817500 0.072500 0.103333
0 0.276250 0.455417 0.066250 0.080833
0 0.169063 0.288333 0.061875 0.080000
0 0.625625 0.642083 0.077500 0.105833
0 0.897188 0.105417 0.068125 0.104167
0 0.090625 0.556250 0.071250 0.094167
1 0.827812 0.442917 0.098125 0.122500
0 0.641250 0.193333 0.082500 0.110000
0 0.216562 0.368750 0.084375 0.109167
0 0.779375 0.822083 0.068750 0.094167
0 0.237813 0.223333 0.081875 0.106667
0 0.633125 0.455417 0.075000 0.099167
0 0.626250 0.549583 0.062500 0.090833
0 0.379375 0.933750 0.062500 0.095833
0 0.744687 0.750417 0.059375 0.084167
0 0.902188 0.852917 0.069375 0.092500
1 0.531250 0.115000 0.097500 0.123333
1 0.715000 0.178333 0.080000 0.131667
1 0.921875 0.766250 0.083750 0.110833
1 0.799687 0.892083 0.085625 0.090833
1 0.142187 0.597500 0.051875 0.103333
0 0.680625 0.111667 0.075000 0.098333
0 0.754062 0.084583 0.071875 0.080833
0 0.904375 0.661250 0.050000 0.079167
0 0.637813 0.887917 0.066875 0.092500
0 0.563125 0.935000 0.056250 0.076667
0 0.081875 0.205833 0.057500 0.080000
0 0.098437 0.277500 0.063125 0.073333
0 0.136250 0.507083 0.072500 0.087500
0 0.117813 0.472500 0.066875 0.078333
0 0.826562 0.731667 0.068125 0.098333
0 0.672500 0.942083 0.063750 0.087500
0 0.744687 0.939167 0.064375 0.100000
0 0.045312 0.887083 0.061875 0.059167
0 0.850313 0.603333 0.059375 0.083333
0 0.845000 0.660417 0.051250 0.080833
0 0.870313 0.737917 0.066875 0.082500
0 0.698438 0.758333 0.068125 0.086667
0 0.420000 0.926250 0.056250 0.084167
0 0.113750 0.436667 0.077500 0.071667
