0 0.198437 0.921250 0.063125 0.087500
0 0.134375 0.227083 0.076250 0.099167
0 0.944063 0.100833 0.074375 0.098333
0 0.307812 0.352500 0.071875 0.090000
0 0.495000 0.679167 0.062500 0.085000
0 0.187812 0.555417 0.058125 0.087500
0 0.523750 0.354583 0.070000 0.095833
0 0.223750 0.830833 0.075000 0.086667
0 0.043750 0.581667 0.070000 0.088333
0 0.328750 0.449583 0.067500 0.084167
0 0.307500 0.267500 0.060000 0.083333
0 0.633437 0.713333 0.081875 0.108333
0 0.915625 0.189167 0.075000 0.093333
0 0.093438 0.408750 0.080625 0.090833
0 0.720625 0.154583 0.067500 0.097500
0 0.206250 0.219167 0.063750 0.093333
0 0.065312 0.928333 0.080625 0.100000
0 0.462813 0.577500 0.060625 0.080000
0 0.148438 0.085833 0.070625 0.088333
0 0.538125 0.449583 0.082500 0.095833
0 0.355312 0.222083 0.065625 0.087500
0 0.620625 0.140417 0.067500 0.084167
0 0.146250 0.358750 0.067500 0.075833
0 0.482500 0.286667 0.071250 0.093333
0 0.431563 0.825833 0.070625 0.091667
0 0.175625 0.296667 0.063750 0.081667
0 0.466562 0.137083 0.065625 0.080833
0 0.651875 0.063333 0.083750 0.105000
0 0.913438 0.773750 0.083125 0.105833
6 0.316250 0.554167 0.086250 0.115000
0 0.213438 0.095833 0.063125 0.081667
0 0.555312 0.507917 0.079375 0.092500
0 0.314688 0.950833 0.059375 0.085000
0 0.527813 0.089167 0.083125 0.093333
0 0.244688 0.722083 0.073125 0.094167
0 0.390313 0.837083 0.071875 0.094167
0 0.555312 0.162083 0.074375 0.080833
0 0.254688 0.203333 0.074375 0.088333
0 0.959063 0.857917 0.080625 0.094167
0 0.823438 0.056250 0.065625 0.089167
0 0.278750 0.914167 0.073750 0.100000
0 0.037187 0.259583 0.074375 0.095833
0 0.475938 0.220000 0.065625 0.073333
0 0.832187 0.313750 0.064375 0.094167
0 0.744687 0.060833 0.073125 0.098333
0 0.952500 0.267500 0.082500 0.095000
0 0.861250 0.430833 0.082500 0.101667
0 0.873125 0.260417 0.052500 0.074167
0 0.708750 0.477500 0.075000 0.103333
0 0.760938 0.552500 0.070625 0.115000
0 0.307500 0.170417 0.062500 0.065833
0 0.749375 0.416667 0.071250 0.088333
0 0.770312 0.232917 0.076875 0.102500
0 0.143750 0.465000 0.057500 0.098333
0 0.065625 0.150000 0.063750 0.080000
0 0.868125 0.850417 0.071250 0.097500
0 0.576562 0.044167 0.061875 0.086667
0 0.359063 0.733750 0.075625 0.097500
0 0.837812 0.929167 0.075625 0.100000
0 0.070938 0.185833 0.068125 0.095000
0 0.294687 0.862083 0.068125 0.085833
4 0.060937 0.742500 0.073125 0.200000
4 0.105313 0.524167 0.089375 0.126667
1 0.409375 0.182083 0.065000 0.119167
1 0.931250 0.346250 0.095000 0.149167
1 0.870938 0.342500 0.059375 0.126667
4 0.707500 0.832917 0.100000 0.117500
1 0.600313 0.804583 0.079375 0.174167
0 0.345625 0.674167 0.065000 0.090000
0 0.358125 0.772500 0.085000 0.083333
0 0.359063 0.577917 0.066875 0.102500
0 0.324375 0.651250 0.065000 0.090833
0 0.326250 0.848750 0.075000 0.077500
0 0.638750 0.808333 0.065000 0.075000
0 0.428438 0.231667 0.055625 0.085000
0 0.745625 0.215000 0.072500 0.098333
