0 0.801562 0.071667 0.058125 0.093333
0 0.662188 0.883333 0.064375 0.088333
5 0.242188 0.861667 0.066875 0.090000
0 0.273750 0.487917 0.063750 0.087500
0 0.892188 0.902917 0.065625 0.102500
0 0.371875 0.252083 0.065000 0.089167
0 0.736563 0.388750 0.075625 0.099167
0 0.851562 0.669583 0.066875 0.090833
0 0.343438 0.146667 0.063125 0.090000
0 0.358438 0.686667 0.074375 0.093333
0 0.671875 0.182083 0.066250 0.089167
0 0.206250 0.462500 0.068750 0.086667
0 0.205937 0.377083 0.074375 0.094167
0 0.098125 0.532083 0.062500 0.079167
0 0.588750 0.805417 0.072500 0.090833
0 0.239375 0.758750 0.073750 0.089167
0 0.663438 0.676250 0.063125 0.077500
0 0.567187 0.915000 0.069375 0.096667
0 0.847812 0.831667 0.063125 0.085000
0 0.144063 0.382917 0.068125 0.085833
0 0.295625 0.347917 0.058750 0.077500
0 0.569063 0.715417 0.069375 0.077500
0 0.402500 0.152500 0.055000 0.078333
0 0.167187 0.209167 0.063125 0.090000
0 0.106250 0.321250 0.056250 0.070833
0 0.824688 0.250000 0.056875 0.078333
1 0.586875 0.181667 0.076250 0.108333
0 0.782813 0.784167 0.078125 0.076667
0 0.639375 0.538333 0.062500 0.073333
0 0.356563 0.934583 0.065625 0.087500
0 0.173125 0.550417 0.067500 0.080833
0 0.178437 0.926250 0.069375 0.089167
0 0.947500 0.176667 0.071250 0.090000
0 0.520625 0.793333 0.065000 0.081667
0 0.072188 0.142917 0.054375 0.075833
0 0.474375 0.544167 0.081250 0.090000
0 0.696562 0.057083 0.056875 0.072500
0 0.297812 0.172500 0.050625 0.076667
0 0.811562 0.569583 0.065625 0.070833
0 0.380625 0.396250 0.072500 0.082500
0 0.328125 0.788750 0.071250 0.080833
0 0.145313 0.720417 0.056875 0.072500
0 0.926562 0.608750 0.055625 0.085833
0 0.584688 0.525417 0.050625 0.074167
0 0.875938 0.750000 0.058125 0.075000
0 0.056563 0.395000 0.059375 0.078333
0 0.115312 0.247083 0.070625 0.085833
0 0.625313 0.269583 0.064375 0.085833
0 0.460000 0.722083 0.060000 0.085833
0 0.686875 0.343333 0.051250 0.088333
0 0.638125 0.408750 0.068750 0.090833
0 0.240625 0.299583 0.067500 0.087500
0 0.384375 0.586250 0.066250 0.069167
0 0.914062 0.513333 0.055625 0.076667
0 0.392813 0.878750 0.059375 0.087500
0 0.919687 0.277500 0.065625 0.098333
0 0.285938 0.926667 0.055625 0.075000
0 0.827500 0.842500 0.070000 0.088333
0 0.432812 0.659167 0.070625 0.083333
0 0.434375 0.880417 0.067500 0.092500
0 0.870000 0.324167 0.057500 0.066667
0 0.676250 0.443750 0.051250 0.067500
0 0.349375 0.054583 0.057500 0.065833
0 0.575625 0.632083 0.061250 0.077500
0 0.227187 0.214583 0.058125 0.070833
0 0.809063 0.916667 0.073125 0.071667
0 0.525937 0.217083 0.053125 0.069167
0 0.374063 0.373750 0.070625 0.090833
0 0.146250 0.612500 0.057500 0.070000
0 0.457188 0.139167 0.053125 0.078333
0 0.229375 0.540000 0.055000 0.075000
0 0.775937 0.325000 0.053125 0.065000
0 0.497500 0.876667 0.058750 0.078333
0 0.314688 0.286250 0.065625 0.082500
0 0.053125 0.658750 0.053750 0.070833
0 0.931562 0.726250 0.053125 0.064167
0 0.136563 0.472500 0.068125 0.078333
0 0.506875 0.316667 0.051250 0.083333
0 0.964063 0.316667 0.061875 0.065000
1 0.462500 0.336250 0.086250 0.090833
0 0.100000 0.830000 0.043750 0.070000
0 0.738750 0.923333 0.061250 0.060000
0 0.752812 0.718750 0.051875 0.074167
0 0.972500 0.667500 0.052500 0.070000
0 0.870313 0.267917 0.046875 0.075833
0 0.900312 0.223750 0.046875 0.080833
0 0.202500 0.696667 0.065000 0.068333
0 0.023125 0.201250 0.045000 0.065833
0 0.096250 0.227917 0.062500 0.077500
0 0.168437 0.295417 0.039375 0.065833
0 0.747188 0.091667 0.046875 0.061667
0 0.089375 0.706250 0.045000 0.067500
0 0.124688 0.378333 0.061875 0.070000
0 0.565000 0.274167 0.053750 0.071667
0 0.225938 0.941250 0.051875 0.077500
