0 0.042813 0.575833 0.065625 0.095000
0 0.462813 0.256250 0.065625 0.094167
0 0.124063 0.147500 0.068125 0.083333
0 0.707500 0.519583 0.063750 0.090833
0 0.154062 0.434583 0.070625 0.102500
0 0.502500 0.358333 0.063750 0.096667
0 0.295938 0.841250 0.071875 0.089167
0 0.098125 0.642500 0.068750 0.080000
0 0.651875 0.907083 0.061250 0.094167
0 0.273750 0.607500 0.070000 0.100000
0 0.842812 0.555833 0.065625 0.085000
0 0.385937 0.925417 0.063125 0.104167
0 0.115625 0.780417 0.067500 0.082500
0 0.160938 0.697500 0.066875 0.093333
0 0.565000 0.315417 0.065000 0.087500
0 0.820312 0.653333 0.058125 0.083333
0 0.594375 0.122917 0.063750 0.089167
0 0.234375 0.523333 0.070000 0.091667
0 0.860313 0.818750 0.064375 0.095833
0 0.098750 0.512917 0.060000 0.085833
0 0.868750 0.709583 0.062500 0.087500
0 0.751875 0.615000 0.068750 0.090000
0 0.277500 0.438750 0.067500 0.090833
0 0.385000 0.525000 0.076250 0.090000
0 0.686875 0.800417 0.070000 0.090833
0 0.610625 0.712500 0.061250 0.095000
0 0.720625 0.890000 0.062500 0.085000
0 0.801875 0.900000 0.072500 0.095000
0 0.101250 0.314167 0.067500 0.093333
0 0.088438 0.062500 0.065625 0.083333
0 0.903750 0.590417 0.063750 0.085833
0 0.563750 0.871667 0.068750 0.085000
0 0.638437 0.482083 0.070625 0.082500
0 0.777500 0.534583 0.058750 0.095833
0 0.558438 0.491667 0.059375 0.070000
0 0.529687 0.155000 0.059375 0.091667
0 0.382188 0.070833 0.064375 0.091667
0 0.203125 0.867917 0.072500 0.084167
0 0.670312 0.357500 0.061875 0.083333
0 0.079062 0.402500 0.061875 0.081667
0 0.959375 0.112083 0.061250 0.084167
0 0.194375 0.200833 0.071250 0.073333
0 0.728750 0.417917 0.077500 0.089167
0 0.462500 0.140417 0.070000 0.090833
0 0.884375 0.246667 0.065000 0.098333
0 0.607812 0.574583 0.064375 0.082500
0 0.872812 0.476667 0.065625 0.076667
0 0.246875 0.060417 0.066250 0.074167
0 0.833438 0.176667 0.061875 0.078333
0 0.708125 0.187917 0.067500 0.082500
0 0.503750 0.536250 0.053750 0.110833
0 0.375312 0.753333 0.065625 0.086667
0 0.200000 0.616250 0.052500 0.069167
0 0.117500 0.944167 0.077500 0.086667
0 0.364375 0.313333 0.065000 0.096667
0 0.613750 0.430833 0.052500 0.098333
0 0.724375 0.281667 0.077500 0.086667
0 0.732500 0.047500 0.060000 0.076667
0 0.808438 0.784583 0.066875 0.097500
0 0.681875 0.700833 0.068750 0.085000
0 0.934063 0.754167 0.059375 0.086667
0 0.887188 0.103750 0.069375 0.092500
0 0.932500 0.202083 0.082500 0.094167
0 0.149062 0.565000 0.069375 0.098333
0 0.312500 0.090833 0.047500 0.093333
0 0.765000 0.347917 0.058750 0.077500
0 0.483750 0.807917 0.081250 0.092500
0 0.450000 0.089583 0.057500 0.087500
0 0.958438 0.299167 0.075625 0.101667
0 0.735000 0.669583 0.066250 0.079167
0 0.823750 0.477500 0.068750 0.076667
0 0.524062 0.796250 0.068125 0.094167
0 0.444375 0.421667 0.062500 0.086667
0 0.906875 0.880000 0.048750 0.088333
0 0.035625 0.896667 0.071250 0.081667
0 0.340625 0.638750 0.063750 0.074167
0 0.805937 0.052500 0.071875 0.093333
0 0.028438 0.462917 0.056875 0.087500
0 0.161250 0.857917 0.065000 0.070833
0 0.521250 0.048333 0.067500 0.091667
0 0.806875 0.396667 0.060000 0.090000
1 0.849375 0.395000 0.063750 0.081667
0 0.415938 0.446667 0.056875 0.073333
0 0.868437 0.050417 0.056875 0.097500
0 0.346562 0.599167 0.053125 0.081667
0 0.363750 0.710833 0.067500 0.068333
0 0.932187 0.856250 0.055625 0.055833
0 0.822187 0.140833 0.066875 0.071667
0 0.955313 0.071667 0.055625 0.070000
0 0.193125 0.967500 0.057500 0.065000
