0 0.396250 0.908333 0.065000 0.073333
0 0.232813 0.702917 0.064375 0.094167
0 0.352500 0.590417 0.065000 0.099167
0 0.644062 0.845000 0.071875 0.095000
0 0.724375 0.218333 0.065000 0.098333
0 0.254375 0.272917 0.068750 0.087500
0 0.722500 0.908333 0.066250 0.081667
0 0.765938 0.563750 0.066875 0.085833
0 0.818750 0.630833 0.067500 0.088333
0 0.775312 0.345000 0.066875 0.075000
0 0.901875 0.635417 0.068750 0.100833
0 0.948125 0.769583 0.065000 0.085833
0 0.833438 0.161250 0.068125 0.094167
0 0.289062 0.626667 0.069375 0.083333
0 0.480938 0.833333 0.066875 0.095000
0 0.797188 0.251667 0.066875 0.081667
0 0.104688 0.490000 0.064375 0.100000
0 0.538438 0.412083 0.060625 0.084167
0 0.549375 0.775000 0.072500 0.093333
0 0.098750 0.629583 0.072500 0.085833
0 0.461562 0.259167 0.065625 0.090000
0 0.306875 0.715000 0.066250 0.085000
0 0.367500 0.805417 0.065000 0.087500
0 0.752812 0.686250 0.053125 0.089167
0 0.585625 0.681250 0.067500 0.097500
0 0.195000 0.922500 0.066250 0.088333
0 0.159688 0.225000 0.071875 0.095000
0 0.421563 0.620000 0.063125 0.083333
0 0.701562 0.470833 0.068125 0.080000
0 0.098750 0.816250 0.073750 0.090833
0 0.959063 0.518750 0.065625 0.084167
0 0.813438 0.727500 0.064375 0.083333
0 0.153438 0.667917 0.068125 0.082500
0 0.800312 0.072083 0.059375 0.082500
0 0.539687 0.912500 0.063125 0.088333
0 0.218750 0.612917 0.063750 0.080833
0 0.872188 0.054583 0.065625 0.090833
0 0.305625 0.458333 0.066250 0.080000
0 0.399062 0.302917 0.060625 0.097500
0 0.596875 0.330417 0.066250 0.085833
0 0.936562 0.334167 0.064375 0.096667
0 0.373750 0.419167 0.072500 0.075000
0 0.517500 0.206667 0.061250 0.085000
0 0.913438 0.240833 0.065625 0.080000
0 0.323125 0.943750 0.067500 0.099167
0 0.075000 0.302500 0.061250 0.098333
0 0.241250 0.501667 0.060000 0.081667
0 0.660312 0.230833 0.054375 0.076667
0 0.512500 0.115000 0.075000 0.083333
0 0.172187 0.475417 0.059375 0.090833
0 0.781250 0.483333 0.066250 0.085000
0 0.559063 0.530000 0.055625 0.095000
0 0.097187 0.932083 0.075625 0.097500
0 0.368437 0.077500 0.063125 0.098333
0 0.370000 0.212500 0.068750 0.081667
0 0.046250 0.820000 0.067500 0.080000
0 0.062500 0.198333 0.071250 0.090000
0 0.741875 0.827500 0.073750 0.083333
0 0.091563 0.096250 0.061875 0.085833
0 0.526563 0.640417 0.064375 0.084167
0 0.176875 0.097917 0.067500 0.070833
0 0.599688 0.234167 0.068125 0.093333
0 0.033438 0.523750 0.066875 0.084167
0 0.161875 0.327500 0.068750 0.090000
0 0.243438 0.054583 0.073125 0.087500
0 0.468438 0.381667 0.068125 0.083333
0 0.691562 0.125000 0.065625 0.080000
0 0.598750 0.136667 0.067500 0.081667
0 0.473125 0.702500 0.050000 0.096667
0 0.587187 0.432083 0.064375 0.082500
0 0.690937 0.639583 0.061875 0.114167
0 0.287500 0.365000 0.066250 0.088333
0 0.918438 0.877083 0.074375 0.097500
0 0.197187 0.831667 0.064375 0.081667
0 0.516250 0.502500 0.068750 0.086667
0 0.599688 0.577083 0.064375 0.084167
0 0.208125 0.358750 0.052500 0.110833
0 0.389375 0.477917 0.060000 0.085833
0 0.948750 0.135833 0.067500 0.086667
0 0.679688 0.589167 0.058125 0.096667
0 0.630313 0.545833 0.065625 0.100000
0 0.881250 0.563333 0.048750 0.080000
0 0.865625 0.832500 0.078750 0.100000
0 0.481563 0.178333 0.056875 0.071667
0 0.635625 0.958333 0.078750 0.081667
0 0.779687 0.949167 0.065625 0.088333
0 0.970000 0.624583 0.058750 0.084167
0 0.064375 0.910000 0.073750 0.083333
4 0.839375 0.537917 0.047500 0.089167
0 0.327188 0.299583 0.059375 0.085833
0 0.153125 0.120000 0.051250 0.083333
0 0.505313 0.037917 0.055625 0.069167
0 0.326250 0.043750 0.061250 0.087500
0 0.212188 0.531667 0.053125 0.068333
0 0.836562 0.812500 0.055625 0.075000
0 0.707187 0.035417 0.056875 0.070833
