0 0.183125 0.841250 0.057500 0.075833
0 0.431875 0.130833 0.062500 0.075000
0 0.708750 0.417500 0.060000 0.080000
0 0.771250 0.836667 0.056250 0.083333
0 0.159062 0.700833 0.058125 0.081667
0 0.529375 0.549167 0.053750 0.076667
0 0.212500 0.520000 0.057500 0.078333
0 0.570937 0.722917 0.063125 0.079167
0 0.634062 0.686250 0.060625 0.087500
0 0.672813 0.155000 0.063125 0.083333
0 0.805937 0.515417 0.064375 0.080833
0 0.941250 0.723750 0.065000 0.079167
0 0.338750 0.160833 0.061250 0.081667
0 0.873437 0.240833 0.063125 0.085000
0 0.358750 0.915000 0.082500 0.095000
0 0.935312 0.433333 0.063125 0.080000
0 0.877812 0.756667 0.063125 0.088333
0 0.591875 0.227083 0.056250 0.075833
0 0.193125 0.184583 0.076250 0.097500
0 0.786563 0.318333 0.060625 0.081667
0 0.927813 0.899167 0.068125 0.071667
0 0.737812 0.163750 0.059375 0.079167
0 0.916250 0.072500 0.070000 0.093333
0 0.314063 0.052917 0.063125 0.070833
0 0.055313 0.289167 0.068125 0.078333
0 0.264688 0.548750 0.063125 0.074167
0 0.954688 0.623333 0.078125 0.093333
0 0.767813 0.593750 0.070625 0.087500
0 0.302812 0.450000 0.063125 0.078333
0 0.081562 0.212917 0.061875 0.082500
0 0.634687 0.432083 0.066875 0.079167
0 0.755000 0.682500 0.073750 0.085000
0 0.242500 0.289583 0.072500 0.092500
0 0.585938 0.360417 0.064375 0.079167
0 0.244688 0.944167 0.045625 0.111667
0 0.309375 0.842917 0.067500 0.089167
0 0.670000 0.596667 0.075000 0.095000
0 0.138437 0.127500 0.064375 0.086667
0 0.475625 0.580833 0.058750 0.078333
0 0.864688 0.400417 0.069375 0.087500
0 0.107188 0.811667 0.068125 0.085000
0 0.130312 0.286250 0.050625 0.082500
0 0.680000 0.709167 0.057500 0.098333
0 0.280000 0.175833 0.075000 0.088333
0 0.386250 0.724167 0.062500 0.088333
0 0.177500 0.461250 0.067500 0.082500
0 0.346250 0.260833 0.063750 0.081667
0 0.950000 0.234583 0.062500 0.099167
0 0.460625 0.291667 0.050000 0.088333
0 0.052812 0.800417 0.059375 0.075833
0 0.653750 0.505833 0.073750 0.093333
0 0.090625 0.639583 0.051250 0.089167
0 0.394062 0.269583 0.059375 0.080833
0 0.239375 0.702500 0.063750 0.086667
0 0.078750 0.104167 0.071250 0.090000
0 0.295312 0.753750 0.059375 0.082500
0 0.468125 0.460417 0.065000 0.074167
0 0.747500 0.243333 0.063750 0.086667
0 0.061562 0.724583 0.061875 0.080833
0 0.497812 0.365000 0.073125 0.071667
0 0.249688 0.757083 0.071875 0.089167
0 0.735000 0.948750 0.058750 0.089167
0 0.447500 0.498333 0.073750 0.093333
0 0.953125 0.062500 0.067500 0.093333
0 0.544687 0.311667 0.046875 0.075000
0 0.342187 0.753333 0.049375 0.085000
0 0.031875 0.642083 0.052500 0.072500
0 0.601875 0.505833 0.051250 0.056667
0 0.772188 0.962083 0.059375 0.065833
