0 0.240000 0.722083 0.065000 0.084167
0 0.681562 0.897083 0.059375 0.095833
0 0.789687 0.627083 0.068125 0.094167
0 0.087500 0.720417 0.057500 0.080833
0 0.824063 0.391667 0.071875 0.091667
0 0.376250 0.747500 0.071250 0.103333
0 0.659375 0.318333 0.080000 0.108333
0 0.926250 0.402500 0.068750 0.093333
0 0.683125 0.747917 0.065000 0.087500
1 0.338438 0.542917 0.071875 0.082500
0 0.848437 0.606250 0.064375 0.084167
0 0.178437 0.900000 0.074375 0.083333
0 0.545937 0.506250 0.066875 0.085833
0 0.754375 0.242500 0.075000 0.086667
0 0.045312 0.357500 0.069375 0.090000
0 0.632188 0.223333 0.074375 0.090000
0 0.098437 0.530833 0.069375 0.098333
0 0.214375 0.095417 0.071250 0.082500
0 0.487187 0.348333 0.058125 0.073333
1 0.315937 0.387500 0.078125 0.103333
0 0.329688 0.668750 0.060625 0.074167
6 0.386250 0.483333 0.073750 0.103333
0 0.149688 0.097083 0.055625 0.080833
0 0.458125 0.293750 0.066250 0.077500
0 0.353750 0.873333 0.066250 0.083333
0 0.380312 0.297083 0.069375 0.092500
0 0.862187 0.065833 0.073125 0.101667
3 0.885312 0.195417 0.081875 0.104167
0 0.191562 0.511667 0.068125 0.085000
0 0.708750 0.103333 0.068750 0.085000
0 0.685000 0.570417 0.071250 0.075833
0 0.886250 0.708333 0.056250 0.080000
0 0.750625 0.409167 0.073750 0.100000
0 0.925937 0.532083 0.069375 0.074167
0 0.568438 0.659583 0.070625 0.090833
0 0.639062 0.805417 0.066875 0.075833
0 0.555937 0.584167 0.065625 0.091667
0 0.239063 0.589167 0.070625 0.073333
0 0.255625 0.251667 0.065000 0.100000
0 0.568125 0.327917 0.067500 0.075833
0 0.904375 0.955000 0.057500 0.081667
0 0.240937 0.448333 0.060625 0.071667
0 0.363750 0.606667 0.063750 0.085000
0 0.510938 0.245417 0.048125 0.074167
0 0.134375 0.032500 0.056250 0.063333
0 0.211250 0.372083 0.055000 0.069167
0 0.245000 0.617083 0.061250 0.090833
0 0.252188 0.222083 0.064375 0.082500
0 0.262188 0.151250 0.073125 0.077500
0 0.270937 0.515000 0.055625 0.066667
0 0.833438 0.077917 0.051875 0.074167
0 0.833125 0.525417 0.075000 0.069167
0 0.890938 0.850000 0.064375 0.075000
0 0.367500 0.136250 0.052500 0.072500
0 0.950937 0.312083 0.059375 0.067500
0 0.958750 0.682083 0.068750 0.089167
0 0.752500 0.711250 0.081250 0.085833
0 0.658750 0.464167 0.055000 0.088333
0 0.770625 0.485833 0.057500 0.085000
0 0.333437 0.306250 0.055625 0.085833
0 0.764062 0.783333 0.060625 0.071667
0 0.621875 0.913750 0.057500 0.060833
0 0.610313 0.949583 0.064375 0.082500
3 0.820937 0.897917 0.125625 0.104167
0 0.381563 0.959583 0.059375 0.077500
0 0.120313 0.601667 0.068125 0.071667
0 0.107188 0.239583 0.058125 0.092500
0 0.055313 0.897500 0.068125 0.071667
0 0.461250 0.395000 0.055000 0.068333
0 0.480000 0.059167 0.056250 0.078333
0 0.685625 0.492917 0.060000 0.082500
0 0.084687 0.955833 0.054375 0.070000
0 0.463750 0.214167 0.056250 0.073333
0 0.714375 0.496250 0.060000 0.060833
0 0.911875 0.590417 0.047500 0.062500
0 0.960313 0.618333 0.055625 0.071667
0 0.432188 0.084167 0.090625 0.068333
