0 0.683125 0.529167 0.058750 0.078333
0 0.403438 0.881250 0.066875 0.065833
0 0.574375 0.866250 0.057500 0.095833
0 0.180000 0.412083 0.076250 0.095833
0 0.784062 0.195417 0.068125 0.090833
0 0.709688 0.182083 0.069375 0.095833
0 0.890312 0.537083 0.070625 0.090833
0 0.258437 0.706667 0.065625 0.095000
0 0.620938 0.467500 0.058125 0.088333
0 0.734375 0.751250 0.063750 0.082500
5 0.539687 0.536667 0.061875 0.075000
0 0.580000 0.169167 0.061250 0.078333
0 0.440312 0.155833 0.063125 0.080000
0 0.066250 0.073750 0.060000 0.084167
0 0.624687 0.344583 0.068125 0.087500
0 0.499688 0.383333 0.071875 0.071667
0 0.121250 0.671250 0.055000 0.080833
0 0.441875 0.955417 0.052500 0.079167
0 0.537500 0.613750 0.066250 0.077500
0 0.900937 0.141667 0.071875 0.091667
0 0.318437 0.491667 0.066875 0.106667
0 0.642188 0.251667 0.065625 0.078333
0 0.418438 0.347917 0.060625 0.089167
0 0.660937 0.861667 0.063125 0.080000
0 0.684375 0.730000 0.063750 0.083333
0 0.300625 0.849583 0.061250 0.094167
0 0.853437 0.208333 0.065625 0.086667
4 0.279062 0.107083 0.068125 0.099167
0 0.795000 0.594583 0.075000 0.084167
0 0.775312 0.802500 0.070625 0.075000
0 0.462500 0.302083 0.056250 0.080833
0 0.439375 0.245417 0.067500 0.085833
0 0.084062 0.221250 0.064375 0.095833
0 0.180000 0.517083 0.060000 0.082500
0 0.721875 0.417083 0.072500 0.092500
1 0.246562 0.412083 0.075625 0.107500
0 0.536563 0.408750 0.065625 0.087500
0 0.888125 0.286667 0.071250 0.088333
6 0.280625 0.315833 0.086250 0.130000
0 0.178125 0.726250 0.073750 0.085833
0 0.234063 0.500833 0.064375 0.096667
0 0.060000 0.663333 0.058750 0.076667
0 0.042813 0.744167 0.066875 0.095000
0 0.666562 0.155000 0.070625 0.093333
0 0.583125 0.692500 0.063750 0.093333
0 0.496563 0.190833 0.076875 0.090000
0 0.739062 0.484167 0.066875 0.083333
0 0.365000 0.056250 0.072500 0.087500
0 0.684063 0.617917 0.070625 0.084167
0 0.472500 0.530417 0.071250 0.090833
0 0.875938 0.051667 0.069375 0.093333
0 0.361875 0.363750 0.070000 0.095833
0 0.051875 0.488333 0.066250 0.100000
0 0.080937 0.121250 0.065625 0.089167
0 0.618750 0.951667 0.072500 0.088333
0 0.213750 0.080417 0.061250 0.092500
1 0.693750 0.093750 0.093750 0.090833
0 0.650625 0.637917 0.055000 0.095833
0 0.025625 0.272500 0.050000 0.071667
0 0.099375 0.549583 0.076250 0.090833
0 0.939375 0.615000 0.073750 0.096667
0 0.910000 0.678333 0.072500 0.090000
0 0.605625 0.717500 0.077500 0.091667
0 0.210938 0.819167 0.058125 0.073333
0 0.832187 0.673750 0.066875 0.085833
1 0.109375 0.456667 0.073750 0.106667
0 0.855000 0.696250 0.052500 0.082500
0 0.310937 0.403750 0.060625 0.077500
0 0.218750 0.616667 0.073750 0.100000
0 0.456562 0.457917 0.068125 0.085833
0 0.705625 0.323750 0.058750 0.087500
4 0.374375 0.597500 0.117500 0.100000
1 0.524687 0.738333 0.086875 0.181667
1 0.792813 0.884583 0.099375 0.115833
0 0.570312 0.459583 0.065625 0.085833
0 0.844375 0.592500 0.076250 0.083333
0 0.086875 0.742500 0.072500 0.098333
0 0.183125 0.160417 0.066250 0.095833
0 0.055000 0.589167 0.072500 0.086667
0 0.787813 0.955000 0.065625 0.078333
0 0.151875 0.785417 0.073750 0.087500
0 0.676250 0.952917 0.061250 0.087500
0 0.687187 0.296667 0.064375 0.098333
