0 0.821562 0.798750 0.061875 0.080833
0 0.045312 0.800417 0.066875 0.085833
0 0.453437 0.835833 0.064375 0.086667
0 0.282500 0.310000 0.067500 0.088333
0 0.430000 0.137917 0.060000 0.082500
0 0.385000 0.801667 0.063750 0.098333
0 0.655000 0.041250 0.063750 0.080833
0 0.588437 0.198750 0.063125 0.085833
0 0.106563 0.265417 0.063125 0.084167
0 0.186562 0.284583 0.070625 0.087500
0 0.367812 0.523333 0.059375 0.088333
0 0.570937 0.472500 0.060625 0.080000
0 0.883437 0.469583 0.058125 0.085833
0 0.105313 0.520833 0.064375 0.078333
0 0.855313 0.060417 0.079375 0.105833
0 0.249688 0.746667 0.065625 0.095000
0 0.607187 0.291667 0.069375 0.090000
0 0.341875 0.827917 0.056250 0.077500
0 0.894375 0.563333 0.056250 0.073333
0 0.345313 0.620833 0.068125 0.101667
0 0.828750 0.543333 0.070000 0.096667
0 0.318125 0.050000 0.062500 0.085000
0 0.348750 0.440833 0.067500 0.098333
0 0.172500 0.850833 0.072500 0.090000
0 0.619375 0.374583 0.061250 0.090833
0 0.698438 0.632083 0.068125 0.085833
0 0.655000 0.860417 0.060000 0.084167
0 0.469687 0.920000 0.073125 0.098333
0 0.256563 0.424167 0.070625 0.081667
0 0.755313 0.779167 0.058125 0.083333
0 0.201875 0.520833 0.065000 0.090000
0 0.815000 0.373750 0.067500 0.085833
0 0.401875 0.912917 0.065000 0.074167
0 0.141875 0.936250 0.061250 0.077500
0 0.151875 0.585000 0.056250 0.083333
0 0.428438 0.308333 0.066875 0.090000
0 0.054375 0.896667 0.053750 0.071667
0 0.036250 0.259167 0.058750 0.068333
0 0.297812 0.544583 0.069375 0.072500
0 0.590000 0.918750 0.062500 0.089167
0 0.148125 0.464167 0.055000 0.085000
0 0.171563 0.367500 0.051875 0.068333
0 0.925625 0.083750 0.060000 0.079167
0 0.645000 0.320833 0.075000 0.096667
0 0.561875 0.232083 0.061250 0.084167
0 0.279375 0.127917 0.056250 0.070833
0 0.663438 0.226250 0.068125 0.084167
0 0.950000 0.465000 0.076250 0.113333
0 0.291563 0.212500 0.059375 0.075000
0 0.513125 0.512083 0.068750 0.102500
0 0.565625 0.633333 0.076250 0.086667
0 0.180312 0.671667 0.070625 0.091667
0 0.302500 0.690833 0.057500 0.076667
0 0.667813 0.652083 0.073125 0.070833
0 0.473438 0.226250 0.059375 0.079167
0 0.339687 0.135000 0.065625 0.085000
0 0.122813 0.170000 0.073125 0.098333
0 0.386562 0.040417 0.075625 0.079167
0 0.480938 0.298750 0.059375 0.079167
0 0.120938 0.408333 0.070625 0.078333
0 0.367812 0.201250 0.058125 0.082500
0 0.876563 0.814167 0.073125 0.110000
0 0.469687 0.379583 0.064375 0.077500
0 0.723437 0.074583 0.064375 0.097500
0 0.703438 0.388750 0.059375 0.079167
0 0.146563 0.056250 0.069375 0.099167
0 0.918438 0.364167 0.068125 0.080000
0 0.745000 0.533333 0.077500 0.093333
0 0.271250 0.620000 0.060000 0.078333
0 0.808438 0.587083 0.073125 0.089167
0 0.415000 0.437083 0.080000 0.085833
0 0.439688 0.466250 0.069375 0.094167
0 0.887188 0.905000 0.063125 0.101667
0 0.621875 0.945000 0.070000 0.095000
0 0.101562 0.842500 0.064375 0.095000
0 0.365312 0.731667 0.064375 0.118333
0 0.240313 0.613750 0.051875 0.082500
0 0.194688 0.122917 0.074375 0.089167
0 0.227813 0.805833 0.055625 0.076667
0 0.620625 0.561667 0.085000 0.095000
0 0.557187 0.844583 0.054375 0.074167
0 0.605938 0.765000 0.065625 0.078333
0 0.530000 0.288333 0.057500 0.071667
0 0.936250 0.690417 0.073750 0.114167
0 0.300625 0.913333 0.081250 0.088333
0 0.369375 0.657083 0.073750 0.075833
0 0.521563 0.119167 0.056875 0.078333
0 0.840313 0.665000 0.056875 0.075000
0 0.220938 0.066667 0.059375 0.118333
0 0.851562 0.178750 0.071875 0.075833
0 0.220938 0.889583 0.066875 0.095833
0 0.737500 0.567917 0.048750 0.075833
0 0.671562 0.737500 0.056875 0.065000
0 0.062812 0.377500 0.063125 0.085000
0 0.403750 0.653333 0.066250 0.076667
0 0.710000 0.310833 0.061250 0.083333
0 0.857500 0.260417 0.047500 0.077500
0 0.332813 0.953333 0.056875 0.073333
0 0.575000 0.062917 0.055000 0.104167
0 0.484687 0.053750 0.064375 0.072500
0 0.827500 0.623750 0.060000 0.082500
0 0.068437 0.449167 0.056875 0.065000
1 0.768750 0.867500 0.052500 0.085000
1 0.071250 0.604583 0.080000 0.100833
1 0.942187 0.200000 0.084375 0.118333
1 0.122188 0.750417 0.078125 0.094167
1 0.716562 0.889583 0.064375 0.080833
0 0.034375 0.103750 0.057500 0.077500
0 0.275625 0.401250 0.062500 0.070833
0 0.184688 0.402500 0.055625 0.078333
0 0.107500 0.096250 0.060000 0.074167
0 0.316563 0.230833 0.058125 0.080000
0 0.242188 0.457917 0.055625 0.077500
0 0.836250 0.193333 0.087500 0.086667
0 0.916875 0.120833 0.060000 0.081667
0 0.831250 0.100417 0.051250 0.074167
0 0.694375 0.220417 0.062500 0.074167
0 0.572812 0.096250 0.060625 0.085833
0 0.532188 0.159167 0.053125 0.081667
0 0.607187 0.172083 0.059375 0.074167
0 0.733437 0.278333 0.053125 0.068333
0 0.470938 0.265417 0.073125 0.097500
0 0.353750 0.049583 0.078750 0.075833
0 0.836250 0.405417 0.070000 0.075833
0 0.758437 0.176250 0.068125 0.085833
0 0.205625 0.089583 0.060000 0.075833
0 0.871563 0.445833 0.056875 0.080000
0 0.174375 0.515417 0.071250 0.097500
0 0.087813 0.337917 0.050625 0.085833
0 0.038437 0.518333 0.065625 0.083333
0 0.037187 0.888333 0.060625 0.078333
0 0.798125 0.946667 0.058750 0.073333
0 0.522813 0.839167 0.059375 0.070000
0 0.422812 0.932500 0.068125 0.070000
0 0.583438 0.856667 0.061875 0.080000
0 0.678750 0.861250 0.077500 0.072500
0 0.317188 0.760000 0.054375 0.088333
0 0.468750 0.683750 0.062500 0.079167
0 0.298438 0.512917 0.056875 0.085833
0 0.432188 0.665000 0.064375 0.068333
0 0.348750 0.862917 0.048750 0.079167
0 0.928438 0.868333 0.063125 0.080000
0 0.932813 0.816667 0.063125 0.080000
0 0.637813 0.763750 0.058125 0.072500
0 0.244062 0.827500 0.063125 0.075000
0 0.266562 0.946667 0.078125 0.088333
0 0.506563 0.700000 0.064375 0.085000
0 0.579063 0.738750 0.064375 0.075833
0 0.855938 0.717917 0.056875 0.064167
0 0.914375 0.757500 0.071250 0.093333
0 0.941250 0.942083 0.057500 0.097500
0 0.913438 0.569583 0.064375 0.069167
0 0.917813 0.599167 0.070625 0.081667
0 0.880000 0.701667 0.068750 0.078333
0 0.638437 0.665417 0.068125 0.062500
0 0.532188 0.623750 0.061875 0.092500
0 0.391250 0.546667 0.057500 0.083333
0 0.284062 0.163750 0.063125 0.079167
0 0.497500 0.452500 0.060000 0.093333
0 0.053750 0.414167 0.067500 0.096667
0 0.503437 0.360000 0.073125 0.083333
0 0.731250 0.398333 0.068750 0.080000
0 0.753437 0.422083 0.064375 0.082500
0 0.697812 0.471250 0.061875 0.089167
0 0.678750 0.502083 0.057500 0.097500
0 0.595938 0.480833 0.065625 0.078333
0 0.464375 0.487917 0.060000 0.075833
0 0.703125 0.756250 0.060000 0.080833
0 0.813125 0.122917 0.071250 0.085833
0 0.770000 0.205833 0.066250 0.080000
0 0.779375 0.131667 0.063750 0.076667
0 0.742812 0.141250 0.060625 0.087500
0 0.899687 0.385833 0.065625 0.081667
0 0.886563 0.290417 0.064375 0.082500
0 0.937813 0.306667 0.061875 0.073333
0 0.496563 0.203750 0.066875 0.084167
0 0.503125 0.087917 0.060000 0.084167
0 0.424063 0.114583 0.054375 0.087500
0 0.057813 0.145417 0.069375 0.085833
0 0.574063 0.605833 0.054375 0.068333
0 0.157812 0.931250 0.058125 0.090833
0 0.302187 0.717083 0.070625 0.089167
0 0.600938 0.638333 0.066875 0.080000
0 0.548750 0.695000 0.071250 0.076667
0 0.695625 0.747917 0.048750 0.074167
0 0.082187 0.172917 0.069375 0.087500
0 0.059687 0.250417 0.074375 0.082500
0 0.116250 0.705417 0.058750 0.074167
0 0.172187 0.599583 0.044375 0.072500
0 0.147813 0.677083 0.058125 0.077500
0 0.665625 0.530417 0.077500 0.082500
0 0.965000 0.367500 0.058750 0.083333
0 0.177187 0.111667 0.060625 0.081667
0 0.887188 0.145417 0.076875 0.089167
0 0.047813 0.284583 0.058125 0.070833
