0 0.130938 0.442500 0.056875 0.081667
0 0.276250 0.767500 0.068750 0.090000
0 0.563438 0.779583 0.066875 0.085833
0 0.917188 0.160000 0.058125 0.086667
0 0.070625 0.912500 0.071250 0.093333
0 0.810000 0.210833 0.073750 0.098333
0 0.727187 0.493750 0.065625 0.087500
0 0.459062 0.331667 0.063125 0.078333
0 0.537500 0.277083 0.070000 0.089167
0 0.164375 0.370833 0.072500 0.091667
0 0.181875 0.771667 0.060000 0.083333
0 0.160938 0.204583 0.074375 0.104167
0 0.417500 0.257917 0.070000 0.102500
0 0.110312 0.288333 0.075625 0.093333
0 0.447188 0.820833 0.065625 0.081667
4 0.064687 0.652083 0.074375 0.105833
0 0.108125 0.140833 0.062500 0.080000
0 0.685312 0.719167 0.064375 0.083333
0 0.452188 0.422500 0.069375 0.098333
0 0.791562 0.929167 0.060625 0.081667
0 0.585313 0.655000 0.065625 0.088333
1 0.935625 0.735417 0.073750 0.105833
0 0.934063 0.427917 0.058125 0.070833
0 0.173437 0.664583 0.073125 0.099167
0 0.064062 0.838750 0.059375 0.080833
0 0.470625 0.521250 0.073750 0.079167
0 0.651875 0.232500 0.067500 0.086667
0 0.215000 0.078333 0.062500 0.088333
0 0.348125 0.478750 0.070000 0.097500
0 0.360938 0.178750 0.061875 0.080833
0 0.897188 0.483750 0.060625 0.079167
0 0.262500 0.150000 0.063750 0.075000
0 0.297500 0.075833 0.076250 0.066667
0 0.645312 0.641250 0.061875 0.087500
0 0.564063 0.361250 0.061875 0.077500
0 0.736563 0.262917 0.055625 0.077500
0 0.394375 0.776250 0.073750 0.077500
0 0.404687 0.945833 0.074375 0.081667
0 0.545625 0.059167 0.052500 0.068333
0 0.367188 0.330417 0.059375 0.075833
0 0.415938 0.617917 0.065625 0.089167
0 0.031875 0.189167 0.063750 0.085000
0 0.522188 0.666667 0.056875 0.090000
0 0.368125 0.657083 0.058750 0.075833
0 0.583438 0.431667 0.060625 0.076667
0 0.941562 0.830000 0.060625 0.081667
0 0.845000 0.762083 0.067500 0.097500
0 0.488438 0.071250 0.059375 0.074167
0 0.868125 0.534583 0.053750 0.070833
0 0.130938 0.588750 0.060625 0.074167
0 0.690937 0.593750 0.063125 0.075833
0 0.648750 0.302083 0.058750 0.074167
0 0.396875 0.860000 0.053750 0.085000
0 0.550312 0.154167 0.065625 0.071667
0 0.881875 0.083750 0.066250 0.065833
0 0.312500 0.119583 0.061250 0.069167
0 0.162812 0.526667 0.074375 0.108333
0 0.631563 0.418750 0.053125 0.067500
0 0.309688 0.225833 0.054375 0.061667
0 0.437500 0.600000 0.062500 0.085000
0 0.655312 0.364167 0.066875 0.068333
0 0.376250 0.716250 0.063750 0.057500
0 0.899375 0.796667 0.053750 0.078333
0 0.203750 0.501250 0.050000 0.077500
0 0.516563 0.138750 0.069375 0.080833
0 0.128125 0.657083 0.060000 0.079167
0 0.227500 0.566667 0.058750 0.080000
0 0.485938 0.154167 0.056875 0.070000
0 0.475313 0.263333 0.046875 0.066667
0 0.358438 0.046250 0.039375 0.089167
