0 0.656563 0.530417 0.058125 0.084167
0 0.378750 0.768750 0.063750 0.092500
0 0.320625 0.377500 0.066250 0.093333
0 0.390000 0.617083 0.075000 0.094167
0 0.493125 0.472917 0.058750 0.099167
0 0.455625 0.550417 0.072500 0.079167
0 0.197187 0.106667 0.060625 0.081667
0 0.819375 0.255833 0.063750 0.113333
0 0.152812 0.687083 0.068125 0.095833
0 0.521875 0.647083 0.070000 0.097500
0 0.157188 0.860833 0.068125 0.090000
0 0.859688 0.592917 0.063125 0.099167
0 0.702812 0.190417 0.073125 0.092500
0 0.523750 0.300833 0.065000 0.088333
0 0.253437 0.350000 0.069375 0.086667
0 0.605625 0.454167 0.068750 0.098333
0 0.267813 0.074167 0.066875 0.095000
0 0.724688 0.476667 0.069375 0.101667
0 0.056563 0.847500 0.064375 0.085000
0 0.629062 0.122917 0.068125 0.090833
0 0.396562 0.899167 0.060625 0.098333
0 0.712812 0.772500 0.075625 0.090000
0 0.335625 0.072917 0.067500 0.107500
0 0.951562 0.102083 0.051875 0.079167
0 0.298125 0.739167 0.056250 0.078333
0 0.398438 0.400417 0.066875 0.097500
0 0.136875 0.369167 0.073750 0.100000
0 0.288750 0.892500 0.073750 0.096667
0 0.389688 0.274167 0.069375 0.080000
0 0.145625 0.157500 0.065000 0.100000
0 0.543125 0.556250 0.061250 0.089167
0 0.084687 0.085000 0.065625 0.096667
0 0.269688 0.802917 0.055625 0.080833
0 0.163438 0.566250 0.068125 0.084167
0 0.433125 0.463750 0.067500 0.099167
0 0.085625 0.687917 0.062500 0.080833
0 0.767188 0.582083 0.064375 0.094167
0 0.512813 0.104167 0.068125 0.078333
0 0.558125 0.436250 0.072500 0.099167
0 0.184688 0.507500 0.071875 0.090000
0 0.664375 0.285000 0.063750 0.106667
0 0.300000 0.640000 0.085000 0.078333
0 0.404375 0.090417 0.062500 0.077500
0 0.437188 0.106667 0.055625 0.101667
0 0.805312 0.085833 0.080625 0.081667
0 0.896563 0.935417 0.059375 0.085833
0 0.577812 0.206667 0.058125 0.105000
0 0.821875 0.690833 0.065000 0.113333
1 0.265313 0.499583 0.061875 0.134167
1 0.863125 0.750417 0.075000 0.129167
0 0.479063 0.040000 0.068125 0.070000
2 0.095937 0.232083 0.100625 0.094167
0 0.036250 0.163333 0.067500 0.096667
