0 0.408125 0.865417 0.076250 0.099167
0 0.493125 0.937083 0.070000 0.097500
0 0.583750 0.433333 0.081250 0.091667
0 0.131562 0.059583 0.068125 0.102500
0 0.058125 0.270833 0.060000 0.090000
0 0.625000 0.331250 0.080000 0.104167
0 0.396562 0.194167 0.075625 0.093333
0 0.753750 0.712500 0.077500 0.095000
0 0.142500 0.558750 0.070000 0.100833
0 0.332813 0.054167 0.081875 0.100000
0 0.913438 0.080000 0.073125 0.100000
0 0.688125 0.500000 0.073750 0.096667
0 0.059687 0.759583 0.074375 0.099167
0 0.835938 0.534167 0.073125 0.098333
0 0.365000 0.461250 0.067500 0.092500
0 0.124688 0.170000 0.073125 0.108333
0 0.514687 0.327500 0.078125 0.108333
0 0.689063 0.270417 0.079375 0.097500
0 0.338750 0.380833 0.083750 0.110000
0 0.723125 0.818750 0.077500 0.099167
0 0.548438 0.544167 0.074375 0.101667
0 0.906563 0.787083 0.086875 0.092500
3 0.295312 0.666667 0.100625 0.120000
0 0.909062 0.430000 0.081875 0.106667
0 0.761250 0.107083 0.077500 0.097500
0 0.783438 0.459583 0.074375 0.097500
0 0.270313 0.891250 0.073125 0.099167
0 0.885938 0.157083 0.073125 0.099167
0 0.331562 0.893750 0.068125 0.100833
0 0.607812 0.591667 0.083125 0.106667
0 0.630625 0.907917 0.077500 0.092500
0 0.185938 0.776667 0.070625 0.093333
0 0.176250 0.276250 0.072500 0.099167
0 0.057500 0.417500 0.070000 0.103333
0 0.667813 0.646667 0.075625 0.091667
0 0.853750 0.220833 0.077500 0.101667
0 0.149688 0.945000 0.061875 0.085000
0 0.617188 0.875417 0.070625 0.099167
0 0.366875 0.550417 0.078750 0.097500
0 0.541250 0.670000 0.060000 0.068333
0 0.795000 0.885417 0.075000 0.102500
0 0.937500 0.341667 0.073750 0.110000
0 0.296563 0.758333 0.068125 0.085000
0 0.128750 0.729167 0.061250 0.106667
