0 0.681562 0.502083 0.065625 0.090833
0 0.579063 0.450417 0.080625 0.099167
0 0.145625 0.070417 0.076250 0.095833
0 0.615938 0.097500 0.073125 0.088333
0 0.906875 0.579583 0.072500 0.090833
0 0.500313 0.752917 0.071875 0.099167
0 0.479063 0.857917 0.071875 0.097500
0 0.270625 0.165833 0.073750 0.096667
0 0.534062 0.231250 0.073125 0.092500
0 0.841562 0.411667 0.066875 0.096667
0 0.403125 0.590417 0.058750 0.080833
0 0.789375 0.264583 0.067500 0.082500
0 0.679063 0.705833 0.075625 0.093333
0 0.184688 0.261250 0.060625 0.087500
0 0.622500 0.626250 0.067500 0.092500
0 0.602812 0.908333 0.064375 0.081667
0 0.969063 0.733750 0.059375 0.082500
0 0.795937 0.125000 0.045625 0.073333
1 0.827812 0.195000 0.083125 0.103333
0 0.231875 0.744583 0.062500 0.084167
0 0.442812 0.245417 0.054375 0.082500
0 0.205625 0.537500 0.060000 0.078333
0 0.744687 0.088333 0.073125 0.110000
0 0.126875 0.374167 0.070000 0.081667
0 0.419063 0.885833 0.065625 0.083333
0 0.940000 0.651250 0.056250 0.082500
1 0.767188 0.462500 0.081875 0.095000
0 0.862187 0.941667 0.068125 0.088333
0 0.571250 0.165000 0.058750 0.075000
0 0.970938 0.250000 0.058125 0.098333
0 0.863750 0.842083 0.060000 0.080833
0 0.662813 0.856250 0.070625 0.089167
0 0.916562 0.882917 0.051875 0.092500
0 0.666250 0.792083 0.070000 0.084167
0 0.173750 0.743750 0.076250 0.089167
0 0.705313 0.226667 0.069375 0.095000
0 0.756250 0.175417 0.057500 0.077500
0 0.487187 0.541667 0.058125 0.078333
0 0.437188 0.798333 0.055625 0.073333
0 0.713750 0.287917 0.062500 0.087500
0 0.752812 0.560417 0.061875 0.077500
0 0.790000 0.802500 0.066250 0.090000
0 0.885625 0.672083 0.052500 0.069167
0 0.356875 0.651250 0.068750 0.069167
0 0.516563 0.670417 0.065625 0.064167
0 0.770625 0.319167 0.068750 0.095000
0 0.371875 0.502500 0.066250 0.068333
0 0.486563 0.161250 0.066875 0.074167
0 0.758750 0.405000 0.068750 0.080000
0 0.723125 0.642083 0.072500 0.077500
0 0.123438 0.701667 0.061875 0.070000
0 0.165313 0.439167 0.060625 0.090000
0 0.904687 0.088750 0.059375 0.079167
0 0.964375 0.934583 0.067500 0.092500
0 0.136875 0.295417 0.051250 0.074167
0 0.526875 0.510000 0.053750 0.063333
0 0.357187 0.042917 0.064375 0.079167
0 0.971562 0.451667 0.056875 0.073333
0 0.609688 0.834167 0.046875 0.070000
0 0.755313 0.963750 0.053125 0.070833
0 0.356250 0.728750 0.056250 0.077500
0 0.392813 0.762500 0.044375 0.085000
0 0.132500 0.966250 0.047500 0.060833
0 0.302187 0.235000 0.043125 0.068333
