0 0.060312 0.157500 0.079375 0.090000
0 0.290312 0.056250 0.059375 0.082500
0 0.050000 0.668750 0.063750 0.089167
0 0.264375 0.290417 0.075000 0.094167
0 0.542500 0.381667 0.071250 0.090000
0 0.187188 0.826667 0.075625 0.086667
0 0.869687 0.518750 0.069375 0.080833
0 0.232813 0.640417 0.055625 0.079167
0 0.589063 0.915000 0.061875 0.091667
0 0.759687 0.630417 0.064375 0.085833
0 0.168437 0.172083 0.069375 0.097500
0 0.484375 0.333750 0.063750 0.077500
0 0.916562 0.203333 0.068125 0.093333
0 0.839375 0.614167 0.056250 0.081667
0 0.474375 0.796667 0.078750 0.088333
0 0.631875 0.367083 0.062500 0.082500
0 0.538750 0.295000 0.056250 0.070000
0 0.636875 0.510833 0.062500 0.085000
0 0.309688 0.146667 0.069375 0.088333
0 0.697500 0.200417 0.065000 0.090833
0 0.409062 0.113750 0.076875 0.080833
0 0.488438 0.243750 0.074375 0.092500
0 0.106250 0.393750 0.066250 0.107500
0 0.807813 0.917500 0.063125 0.090000
0 0.822500 0.396667 0.067500 0.103333
0 0.669375 0.572083 0.055000 0.077500
0 0.409375 0.829167 0.062500 0.085000
0 0.499375 0.613333 0.055000 0.076667
0 0.488438 0.161667 0.073125 0.085000
0 0.409375 0.190833 0.071250 0.088333
0 0.260000 0.203750 0.058750 0.080833
0 0.200313 0.708333 0.066875 0.088333
0 0.641250 0.872083 0.071250 0.079167
0 0.347187 0.844167 0.058125 0.071667
0 0.444688 0.597500 0.055625 0.086667
0 0.686562 0.370000 0.056875 0.088333
0 0.889375 0.722083 0.057500 0.075833
0 0.781250 0.793333 0.063750 0.108333
0 0.519062 0.106250 0.071875 0.087500
0 0.546250 0.166667 0.066250 0.083333
0 0.382500 0.530417 0.068750 0.089167
0 0.568125 0.258333 0.061250 0.081667
0 0.747188 0.939583 0.061875 0.084167
0 0.269688 0.485833 0.060625 0.075000
0 0.918125 0.307500 0.073750 0.083333
0 0.822500 0.694583 0.056250 0.055833
0 0.105625 0.897917 0.068750 0.092500
0 0.773438 0.417917 0.061875 0.087500
0 0.573438 0.741667 0.078125 0.103333
0 0.053125 0.569167 0.065000 0.070000
0 0.316875 0.585000 0.071250 0.093333
0 0.770312 0.494583 0.063125 0.072500
0 0.955000 0.780000 0.061250 0.081667
0 0.724063 0.578750 0.055625 0.094167
0 0.871875 0.801250 0.066250 0.082500
0 0.359063 0.895417 0.053125 0.059167
0 0.216562 0.396250 0.048125 0.079167
0 0.367500 0.297500 0.060000 0.086667
0 0.104063 0.676250 0.046875 0.087500
0 0.608437 0.398333 0.059375 0.083333
0 0.351250 0.230417 0.062500 0.077500
0 0.549687 0.847500 0.054375 0.075000
0 0.742500 0.360417 0.055000 0.077500
0 0.607812 0.764583 0.059375 0.084167
0 0.083437 0.831667 0.051875 0.071667
0 0.563438 0.572500 0.056875 0.076667
0 0.409375 0.392500 0.050000 0.081667
0 0.191875 0.300000 0.063750 0.081667
1 0.917188 0.641250 0.096875 0.090833
0 0.823125 0.805417 0.052500 0.075833
0 0.477187 0.543750 0.064375 0.069167
3 0.215625 0.544583 0.097500 0.100833
0 0.373125 0.949167 0.053750 0.073333
6 0.236250 0.744167 0.083750 0.130000
0 0.174687 0.395417 0.064375 0.100833
0 0.138750 0.875833 0.046250 0.080000
0 0.353438 0.551250 0.061875 0.077500
0 0.428125 0.911250 0.063750 0.074167
0 0.448437 0.938750 0.060625 0.082500
1 0.862187 0.884583 0.095625 0.084167
0 0.946562 0.725833 0.061875 0.071667
0 0.883750 0.290000 0.066250 0.068333
0 0.924063 0.387917 0.060625 0.069167
0 0.848750 0.369167 0.055000 0.108333
0 0.889062 0.370000 0.058125 0.076667
0 0.485312 0.490000 0.069375 0.066667
0 0.584063 0.781250 0.063125 0.079167
