0 0.849688 0.649167 0.063125 0.093333
0 0.150000 0.892917 0.061250 0.089167
0 0.289687 0.648333 0.081875 0.096667
0 0.679375 0.560417 0.060000 0.082500
0 0.279687 0.437500 0.064375 0.091667
0 0.833438 0.096667 0.078125 0.105000
0 0.420312 0.352083 0.068125 0.099167
0 0.949688 0.829583 0.069375 0.085833
0 0.103438 0.320833 0.070625 0.091667
0 0.759062 0.902500 0.063125 0.096667
0 0.643125 0.870417 0.058750 0.092500
0 0.687813 0.196250 0.068125 0.077500
0 0.678438 0.122500 0.064375 0.078333
0 0.800000 0.363750 0.068750 0.085833
0 0.558125 0.351667 0.052500 0.081667
0 0.471562 0.430000 0.063125 0.081667
0 0.961250 0.336667 0.061250 0.081667
0 0.530625 0.602083 0.071250 0.090833
0 0.923125 0.278333 0.068750 0.083333
0 0.937187 0.702917 0.058125 0.082500
0 0.605000 0.220000 0.060000 0.095000
1 0.099062 0.180833 0.081875 0.103333
0 0.282187 0.105417 0.071875 0.092500
0 0.501875 0.723333 0.061250 0.088333
0 0.140937 0.606667 0.069375 0.081667
0 0.504375 0.167083 0.052500 0.082500
0 0.606875 0.331667 0.071250 0.086667
0 0.190000 0.266667 0.061250 0.070000
0 0.618125 0.570833 0.067500 0.090000
0 0.050313 0.061250 0.060625 0.074167
0 0.915000 0.777917 0.067500 0.085833
0 0.459688 0.872083 0.063125 0.087500
0 0.091563 0.929167 0.063125 0.096667
0 0.070312 0.859583 0.061875 0.077500
0 0.270937 0.554583 0.058125 0.077500
0 0.700625 0.887083 0.055000 0.079167
0 0.863750 0.813750 0.065000 0.092500
0 0.358438 0.309167 0.058125 0.081667
0 0.822500 0.918750 0.065000 0.074167
0 0.630313 0.448750 0.063125 0.080833
0 0.258125 0.874583 0.063750 0.074167
0 0.505000 0.922917 0.062500 0.084167
0 0.538125 0.049167 0.063750 0.093333
0 0.092500 0.787500 0.058750 0.068333
0 0.335313 0.156250 0.064375 0.079167
0 0.433437 0.926667 0.059375 0.078333
0 0.208437 0.347917 0.066875 0.092500
0 0.939375 0.051667 0.075000 0.095000
0 0.642188 0.140833 0.065625 0.075000
0 0.636250 0.786667 0.050000 0.068333
6 0.348750 0.860417 0.095000 0.095833
0 0.586250 0.885417 0.053750 0.072500
0 0.655937 0.646667 0.075625 0.071667
0 0.176563 0.192500 0.063125 0.075000
0 0.611250 0.507500 0.083750 0.071667
0 0.099375 0.541667 0.062500 0.100000
0 0.622188 0.722500 0.063125 0.078333
0 0.254375 0.955000 0.060000 0.068333
0 0.894687 0.375000 0.054375 0.066667
0 0.823750 0.219167 0.055000 0.066667
0 0.165937 0.328750 0.055625 0.082500
0 0.242812 0.294167 0.049375 0.088333
0 0.964688 0.641667 0.069375 0.090000
0 0.057188 0.935417 0.068125 0.082500
0 0.335313 0.942083 0.065625 0.080833
0 0.366875 0.930000 0.072500 0.103333
0 0.671875 0.762917 0.051250 0.059167
0 0.661875 0.680000 0.057500 0.070000
0 0.927813 0.243750 0.063125 0.082500
0 0.959688 0.570833 0.050625 0.063333
0 0.861563 0.964167 0.059375 0.071667
0 0.970313 0.437083 0.056875 0.079167
