0 0.708125 0.796250 0.067500 0.087500
0 0.513125 0.135000 0.076250 0.096667
0 0.814375 0.800000 0.076250 0.093333
0 0.954063 0.057500 0.070625 0.081667
0 0.918125 0.719583 0.065000 0.079167
0 0.865000 0.592083 0.068750 0.090833
0 0.890625 0.660833 0.061250 0.070000
0 0.468438 0.054167 0.078125 0.095000
0 0.415938 0.226250 0.078125 0.104167
0 0.814063 0.508333 0.073125 0.108333
0 0.810937 0.413333 0.073125 0.093333
0 0.608125 0.181667 0.080000 0.115000
0 0.740000 0.465833 0.075000 0.095000
0 0.533438 0.890417 0.069375 0.097500
0 0.314688 0.077500 0.078125 0.110000
0 0.875625 0.869167 0.072500 0.100000
0 0.934375 0.361667 0.073750 0.100000
0 0.374375 0.326667 0.080000 0.113333
0 0.222812 0.396667 0.073125 0.103333
0 0.739375 0.713750 0.076250 0.104167
0 0.804688 0.677500 0.066875 0.091667
0 0.665937 0.469167 0.076875 0.108333
0 0.825313 0.699583 0.076875 0.105833
0 0.800937 0.318333 0.071875 0.098333
0 0.480938 0.254167 0.060625 0.091667
0 0.315000 0.197500 0.063750 0.088333
0 0.788438 0.893333 0.071875 0.091667
0 0.684063 0.568750 0.075625 0.109167
0 0.864062 0.356250 0.074375 0.102500
0 0.153125 0.516667 0.078750 0.113333
0 0.125625 0.348750 0.075000 0.097500
0 0.673750 0.881250 0.078750 0.092500
0 0.887500 0.134167 0.067500 0.091667
0 0.679688 0.157083 0.070625 0.100833
0 0.936875 0.434583 0.058750 0.079167
0 0.237813 0.892917 0.073125 0.090833
0 0.454688 0.379583 0.073125 0.099167
0 0.586875 0.853750 0.077500 0.100833
0 0.478125 0.322917 0.072500 0.090833
0 0.115000 0.703333 0.073750 0.106667
0 0.215938 0.158333 0.081875 0.105000
0 0.231563 0.579167 0.073125 0.095000
0 0.239063 0.744583 0.070625 0.110833
0 0.427812 0.904583 0.064375 0.065833
0 0.432188 0.171250 0.069375 0.112500
0 0.322813 0.420833 0.059375 0.098333
0 0.728750 0.276667 0.067500 0.103333
0 0.416563 0.376667 0.073125 0.096667
0 0.254063 0.484167 0.070625 0.086667
1 0.148750 0.795000 0.076250 0.101667
0 0.631563 0.734167 0.075625 0.095000
0 0.923125 0.570833 0.051250 0.075000
0 0.050937 0.739583 0.070625 0.104167
0 0.253437 0.670417 0.070625 0.097500
0 0.822812 0.223750 0.070625 0.100833
0 0.178437 0.450417 0.061875 0.077500
0 0.880313 0.229583 0.051875 0.077500
1 0.783750 0.225417 0.075000 0.119167
1 0.267813 0.161250 0.068125 0.134167
1 0.405313 0.490833 0.110625 0.116667
0 0.335938 0.262500 0.068125 0.068333
0 0.832187 0.093333 0.069375 0.081667
0 0.796875 0.106667 0.061250 0.100000
0 0.770312 0.123750 0.059375 0.092500
0 0.734688 0.122083 0.058125 0.107500
0 0.660625 0.334583 0.055000 0.079167
0 0.618750 0.815833 0.073750 0.086667
0 0.635938 0.894583 0.061875 0.077500
0 0.664375 0.780833 0.073750 0.085000
0 0.568750 0.280833 0.061250 0.085000
0 0.632188 0.270000 0.069375 0.083333
0 0.698750 0.267083 0.063750 0.089167
0 0.655000 0.246667 0.061250 0.085000
0 0.358438 0.165417 0.056875 0.077500
0 0.861250 0.895417 0.067500 0.090833
0 0.298750 0.420833 0.073750 0.098333
0 0.601562 0.252917 0.059375 0.092500
0 0.115625 0.603333 0.055000 0.108333
