0 0.063437 0.073750 0.064375 0.095833
0 0.612187 0.137500 0.066875 0.096667
0 0.394375 0.165417 0.062500 0.107500
0 0.110000 0.775417 0.068750 0.084167
0 0.331875 0.110000 0.061250 0.096667
0 0.577812 0.913750 0.066875 0.107500
0 0.222188 0.913333 0.053125 0.093333
0 0.062500 0.574583 0.065000 0.079167
0 0.159375 0.881250 0.070000 0.077500
0 0.772188 0.380000 0.073125 0.093333
0 0.287813 0.227917 0.059375 0.089167
0 0.304375 0.897083 0.055000 0.095833
0 0.374063 0.898750 0.076875 0.100833
0 0.646875 0.861250 0.066250 0.092500
0 0.551562 0.566667 0.060625 0.090000
0 0.294063 0.657500 0.056875 0.075000
0 0.388125 0.520417 0.072500 0.107500
0 0.838125 0.793750 0.063750 0.067500
0 0.621563 0.472083 0.075625 0.102500
0 0.423750 0.688333 0.072500 0.081667
0 0.586250 0.302083 0.068750 0.099167
0 0.521563 0.427917 0.068125 0.074167
0 0.688750 0.673333 0.068750 0.093333
0 0.408438 0.320833 0.063125 0.075000
0 0.660000 0.780000 0.065000 0.081667
0 0.158750 0.588750 0.057500 0.084167
0 0.670000 0.213333 0.075000 0.088333
0 0.817500 0.915417 0.067500 0.087500
0 0.927813 0.622917 0.066875 0.090833
0 0.830313 0.128750 0.065625 0.090833
0 0.682187 0.294167 0.058125 0.078333
0 0.460938 0.244583 0.064375 0.085833
0 0.959688 0.925833 0.073125 0.076667
0 0.457813 0.421250 0.066875 0.087500
0 0.414687 0.048333 0.063125 0.090000
0 0.712812 0.858750 0.075625 0.099167
0 0.344375 0.728333 0.065000 0.093333
0 0.891250 0.802083 0.061250 0.097500
0 0.873437 0.708750 0.059375 0.100833
0 0.590313 0.807083 0.071875 0.089167
0 0.828438 0.832500 0.074375 0.075000
0 0.916562 0.461250 0.064375 0.084167
0 0.510625 0.606250 0.067500 0.097500
0 0.559063 0.692917 0.050625 0.094167
0 0.870000 0.526667 0.075000 0.066667
0 0.074063 0.696250 0.063125 0.085833
0 0.251875 0.141250 0.068750 0.104167
0 0.868437 0.902083 0.074375 0.095833
0 0.165313 0.446667 0.058125 0.076667
0 0.472187 0.334167 0.063125 0.073333
0 0.483438 0.756667 0.073125 0.090000
0 0.328437 0.286667 0.049375 0.108333
0 0.619375 0.662917 0.061250 0.080833
0 0.615000 0.575417 0.055000 0.087500
0 0.599063 0.398750 0.073125 0.084167
0 0.161875 0.229167 0.061250 0.088333
0 0.228750 0.182500 0.071250 0.091667
0 0.171250 0.640000 0.060000 0.091667
0 0.239687 0.715833 0.076875 0.100000
0 0.958125 0.834167 0.073750 0.091667
0 0.615938 0.725000 0.065625 0.086667
0 0.341562 0.048750 0.066875 0.090833
0 0.699375 0.171667 0.066250 0.093333
0 0.075000 0.412083 0.061250 0.094167
0 0.407187 0.588333 0.079375 0.095000
0 0.282187 0.048333 0.059375 0.081667
0 0.512500 0.311250 0.071250 0.094167
0 0.401562 0.791250 0.056875 0.077500
0 0.490312 0.157083 0.085625 0.095833
0 0.293438 0.807917 0.068125 0.087500
0 0.700313 0.569583 0.074375 0.090833
0 0.966875 0.317500 0.065000 0.095000
0 0.756563 0.102083 0.066875 0.085833
0 0.095312 0.904167 0.064375 0.068333
0 0.298750 0.459167 0.056250 0.083333
0 0.904375 0.361667 0.057500 0.080000
0 0.224062 0.587500 0.065625 0.078333
0 0.042813 0.457083 0.069375 0.077500
0 0.578750 0.209583 0.062500 0.092500
0 0.723750 0.271667 0.067500 0.081667
0 0.601562 0.044167 0.070625 0.088333
0 0.292812 0.402083 0.065625 0.075833
0 0.211875 0.369167 0.063750 0.086667
0 0.656250 0.375833 0.068750 0.093333
0 0.688125 0.091667 0.061250 0.080000
0 0.935937 0.049583 0.078125 0.099167
0 0.448125 0.894167 0.061250 0.085000
0 0.046250 0.828333 0.061250 0.076667
0 0.100000 0.222917 0.062500 0.072500
0 0.096562 0.487083 0.055625 0.074167
0 0.550000 0.471667 0.075000 0.078333
0 0.204375 0.456667 0.057500 0.080000
0 0.485312 0.913750 0.063125 0.075833
0 0.280000 0.855000 0.067500 0.103333
0 0.925937 0.781667 0.063125 0.086667
0 0.803750 0.712500 0.067500 0.086667
0 0.676562 0.468333 0.055625 0.076667
0 0.800312 0.233333 0.061875 0.085000
0 0.865313 0.395833 0.064375 0.116667
0 0.179688 0.668333 0.055625 0.088333
0 0.247812 0.558750 0.064375 0.089167
0 0.333750 0.469583 0.052500 0.077500
0 0.287187 0.535000 0.068125 0.083333
0 0.301250 0.500417 0.071250 0.085833
0 0.209063 0.478333 0.073125 0.080000
0 0.436875 0.589583 0.060000 0.074167
0 0.867188 0.287500 0.063125 0.083333
0 0.055625 0.311667 0.073750 0.081667
0 0.122188 0.167083 0.061875 0.085833
0 0.087813 0.317083 0.064375 0.089167
0 0.444375 0.670417 0.071250 0.075833
0 0.374063 0.712083 0.065625 0.087500
0 0.477187 0.633333 0.068125 0.090000
0 0.826562 0.601667 0.066875 0.068333
0 0.719375 0.831667 0.078750 0.081667
0 0.510000 0.807500 0.057500 0.076667
0 0.419063 0.895833 0.066875 0.093333
0 0.536563 0.815833 0.064375 0.078333
0 0.439375 0.842083 0.063750 0.090833
0 0.481563 0.813333 0.063125 0.080000
0 0.577187 0.824583 0.056875 0.084167
0 0.562813 0.847500 0.054375 0.076667
0 0.344062 0.829583 0.065625 0.070833
0 0.175000 0.928750 0.078750 0.100833
0 0.353438 0.285833 0.066875 0.083333
0 0.422187 0.229583 0.073125 0.100833
0 0.352187 0.245000 0.073125 0.090000
0 0.436875 0.280000 0.068750 0.091667
0 0.390625 0.321667 0.061250 0.080000
0 0.523438 0.394167 0.066875 0.080000
0 0.572812 0.657917 0.068125 0.089167
0 0.660000 0.660000 0.062500 0.085000
0 0.742812 0.658750 0.060625 0.084167
0 0.649062 0.245833 0.066875 0.083333
0 0.742500 0.236250 0.060000 0.087500
0 0.778750 0.329167 0.060000 0.091667
0 0.775625 0.070833 0.057500 0.080000
0 0.536250 0.334583 0.067500 0.085833
0 0.881563 0.255000 0.065625 0.091667
0 0.690625 0.133333 0.070000 0.080000
0 0.713437 0.097083 0.064375 0.084167
0 0.754375 0.143750 0.053750 0.070833
0 0.899375 0.132083 0.061250 0.100833
0 0.889375 0.220833 0.070000 0.083333
0 0.964688 0.543750 0.064375 0.074167
0 0.935625 0.696667 0.048750 0.080000
0 0.833750 0.580000 0.072500 0.085000
0 0.757812 0.754583 0.064375 0.084167
0 0.782813 0.913333 0.059375 0.078333
0 0.680000 0.918333 0.057500 0.083333
0 0.785625 0.745000 0.057500 0.068333
0 0.734375 0.780417 0.073750 0.085833
0 0.655625 0.825833 0.060000 0.078333
0 0.291563 0.950417 0.056875 0.080833
0 0.100000 0.718333 0.066250 0.080000
0 0.065000 0.876250 0.065000 0.087500
0 0.178437 0.550417 0.074375 0.079167
0 0.160000 0.508750 0.060000 0.072500
0 0.144375 0.326667 0.053750 0.096667
0 0.190938 0.328750 0.066875 0.077500
0 0.685625 0.516250 0.060000 0.095833
0 0.159062 0.400417 0.055625 0.072500
0 0.303438 0.374583 0.058125 0.070833
0 0.277813 0.360000 0.066875 0.071667
0 0.245000 0.278333 0.065000 0.080000
0 0.257500 0.321667 0.070000 0.083333
0 0.220000 0.227500 0.057500 0.085000
0 0.148438 0.388333 0.063125 0.091667
0 0.097187 0.448333 0.076875 0.081667
0 0.724688 0.586667 0.055625 0.083333
0 0.645000 0.587500 0.067500 0.090000
0 0.550000 0.520833 0.066250 0.078333
0 0.421563 0.601250 0.056875 0.070833
0 0.727187 0.534583 0.076875 0.070833
0 0.876563 0.660000 0.053125 0.066667
0 0.825313 0.754167 0.074375 0.066667
0 0.751563 0.927917 0.056875 0.102500
0 0.513750 0.950000 0.070000 0.093333
0 0.521250 0.157083 0.071250 0.085833
0 0.552188 0.193333 0.055625 0.075000
0 0.571562 0.247917 0.065625 0.087500
0 0.918125 0.428333 0.070000 0.091667
0 0.746563 0.283750 0.058125 0.072500
0 0.521250 0.190833 0.062500 0.080000
0 0.248125 0.048333 0.061250 0.081667
0 0.860938 0.054167 0.064375 0.085000
0 0.437188 0.376250 0.068125 0.070833
0 0.843437 0.393333 0.073125 0.086667
0 0.855625 0.605833 0.062500 0.098333
0 0.916250 0.643750 0.067500 0.072500
0 0.026562 0.503750 0.053125 0.085833
0 0.031250 0.205833 0.060000 0.083333
