0 0.590938 0.586667 0.083125 0.110000
0 0.055000 0.444167 0.077500 0.091667
0 0.909062 0.436250 0.081875 0.114167
0 0.249062 0.368750 0.083125 0.102500
0 0.481875 0.352917 0.077500 0.104167
0 0.385625 0.355000 0.073750 0.095000
0 0.910625 0.753750 0.085000 0.090833
0 0.587187 0.394167 0.078125 0.103333
0 0.587187 0.116250 0.076875 0.095833
0 0.775625 0.674167 0.067500 0.088333
0 0.062812 0.142083 0.076875 0.099167
0 0.480625 0.842500 0.068750 0.088333
0 0.515312 0.476667 0.080625 0.101667
0 0.833125 0.522917 0.081250 0.109167
0 0.219375 0.887917 0.072500 0.104167
0 0.861250 0.783750 0.072500 0.095833
0 0.874062 0.134583 0.078125 0.104167
0 0.588750 0.874583 0.076250 0.109167
0 0.540937 0.783750 0.083125 0.114167
0 0.684063 0.717083 0.065625 0.084167
0 0.337500 0.670000 0.085000 0.096667
0 0.382188 0.472917 0.081875 0.090833
0 0.183125 0.192500 0.076250 0.106667
0 0.802813 0.393750 0.078125 0.107500
0 0.688750 0.822917 0.073750 0.102500
0 0.153438 0.673750 0.074375 0.100833
0 0.343750 0.303750 0.070000 0.105833
0 0.431875 0.553750 0.082500 0.109167
0 0.479375 0.161667 0.076250 0.100000
0 0.812500 0.940833 0.065000 0.081667
0 0.942500 0.532917 0.078750 0.090833
0 0.246875 0.265417 0.077500 0.104167
0 0.160000 0.926250 0.077500 0.107500
0 0.085938 0.276250 0.096875 0.090833
0 0.513125 0.588750 0.070000 0.107500
0 0.757812 0.815417 0.069375 0.107500
0 0.181875 0.499167 0.075000 0.098333
0 0.306563 0.089167 0.081875 0.088333
0 0.074375 0.852500 0.078750 0.105000
0 0.687500 0.614583 0.077500 0.099167
0 0.324062 0.408750 0.070625 0.105833
0 0.361875 0.935833 0.071250 0.083333
0 0.778750 0.879167 0.072500 0.091667
0 0.117500 0.070833 0.071250 0.105000
0 0.852187 0.682917 0.076875 0.095833
0 0.384688 0.075000 0.080625 0.080000
0 0.090625 0.569167 0.075000 0.118333
0 0.926562 0.815833 0.080625 0.088333
0 0.885938 0.628750 0.076875 0.094167
0 0.926562 0.055000 0.079375 0.100000
0 0.864062 0.880833 0.078125 0.095000
0 0.232500 0.077500 0.061250 0.095000
0 0.711875 0.087917 0.073750 0.100833
0 0.945937 0.317917 0.076875 0.092500
0 0.255625 0.166667 0.075000 0.110000
0 0.666250 0.938750 0.063750 0.104167
5 0.226562 0.583333 0.100625 0.133333
0 0.664687 0.350833 0.066875 0.096667
0 0.640625 0.243750 0.091250 0.107500
0 0.892813 0.330833 0.065625 0.095000
0 0.653438 0.050000 0.065625 0.088333
0 0.260937 0.796667 0.069375 0.091667
0 0.359375 0.211667 0.062500 0.096667
0 0.710313 0.231250 0.065625 0.104167
0 0.310625 0.754583 0.070000 0.094167
0 0.234063 0.800000 0.069375 0.090000
0 0.330000 0.792083 0.056250 0.074167
0 0.869062 0.337917 0.068125 0.094167
0 0.610938 0.942917 0.068125 0.097500
0 0.661250 0.381667 0.076250 0.086667
0 0.630000 0.926667 0.070000 0.100000
0 0.139375 0.078750 0.076250 0.100833
0 0.654687 0.135833 0.068125 0.105000
0 0.835313 0.712083 0.076875 0.085833
