0 0.442812 0.698750 0.064375 0.089167
0 0.469375 0.884583 0.068750 0.084167
0 0.281250 0.237083 0.077500 0.099167
0 0.900937 0.913333 0.068125 0.085000
0 0.670000 0.250000 0.067500 0.095000
0 0.137500 0.740417 0.062500 0.087500
0 0.150312 0.342083 0.063125 0.099167
0 0.848750 0.297500 0.067500 0.090000
0 0.403750 0.511250 0.068750 0.089167
0 0.261875 0.523750 0.072500 0.087500
0 0.246562 0.052917 0.061875 0.085833
0 0.641563 0.060833 0.069375 0.090000
0 0.354687 0.621250 0.069375 0.087500
0 0.183125 0.407083 0.071250 0.080833
0 0.222812 0.751667 0.061875 0.083333
0 0.602187 0.475000 0.060625 0.075000
0 0.543750 0.359167 0.062500 0.081667
0 0.465313 0.299167 0.060625 0.091667
0 0.699375 0.640833 0.075000 0.096667
0 0.789687 0.655417 0.066875 0.080833
0 0.313125 0.155833 0.067500 0.085000
0 0.477500 0.590417 0.062500 0.077500
0 0.377188 0.723333 0.071875 0.081667
0 0.954063 0.237917 0.064375 0.089167
0 0.276562 0.654583 0.064375 0.094167
0 0.953750 0.493333 0.061250 0.090000
0 0.881250 0.092917 0.068750 0.085833
0 0.899062 0.719167 0.051875 0.086667
0 0.156562 0.055000 0.060625 0.086667
0 0.335000 0.328750 0.067500 0.085833
1 0.702500 0.166250 0.087500 0.112500
0 0.769375 0.290000 0.068750 0.081667
0 0.844688 0.859167 0.064375 0.086667
0 0.585000 0.526250 0.067500 0.077500
1 0.645625 0.569583 0.072500 0.104167
0 0.875625 0.221250 0.055000 0.065833
0 0.075313 0.592083 0.059375 0.080833
0 0.050000 0.673333 0.072500 0.070000
0 0.631250 0.897500 0.083750 0.086667
0 0.094687 0.373750 0.079375 0.087500
0 0.925625 0.185000 0.061250 0.085000
0 0.611875 0.404583 0.056250 0.079167
0 0.500938 0.163333 0.066875 0.076667
0 0.780000 0.723333 0.060000 0.076667
0 0.489687 0.089167 0.046875 0.071667
0 0.953438 0.723750 0.044375 0.085833
0 0.811250 0.140833 0.061250 0.073333
6 0.526875 0.623750 0.093750 0.094167
0 0.540000 0.446250 0.060000 0.077500
0 0.928750 0.668333 0.050000 0.085000
0 0.540625 0.119167 0.053750 0.063333
1 0.577500 0.164583 0.077500 0.105833
0 0.396875 0.105833 0.060000 0.090000
0 0.058750 0.568333 0.067500 0.091667
0 0.075938 0.461250 0.075625 0.102500
0 0.772813 0.808333 0.054375 0.086667
3 0.926250 0.445833 0.085000 0.135000
0 0.704375 0.381667 0.053750 0.068333
0 0.735000 0.285000 0.063750 0.091667
0 0.940937 0.865833 0.050625 0.073333
0 0.737187 0.824167 0.064375 0.091667
0 0.733750 0.370833 0.063750 0.061667
3 0.604062 0.859167 0.109375 0.123333
0 0.771563 0.869167 0.083125 0.075000
