0 0.910312 0.223333 0.075625 0.100000
0 0.580625 0.463333 0.081250 0.096667
0 0.680000 0.490417 0.077500 0.107500
0 0.281875 0.176667 0.087500 0.111667
0 0.648750 0.351667 0.070000 0.096667
0 0.122500 0.684167 0.083750 0.101667
0 0.606875 0.724583 0.075000 0.095833
0 0.711875 0.732500 0.078750 0.106667
0 0.676562 0.608750 0.075625 0.099167
0 0.317812 0.580833 0.083125 0.106667
0 0.784062 0.905833 0.068125 0.095000
0 0.071250 0.058750 0.087500 0.104167
0 0.664375 0.187917 0.072500 0.102500
0 0.575937 0.847083 0.078125 0.094167
0 0.354063 0.954583 0.074375 0.080833
0 0.175937 0.757500 0.064375 0.083333
0 0.886875 0.609583 0.073750 0.095833
0 0.526875 0.764167 0.078750 0.111667
0 0.268125 0.790833 0.075000 0.111667
0 0.111250 0.191250 0.078750 0.105833
0 0.104375 0.101250 0.081250 0.100833
0 0.928750 0.105417 0.070000 0.102500
0 0.856875 0.507083 0.075000 0.099167
0 0.833750 0.899167 0.052500 0.083333
0 0.250937 0.436250 0.076875 0.105833
0 0.880313 0.801667 0.088125 0.086667
0 0.433437 0.505833 0.065625 0.110000
0 0.173750 0.597083 0.083750 0.087500
0 0.226562 0.241250 0.070625 0.097500
0 0.625313 0.254583 0.084375 0.097500
0 0.346250 0.373333 0.086250 0.105000
0 0.182812 0.408333 0.078125 0.111667
0 0.468125 0.772917 0.073750 0.094167
0 0.562187 0.209583 0.074375 0.102500
0 0.805000 0.090417 0.083750 0.100833
0 0.634062 0.908333 0.068125 0.098333
0 0.890000 0.704167 0.076250 0.090000
0 0.045000 0.392917 0.082500 0.112500
0 0.094687 0.849583 0.079375 0.102500
0 0.475313 0.919583 0.098125 0.102500
0 0.318750 0.429167 0.057500 0.090000
3 0.375937 0.472917 0.080625 0.119167
0 0.320937 0.920833 0.070625 0.105000
0 0.345313 0.795417 0.079375 0.097500
0 0.813125 0.589583 0.071250 0.112500
0 0.494063 0.307500 0.076875 0.098333
0 0.420938 0.356250 0.065625 0.102500
0 0.418438 0.294167 0.081875 0.106667
0 0.766875 0.665000 0.087500 0.091667
0 0.346562 0.740000 0.069375 0.123333
