0 0.450937 0.829583 0.066875 0.090833
0 0.668750 0.387083 0.066250 0.102500
0 0.725313 0.691250 0.069375 0.082500
0 0.069687 0.800833 0.070625 0.091667
1 0.589688 0.222500 0.074375 0.108333
0 0.350625 0.249167 0.067500 0.085000
1 0.947500 0.250417 0.073750 0.092500
0 0.508750 0.385000 0.063750 0.075000
0 0.229063 0.586667 0.059375 0.075000
0 0.089375 0.104167 0.063750 0.096667
0 0.401250 0.310417 0.062500 0.079167
0 0.494063 0.668750 0.068125 0.075833
0 0.952187 0.839583 0.060625 0.069167
0 0.638437 0.049583 0.074375 0.092500
0 0.684375 0.186667 0.072500 0.088333
0 0.415312 0.671250 0.070625 0.090833
0 0.129062 0.705833 0.071875 0.085000
0 0.868750 0.548333 0.057500 0.071667
0 0.288750 0.155000 0.062500 0.081667
0 0.406250 0.051250 0.063750 0.097500
0 0.745000 0.782917 0.061250 0.082500
0 0.404687 0.488750 0.064375 0.084167
0 0.290625 0.726667 0.063750 0.076667
0 0.330625 0.394583 0.058750 0.079167
0 0.745313 0.538333 0.058125 0.070000
0 0.809375 0.509167 0.077500 0.076667
0 0.205000 0.282500 0.063750 0.105000
0 0.856563 0.355417 0.069375 0.065833
0 0.548438 0.539167 0.064375 0.063333
0 0.775937 0.147917 0.063125 0.080833
0 0.883750 0.442083 0.067500 0.084167
0 0.593437 0.612917 0.063125 0.082500
0 0.578125 0.752917 0.071250 0.087500
0 0.663125 0.297917 0.056250 0.082500
0 0.221875 0.109167 0.053750 0.065000
0 0.153750 0.920833 0.057500 0.073333
0 0.355938 0.898750 0.071875 0.092500
0 0.526250 0.077917 0.057500 0.072500
0 0.244375 0.672917 0.062500 0.082500
0 0.211875 0.839167 0.050000 0.071667
0 0.131250 0.851667 0.057500 0.073333
0 0.766875 0.418333 0.060000 0.080000
0 0.757500 0.041250 0.066250 0.070833
0 0.667813 0.579583 0.059375 0.079167
0 0.487500 0.291667 0.060000 0.086667
0 0.792813 0.682083 0.066875 0.087500
0 0.388125 0.392500 0.058750 0.075000
0 0.950313 0.702500 0.061875 0.068333
0 0.089063 0.296250 0.069375 0.084167
0 0.408750 0.954167 0.051250 0.080000
0 0.127812 0.237917 0.073125 0.092500
0 0.353438 0.621250 0.059375 0.087500
0 0.944688 0.104167 0.061875 0.068333
0 0.462813 0.739583 0.066875 0.085833
0 0.131250 0.790000 0.057500 0.076667
0 0.064687 0.297083 0.059375 0.074167
0 0.796562 0.729583 0.060625 0.085833
0 0.914687 0.645000 0.060625 0.075000
0 0.037500 0.163750 0.070000 0.095833
0 0.346562 0.702083 0.058125 0.069167
0 0.839375 0.939583 0.056250 0.070833
0 0.380937 0.125833 0.084375 0.090000
0 0.885938 0.748333 0.049375 0.068333
0 0.876875 0.259583 0.067500 0.077500
0 0.910625 0.602083 0.062500 0.070833
0 0.779062 0.115417 0.060625 0.077500
1 0.812187 0.846250 0.074375 0.122500
0 0.720938 0.857917 0.051875 0.079167
0 0.759062 0.810000 0.060625 0.100000
0 0.835938 0.192917 0.049375 0.069167
0 0.857500 0.802083 0.056250 0.065833
0 0.898750 0.923333 0.070000 0.075000
0 0.544375 0.898333 0.051250 0.075000
0 0.960000 0.915000 0.066250 0.070000
0 0.271562 0.962083 0.078125 0.069167
0 0.436875 0.072917 0.070000 0.077500
0 0.838750 0.409583 0.061250 0.080833
0 0.733437 0.318333 0.055625 0.066667
0 0.256563 0.326250 0.053125 0.082500
0 0.375625 0.521250 0.057500 0.072500
0 0.545937 0.305417 0.059375 0.092500
0 0.405313 0.580417 0.051875 0.065833
0 0.969063 0.577083 0.054375 0.072500
0 0.553750 0.355833 0.062500 0.073333
0 0.515312 0.777083 0.049375 0.065833
0 0.876250 0.867083 0.056250 0.057500
0 0.790312 0.605833 0.091875 0.078333
0 0.756250 0.567500 0.052500 0.066667
0 0.806562 0.427917 0.048125 0.107500
0 0.966875 0.426250 0.066250 0.082500
0 0.425000 0.733333 0.068750 0.073333
0 0.814063 0.755417 0.060625 0.074167
0 0.860313 0.323750 0.061875 0.084167
