0 0.199687 0.365000 0.058125 0.085000
0 0.950000 0.599167 0.065000 0.088333
0 0.577500 0.296667 0.071250 0.090000
0 0.272500 0.857083 0.080000 0.095833
0 0.810625 0.467500 0.061250 0.076667
0 0.105000 0.751667 0.071250 0.093333
0 0.576562 0.621667 0.073125 0.091667
0 0.890938 0.647083 0.064375 0.084167
0 0.162500 0.933750 0.068750 0.092500
0 0.486875 0.749583 0.047500 0.064167
0 0.753437 0.734583 0.074375 0.097500
0 0.342187 0.672917 0.061875 0.082500
0 0.909062 0.153333 0.061875 0.083333
1 0.190000 0.633333 0.078750 0.111667
0 0.056563 0.367500 0.081875 0.091667
0 0.710313 0.430833 0.059375 0.078333
0 0.749062 0.860833 0.068125 0.081667
0 0.687187 0.951250 0.065625 0.084167
0 0.449062 0.875833 0.056875 0.073333
0 0.518125 0.480417 0.063750 0.077500
0 0.541875 0.086250 0.065000 0.080833
0 0.265000 0.158333 0.060000 0.073333
0 0.830937 0.836667 0.058125 0.083333
0 0.515625 0.671250 0.060000 0.080833
0 0.584063 0.879583 0.061875 0.079167
0 0.577187 0.206250 0.064375 0.075833
0 0.376250 0.242500 0.063750 0.081667
0 0.409375 0.803333 0.073750 0.088333
0 0.136250 0.264167 0.068750 0.096667
0 0.938438 0.238333 0.066875 0.086667
0 0.910000 0.840000 0.065000 0.086667
0 0.950625 0.320833 0.063750 0.090000
0 0.662188 0.490000 0.070625 0.091667
0 0.454062 0.236250 0.070625 0.077500
0 0.672188 0.582500 0.070625 0.096667
0 0.446875 0.607083 0.065000 0.079167
0 0.823125 0.851667 0.065000 0.090000
0 0.596562 0.804167 0.061875 0.071667
0 0.041250 0.277083 0.077500 0.095833
0 0.626875 0.740833 0.060000 0.075000
0 0.718750 0.165000 0.072500 0.106667
0 0.254688 0.605417 0.054375 0.079167
0 0.517813 0.225417 0.061875 0.105833
0 0.134063 0.349167 0.078125 0.090000
0 0.488438 0.112500 0.063125 0.085000
0 0.318125 0.591250 0.062500 0.075833
0 0.360312 0.526250 0.064375 0.070833
0 0.722187 0.527500 0.071875 0.085000
0 0.121875 0.049167 0.066250 0.083333
0 0.757500 0.595000 0.057500 0.071667
0 0.753750 0.281250 0.062500 0.090833
0 0.101562 0.582500 0.061875 0.088333
0 0.871563 0.480417 0.066875 0.080833
0 0.147187 0.426667 0.058125 0.076667
0 0.824375 0.616250 0.060000 0.082500
0 0.609375 0.560000 0.062500 0.075000
0 0.344687 0.404583 0.063125 0.100833
0 0.182812 0.207083 0.065625 0.075833
0 0.688438 0.330000 0.059375 0.063333
0 0.106875 0.672500 0.071250 0.068333
0 0.523125 0.812083 0.063750 0.067500
0 0.871563 0.211667 0.071875 0.081667
0 0.924063 0.900417 0.060625 0.072500
0 0.795937 0.252500 0.074375 0.093333
0 0.531563 0.881250 0.049375 0.080833
0 0.743750 0.111667 0.050000 0.071667
0 0.396250 0.372500 0.062500 0.073333
0 0.583125 0.498750 0.056250 0.075833
0 0.873125 0.676667 0.063750 0.080000
0 0.637813 0.654583 0.070625 0.089167
0 0.907188 0.539167 0.054375 0.068333
1 0.713125 0.658750 0.077500 0.105833
0 0.190000 0.885000 0.065000 0.096667
0 0.865313 0.058750 0.048125 0.067500
0 0.095312 0.499583 0.054375 0.065833
0 0.079062 0.876667 0.063125 0.075000
0 0.840313 0.137917 0.069375 0.079167
0 0.340000 0.122500 0.048750 0.083333
0 0.655625 0.385833 0.052500 0.070000
0 0.235937 0.042500 0.080625 0.073333
0 0.305937 0.486667 0.050625 0.070000
0 0.176563 0.754583 0.058125 0.074167
0 0.155312 0.117500 0.065625 0.095000
0 0.319063 0.208333 0.054375 0.080000
0 0.067812 0.845833 0.065625 0.090000
0 0.403125 0.453750 0.056250 0.080833
0 0.286250 0.087083 0.056250 0.074167
0 0.257188 0.775417 0.066875 0.070833
0 0.784375 0.530833 0.050000 0.073333
0 0.315000 0.910417 0.050000 0.065833
0 0.620313 0.097917 0.050625 0.060833
0 0.365000 0.743750 0.060000 0.074167
0 0.898750 0.427500 0.052500 0.061667
0 0.471250 0.072917 0.057500 0.089167
0 0.967812 0.059167 0.054375 0.078333
0 0.977187 0.492083 0.045625 0.077500
0 0.866875 0.349583 0.056250 0.079167
0 0.842187 0.192500 0.060625 0.075000
0 0.712500 0.262500 0.060000 0.075000
0 0.851875 0.281667 0.055000 0.056667
0 0.920000 0.373750 0.055000 0.064167
0 0.944688 0.413333 0.056875 0.083333
0 0.885938 0.762083 0.071875 0.069167
0 0.539687 0.747083 0.048125 0.062500
0 0.200625 0.549583 0.041250 0.087500
0 0.314688 0.159583 0.048125 0.069167
0 0.195000 0.282917 0.052500 0.064167
0 0.341562 0.297500 0.068125 0.073333
0 0.445312 0.424583 0.049375 0.064167
0 0.460938 0.534583 0.055625 0.064167
0 0.604688 0.968750 0.056875 0.060833
0 0.238750 0.742083 0.050000 0.060833
0 0.182812 0.100833 0.056875 0.073333
0 0.419687 0.487500 0.058125 0.071667
0 0.975938 0.373333 0.048125 0.085000
1 0.824375 0.351250 0.073750 0.117500
0 0.413750 0.666667 0.062500 0.083333
0 0.442500 0.701667 0.063750 0.103333
0 0.029687 0.748750 0.059375 0.077500
