0 0.436563 0.572500 0.070625 0.095000
0 0.510000 0.773750 0.075000 0.089167
0 0.834688 0.488750 0.070625 0.105833
0 0.140937 0.250833 0.071875 0.100000
0 0.716250 0.777500 0.063750 0.096667
0 0.356563 0.686667 0.063125 0.098333
0 0.192500 0.418333 0.070000 0.095000
0 0.235937 0.855417 0.075625 0.092500
0 0.894062 0.081667 0.065625 0.088333
0 0.522188 0.242083 0.070625 0.087500
0 0.232187 0.521250 0.074375 0.100833
0 0.152188 0.346667 0.066875 0.096667
0 0.877812 0.193750 0.065625 0.092500
0 0.839063 0.370000 0.065625 0.101667
0 0.770938 0.513750 0.066875 0.104167
0 0.582500 0.772500 0.082500 0.085000
0 0.236250 0.619583 0.066250 0.084167
0 0.574688 0.853333 0.084375 0.075000
0 0.572500 0.937083 0.077500 0.107500
0 0.514375 0.637083 0.068750 0.094167
0 0.111875 0.901667 0.067500 0.113333
0 0.178750 0.901667 0.075000 0.096667
0 0.594688 0.553750 0.080625 0.097500
0 0.525937 0.322500 0.079375 0.101667
0 0.770000 0.902083 0.073750 0.097500
0 0.710313 0.209583 0.085625 0.110833
0 0.053125 0.808750 0.073750 0.092500
0 0.778438 0.696667 0.063125 0.108333
0 0.821250 0.105833 0.072500 0.098333
0 0.955000 0.193333 0.075000 0.100000
0 0.149062 0.472500 0.081875 0.105000
0 0.145625 0.147917 0.080000 0.109167
0 0.812500 0.600000 0.071250 0.116667
0 0.152188 0.815833 0.079375 0.111667
0 0.848750 0.709167 0.071250 0.111667
0 0.895938 0.642083 0.086875 0.094167
0 0.741563 0.629583 0.063125 0.089167
0 0.125938 0.733750 0.081875 0.110833
0 0.282500 0.431250 0.090000 0.085833
0 0.041563 0.957917 0.083125 0.082500
