0 0.799375 0.837083 0.067500 0.095833
0 0.523750 0.160417 0.061250 0.075833
0 0.722187 0.816250 0.056875 0.090833
0 0.872812 0.300833 0.061875 0.096667
0 0.274375 0.325833 0.058750 0.085000
0 0.812813 0.595000 0.063125 0.081667
0 0.227813 0.895417 0.063125 0.084167
0 0.211875 0.400417 0.057500 0.074167
0 0.562187 0.669583 0.059375 0.077500
1 0.321875 0.550000 0.075000 0.108333
0 0.622500 0.438333 0.067500 0.083333
0 0.610938 0.145417 0.073125 0.100833
0 0.223750 0.141667 0.061250 0.076667
0 0.370312 0.665833 0.074375 0.096667
0 0.928125 0.159583 0.060000 0.085833
0 0.505313 0.088750 0.073125 0.100833
0 0.878750 0.835000 0.072500 0.103333
0 0.754375 0.728750 0.061250 0.082500
0 0.439688 0.114167 0.066875 0.096667
0 0.753437 0.127083 0.073125 0.102500
0 0.761563 0.375417 0.068125 0.092500
0 0.914687 0.693333 0.059375 0.105000
0 0.368437 0.828333 0.076875 0.096667
0 0.850313 0.748333 0.066875 0.091667
0 0.417187 0.467917 0.058125 0.072500
0 0.763125 0.474583 0.063750 0.099167
0 0.382188 0.745417 0.059375 0.075833
0 0.545937 0.473750 0.065625 0.084167
0 0.152500 0.862083 0.061250 0.094167
0 0.610313 0.514583 0.063125 0.075833
0 0.962500 0.078333 0.060000 0.088333
0 0.316875 0.750417 0.066250 0.092500
0 0.629062 0.356250 0.054375 0.072500
0 0.198750 0.794583 0.058750 0.087500
0 0.929688 0.420417 0.068125 0.084167
0 0.074688 0.860417 0.061875 0.089167
0 0.450313 0.899583 0.080625 0.080833
6 0.557813 0.758750 0.071875 0.105833
0 0.640938 0.824167 0.054375 0.088333
0 0.823750 0.948333 0.061250 0.085000
0 0.042813 0.616250 0.063125 0.087500
0 0.128750 0.924583 0.076250 0.090833
0 0.525312 0.829583 0.070625 0.079167
0 0.890000 0.958750 0.060000 0.080833
0 0.064062 0.181667 0.059375 0.088333
0 0.948750 0.494583 0.073750 0.090833
0 0.449062 0.297500 0.058125 0.085000
0 0.824688 0.678333 0.051875 0.070000
0 0.042188 0.220000 0.069375 0.093333
0 0.494688 0.725000 0.051875 0.076667
0 0.135937 0.300417 0.056875 0.079167
3 0.118438 0.209583 0.071875 0.119167
0 0.449062 0.860000 0.074375 0.086667
0 0.155625 0.247917 0.062500 0.059167
0 0.725625 0.508750 0.066250 0.100833
0 0.406875 0.293750 0.063750 0.112500
0 0.618437 0.585417 0.056875 0.065833
0 0.959688 0.939167 0.071875 0.081667
0 0.596562 0.792917 0.056875 0.112500
0 0.250937 0.762500 0.079375 0.096667
0 0.430000 0.190417 0.047500 0.089167
0 0.234375 0.501250 0.060000 0.115833
0 0.860313 0.696250 0.051875 0.115833
0 0.345313 0.334583 0.058125 0.082500
