0 0.711250 0.271250 0.052500 0.074167
0 0.667500 0.681667 0.062500 0.088333
0 0.703750 0.132083 0.065000 0.087500
0 0.752812 0.202083 0.059375 0.089167
0 0.585000 0.519583 0.061250 0.079167
0 0.948438 0.560417 0.063125 0.094167
0 0.906563 0.221250 0.064375 0.087500
0 0.515000 0.912917 0.063750 0.097500
0 0.058125 0.532083 0.065000 0.084167
0 0.618125 0.664167 0.062500 0.095000
0 0.824688 0.860000 0.061875 0.093333
0 0.700937 0.364583 0.058125 0.079167
0 0.598125 0.902083 0.063750 0.074167
0 0.944688 0.699167 0.066875 0.095000
0 0.464375 0.427083 0.068750 0.085833
0 0.110000 0.457500 0.063750 0.085000
0 0.389062 0.410000 0.056875 0.083333
0 0.882812 0.057500 0.074375 0.103333
0 0.865625 0.135000 0.058750 0.091667
0 0.044687 0.768333 0.058125 0.083333
0 0.156250 0.340833 0.060000 0.078333
0 0.464062 0.843750 0.066875 0.094167
0 0.193125 0.120417 0.067500 0.079167
0 0.206563 0.467500 0.053125 0.073333
0 0.758437 0.673333 0.061875 0.086667
0 0.551562 0.739583 0.056875 0.075833
0 0.347813 0.186250 0.058125 0.085833
0 0.415625 0.122083 0.057500 0.090833
0 0.495625 0.340833 0.060000 0.076667
0 0.320000 0.709167 0.050000 0.073333
0 0.257812 0.565000 0.064375 0.090000
0 0.479687 0.637500 0.074375 0.078333
0 0.935312 0.303333 0.074375 0.080000
0 0.668750 0.853750 0.061250 0.092500
0 0.437188 0.530417 0.079375 0.085833
0 0.490000 0.249583 0.066250 0.079167
0 0.864062 0.338750 0.061875 0.075833
0 0.074375 0.849583 0.053750 0.069167
0 0.040000 0.197917 0.051250 0.072500
0 0.551250 0.620417 0.060000 0.064167
0 0.513437 0.493750 0.063125 0.077500
0 0.380000 0.300417 0.055000 0.087500
0 0.352812 0.766667 0.076875 0.088333
0 0.412500 0.610833 0.061250 0.070000
0 0.169375 0.717500 0.063750 0.081667
0 0.238437 0.047917 0.073125 0.085833
0 0.412500 0.790417 0.068750 0.082500
0 0.432500 0.321250 0.057500 0.092500
0 0.130625 0.880833 0.061250 0.081667
0 0.265313 0.247500 0.066875 0.083333
0 0.782188 0.613333 0.070625 0.093333
0 0.462813 0.071250 0.079375 0.077500
0 0.074375 0.397083 0.067500 0.097500
0 0.077813 0.092500 0.055625 0.085000
0 0.953125 0.210000 0.076250 0.086667
0 0.295000 0.089167 0.061250 0.086667
0 0.845313 0.240000 0.061875 0.083333
0 0.045312 0.151667 0.068125 0.086667
0 0.198437 0.557083 0.076875 0.089167
0 0.617188 0.237917 0.054375 0.084167
0 0.872812 0.565000 0.066875 0.073333
0 0.835938 0.109583 0.066875 0.082500
0 0.331250 0.471667 0.062500 0.090000
0 0.819063 0.218333 0.061875 0.105000
0 0.671250 0.346250 0.061250 0.102500
0 0.344687 0.659167 0.059375 0.101667
0 0.877500 0.460417 0.075000 0.097500
0 0.928438 0.117500 0.056875 0.056667
0 0.880625 0.788333 0.063750 0.095000
0 0.566562 0.299167 0.065625 0.078333
0 0.481875 0.723750 0.062500 0.069167
0 0.249375 0.700000 0.056250 0.086667
0 0.135313 0.514167 0.070625 0.098333
0 0.575625 0.422500 0.055000 0.088333
0 0.950625 0.465833 0.063750 0.073333
0 0.250000 0.945417 0.057500 0.077500
0 0.045000 0.664583 0.050000 0.084167
0 0.837500 0.917917 0.071250 0.080833
0 0.502500 0.151250 0.060000 0.077500
0 0.231875 0.315417 0.078750 0.087500
0 0.173437 0.787083 0.061875 0.090833
0 0.305937 0.871250 0.063125 0.085833
0 0.831562 0.687500 0.066875 0.081667
0 0.895625 0.854167 0.053750 0.075000
0 0.480312 0.764167 0.054375 0.080000
0 0.618750 0.793750 0.073750 0.082500
0 0.097500 0.248750 0.060000 0.085833
0 0.509062 0.053750 0.056875 0.079167
0 0.945312 0.826250 0.051875 0.064167
0 0.829063 0.633333 0.065625 0.080000
0 0.120313 0.620417 0.071875 0.089167
0 0.782813 0.386667 0.051875 0.073333
0 0.880000 0.726250 0.068750 0.075833
0 0.604375 0.148750 0.053750 0.090833
0 0.087813 0.336667 0.055625 0.078333
0 0.726875 0.608750 0.068750 0.082500
0 0.673438 0.173333 0.041875 0.068333
0 0.963125 0.324583 0.060000 0.077500
0 0.401875 0.222083 0.056250 0.080833
0 0.610938 0.094583 0.058125 0.072500
0 0.894375 0.645000 0.065000 0.076667
0 0.053750 0.259583 0.046250 0.082500
0 0.395000 0.746667 0.071250 0.078333
0 0.232500 0.825833 0.060000 0.093333
0 0.280625 0.640000 0.072500 0.068333
0 0.233437 0.357083 0.053125 0.067500
4 0.733437 0.818750 0.073125 0.099167
0 0.685625 0.580833 0.057500 0.083333
0 0.103438 0.697083 0.053125 0.080833
4 0.155000 0.420417 0.055000 0.072500
0 0.397188 0.884583 0.063125 0.082500
0 0.663438 0.924167 0.053125 0.071667
0 0.328750 0.178750 0.057500 0.072500
0 0.284375 0.051667 0.060000 0.083333
0 0.155000 0.090000 0.050000 0.080000
0 0.089063 0.071250 0.055625 0.082500
0 0.113437 0.275417 0.055625 0.062500
0 0.231563 0.253750 0.063125 0.087500
0 0.259375 0.343750 0.063750 0.074167
0 0.674063 0.198333 0.045625 0.065000
0 0.606250 0.054583 0.047500 0.085833
0 0.540937 0.075833 0.044375 0.091667
0 0.395625 0.110417 0.057500 0.079167
0 0.400938 0.262083 0.055625 0.070833
0 0.474375 0.305000 0.062500 0.080000
0 0.469687 0.344583 0.065625 0.069167
0 0.465625 0.257917 0.051250 0.085833
0 0.444375 0.167083 0.068750 0.085833
0 0.472813 0.152083 0.056875 0.072500
0 0.535000 0.137083 0.061250 0.069167
0 0.570000 0.156250 0.075000 0.057500
0 0.802188 0.105000 0.061875 0.065000
0 0.636250 0.136250 0.058750 0.070833
0 0.611875 0.189583 0.058750 0.092500
0 0.609688 0.364583 0.045625 0.089167
0 0.596250 0.425417 0.058750 0.074167
0 0.631250 0.330417 0.060000 0.074167
0 0.620625 0.275417 0.058750 0.074167
0 0.713437 0.385833 0.058125 0.085000
0 0.824375 0.334167 0.053750 0.075000
0 0.799063 0.360417 0.053125 0.072500
0 0.767188 0.413333 0.051875 0.076667
0 0.319375 0.432083 0.052500 0.087500
0 0.087813 0.297083 0.066875 0.079167
0 0.724063 0.570833 0.045625 0.066667
0 0.921562 0.474167 0.063125 0.065000
0 0.969063 0.362917 0.053125 0.092500
0 0.915000 0.658333 0.047500 0.078333
0 0.908438 0.883333 0.056875 0.093333
0 0.620938 0.762500 0.064375 0.081667
0 0.569375 0.606667 0.052500 0.073333
0 0.438125 0.554167 0.050000 0.068333
0 0.310625 0.518750 0.063750 0.070833
0 0.312500 0.471250 0.060000 0.082500
0 0.225625 0.457083 0.057500 0.084167
0 0.140000 0.590417 0.048750 0.080833
0 0.112187 0.660833 0.050625 0.088333
0 0.027813 0.365833 0.055625 0.080000
0 0.103125 0.735417 0.048750 0.084167
0 0.118438 0.621667 0.074375 0.066667
0 0.173437 0.552083 0.064375 0.072500
0 0.327813 0.624167 0.050625 0.081667
0 0.267188 0.595000 0.059375 0.090000
0 0.451875 0.448333 0.061250 0.066667
0 0.493750 0.472083 0.067500 0.072500
0 0.440312 0.644583 0.065625 0.077500
0 0.415938 0.689583 0.063125 0.080833
0 0.488750 0.800417 0.062500 0.072500
0 0.534375 0.861250 0.046250 0.102500
0 0.596562 0.810417 0.046875 0.077500
0 0.650625 0.798750 0.050000 0.074167
0 0.678750 0.707917 0.051250 0.085833
0 0.862500 0.954167 0.050000 0.080000
0 0.794375 0.955417 0.060000 0.082500
0 0.029375 0.662917 0.052500 0.075833
0 0.149062 0.882917 0.053125 0.065833
0 0.227187 0.865833 0.065625 0.066667
0 0.242188 0.922917 0.053125 0.077500
0 0.175937 0.679167 0.063125 0.081667
0 0.235000 0.733333 0.056250 0.071667
0 0.230313 0.896250 0.054375 0.077500
0 0.317812 0.909583 0.058125 0.089167
0 0.290938 0.820417 0.066875 0.074167
0 0.279687 0.775417 0.045625 0.069167
0 0.228437 0.697083 0.071875 0.090833
0 0.382188 0.689583 0.066875 0.084167
0 0.522188 0.737917 0.061875 0.082500
0 0.806875 0.738333 0.071250 0.063333
0 0.850625 0.789167 0.056250 0.066667
0 0.841562 0.713333 0.068125 0.081667
0 0.752188 0.709583 0.064375 0.089167
0 0.404375 0.916250 0.060000 0.090833
0 0.644062 0.939167 0.065625 0.071667
