0 0.324062 0.830833 0.063125 0.093333
0 0.323125 0.553333 0.065000 0.091667
0 0.550625 0.432500 0.058750 0.103333
0 0.363438 0.104167 0.068125 0.088333
0 0.531563 0.190000 0.054375 0.085000
0 0.926875 0.677500 0.068750 0.088333
0 0.269062 0.773333 0.059375 0.090000
0 0.606250 0.626250 0.063750 0.080833
0 0.677188 0.251667 0.064375 0.085000
0 0.205625 0.467917 0.083750 0.069167
0 0.616563 0.928333 0.064375 0.086667
0 0.408125 0.337917 0.063750 0.079167
0 0.110000 0.619167 0.057500 0.083333
0 0.748437 0.265417 0.063125 0.082500
0 0.214688 0.382500 0.065625 0.086667
0 0.066875 0.427500 0.065000 0.086667
0 0.166563 0.816250 0.059375 0.087500
0 0.892188 0.325417 0.055625 0.075833
0 0.509687 0.097083 0.060625 0.084167
0 0.345000 0.220833 0.062500 0.078333
0 0.658125 0.071250 0.067500 0.094167
0 0.875938 0.571250 0.075625 0.090833
0 0.721562 0.756250 0.069375 0.094167
0 0.425312 0.707917 0.066875 0.072500
0 0.772813 0.915417 0.061875 0.102500
0 0.440625 0.952917 0.063750 0.089167
0 0.398125 0.802917 0.070000 0.099167
0 0.609062 0.400833 0.066875 0.100000
0 0.401562 0.169167 0.068125 0.091667
0 0.312812 0.411250 0.064375 0.087500
0 0.607812 0.831250 0.055625 0.085833
0 0.696875 0.815417 0.065000 0.085833
0 0.058125 0.689167 0.066250 0.090000
0 0.389375 0.426667 0.071250 0.083333
0 0.446875 0.613750 0.067500 0.082500
0 0.075000 0.109167 0.058750 0.078333
0 0.124063 0.744583 0.063125 0.092500
0 0.460313 0.863750 0.070625 0.084167
0 0.430625 0.257917 0.065000 0.074167
0 0.443437 0.069583 0.066875 0.080833
0 0.522188 0.294583 0.064375 0.087500
0 0.955000 0.408750 0.063750 0.077500
0 0.622812 0.454167 0.061875 0.090000
0 0.931250 0.503750 0.055000 0.070833
0 0.818750 0.769167 0.051250 0.068333
0 0.766250 0.513333 0.070000 0.085000
0 0.475938 0.377083 0.063125 0.090833
0 0.310000 0.654583 0.070000 0.082500
0 0.196563 0.736250 0.058125 0.074167
0 0.934063 0.583333 0.066875 0.088333
0 0.085312 0.933750 0.051875 0.095833
0 0.303125 0.120417 0.051250 0.072500
0 0.101562 0.185000 0.043125 0.076667
0 0.739062 0.087500 0.058125 0.080000
0 0.290312 0.932917 0.065625 0.092500
0 0.535625 0.797917 0.057500 0.072500
0 0.546562 0.922917 0.055625 0.085833
0 0.840313 0.355417 0.045625 0.074167
0 0.786563 0.627500 0.064375 0.081667
0 0.833750 0.557500 0.067500 0.091667
0 0.731875 0.398333 0.058750 0.095000
0 0.039062 0.173750 0.064375 0.085833
0 0.968437 0.360833 0.061875 0.093333
0 0.588750 0.715417 0.057500 0.075833
0 0.226250 0.300417 0.063750 0.080833
0 0.173437 0.194583 0.055625 0.065833
0 0.883437 0.400833 0.061875 0.098333
0 0.732500 0.841667 0.065000 0.080000
0 0.694375 0.382083 0.066250 0.092500
0 0.451562 0.478333 0.054375 0.083333
0 0.670937 0.620000 0.053125 0.070000
0 0.425625 0.852500 0.070000 0.086667
0 0.804688 0.502917 0.059375 0.084167
0 0.645312 0.847083 0.056875 0.067500
0 0.925937 0.793750 0.056875 0.082500
0 0.357500 0.300833 0.055000 0.080000
0 0.660000 0.723333 0.057500 0.080000
0 0.678125 0.520000 0.065000 0.073333
0 0.953438 0.269167 0.065625 0.081667
0 0.521250 0.939583 0.057500 0.074167
0 0.775625 0.721250 0.051250 0.070833
0 0.322188 0.321667 0.061875 0.080000
0 0.051875 0.541250 0.041250 0.087500
0 0.385937 0.465833 0.056875 0.088333
0 0.573750 0.328333 0.063750 0.060000
0 0.620938 0.171250 0.056875 0.079167
0 0.615000 0.216667 0.056250 0.066667
0 0.029687 0.330833 0.059375 0.085000
0 0.163125 0.929583 0.048750 0.064167
0 0.814063 0.231250 0.056875 0.085833
0 0.520625 0.647917 0.041250 0.084167
0 0.258437 0.513333 0.054375 0.075000
0 0.050000 0.579167 0.057500 0.080000
0 0.121250 0.525833 0.062500 0.076667
0 0.886875 0.434583 0.053750 0.075833
0 0.146563 0.510417 0.046875 0.052500
0 0.042188 0.202083 0.049375 0.075833
0 0.069375 0.064167 0.058750 0.081667
0 0.197813 0.126667 0.061875 0.063333
0 0.218438 0.114583 0.063125 0.102500
0 0.304688 0.093333 0.064375 0.086667
0 0.452813 0.253333 0.051875 0.061667
0 0.527813 0.246667 0.064375 0.081667
0 0.302812 0.345000 0.063125 0.080000
0 0.230000 0.334167 0.060000 0.085000
0 0.657188 0.625833 0.060625 0.078333
0 0.812813 0.599583 0.059375 0.087500
0 0.876875 0.745417 0.071250 0.062500
0 0.674687 0.103750 0.064375 0.067500
0 0.609062 0.122083 0.044375 0.099167
0 0.330000 0.048333 0.066250 0.093333
0 0.834375 0.232500 0.053750 0.065000
0 0.825000 0.260000 0.050000 0.075000
0 0.598437 0.251250 0.048125 0.069167
0 0.677813 0.403750 0.055625 0.075833
0 0.796875 0.754167 0.060000 0.083333
0 0.842812 0.795417 0.065625 0.070833
0 0.345000 0.672500 0.063750 0.061667
0 0.312188 0.695000 0.064375 0.080000
0 0.500313 0.786667 0.065625 0.068333
0 0.474062 0.736250 0.036875 0.097500
0 0.648750 0.528750 0.057500 0.082500
0 0.968125 0.597083 0.061250 0.077500
0 0.821562 0.856250 0.043125 0.047500
0 0.490625 0.959583 0.050000 0.072500
0 0.369375 0.968750 0.056250 0.059167
0 0.372188 0.937917 0.049375 0.074167
0 0.212812 0.719167 0.048125 0.066667
0 0.488125 0.399167 0.050000 0.066667
0 0.429375 0.212917 0.061250 0.060833
0 0.371250 0.500000 0.040000 0.066667
0 0.453750 0.507083 0.050000 0.087500
0 0.257812 0.540000 0.044375 0.066667
0 0.910000 0.757083 0.065000 0.082500
0 0.449062 0.717917 0.055625 0.075833
0 0.955000 0.497500 0.063750 0.065000
