0 0.560312 0.544167 0.080625 0.105000
0 0.642500 0.589167 0.067500 0.085000
0 0.731250 0.317500 0.065000 0.086667
0 0.325937 0.177917 0.060625 0.084167
0 0.579688 0.287500 0.066875 0.076667
0 0.351875 0.290833 0.065000 0.088333
0 0.698438 0.804583 0.078125 0.105833
0 0.479375 0.607500 0.066250 0.091667
0 0.740938 0.409167 0.080625 0.103333
0 0.508437 0.902917 0.066875 0.085833
0 0.618750 0.672083 0.055000 0.075833
0 0.348125 0.594583 0.072500 0.095833
0 0.576562 0.885417 0.078125 0.110833
0 0.609688 0.450833 0.066875 0.081667
1 0.495000 0.301250 0.087500 0.099167
0 0.955000 0.832083 0.066250 0.092500
0 0.795000 0.296250 0.075000 0.100833
1 0.325313 0.889583 0.065625 0.109167
0 0.622812 0.811667 0.076875 0.091667
0 0.357812 0.500000 0.058125 0.078333
0 0.345000 0.060833 0.070000 0.083333
0 0.708750 0.568750 0.070000 0.087500
0 0.463438 0.371667 0.080625 0.113333
0 0.196563 0.640000 0.064375 0.086667
0 0.662500 0.379167 0.076250 0.101667
0 0.907813 0.894583 0.076875 0.095833
0 0.060000 0.460833 0.075000 0.101667
0 0.770000 0.515000 0.070000 0.091667
0 0.893125 0.640000 0.073750 0.101667
0 0.353438 0.387500 0.061875 0.081667
0 0.080625 0.830833 0.076250 0.086667
0 0.145937 0.953750 0.063125 0.075833
0 0.420000 0.494167 0.078750 0.095000
0 0.569063 0.220833 0.070625 0.075000
0 0.558750 0.633750 0.071250 0.079167
0 0.285000 0.793333 0.060000 0.093333
0 0.506875 0.452917 0.068750 0.092500
0 0.515938 0.175833 0.065625 0.091667
1 0.941562 0.452083 0.090625 0.117500
0 0.588750 0.367500 0.071250 0.095000
0 0.119688 0.559167 0.065625 0.090000
0 0.638125 0.742500 0.055000 0.075000
0 0.237187 0.404167 0.076875 0.096667
0 0.411562 0.243333 0.071875 0.088333
0 0.106875 0.674583 0.073750 0.095833
0 0.296563 0.237083 0.058125 0.089167
0 0.150000 0.340000 0.076250 0.105000
0 0.696562 0.245000 0.073125 0.100000
0 0.299375 0.529583 0.052500 0.099167
0 0.424687 0.578750 0.065625 0.084167
0 0.247812 0.280000 0.065625 0.078333
0 0.257500 0.806667 0.062500 0.095000
0 0.665937 0.300833 0.059375 0.068333
0 0.267813 0.612917 0.056875 0.077500
0 0.255000 0.322917 0.060000 0.079167
0 0.526875 0.417500 0.067500 0.095000
0 0.967187 0.223333 0.064375 0.091667
0 0.450000 0.184167 0.067500 0.096667
0 0.055000 0.330833 0.073750 0.098333
0 0.092813 0.932500 0.064375 0.083333
0 0.319375 0.433750 0.065000 0.087500
1 0.485312 0.084583 0.070625 0.110833
1 0.856875 0.092917 0.082500 0.102500
0 0.842500 0.601667 0.060000 0.088333
0 0.821562 0.187083 0.070625 0.094167
1 0.232187 0.537500 0.119375 0.096667
0 0.075625 0.869583 0.063750 0.080833
0 0.619062 0.377917 0.070625 0.075833
0 0.540625 0.482500 0.063750 0.096667
0 0.416250 0.165000 0.065000 0.085000
0 0.276250 0.410000 0.060000 0.098333
0 0.785937 0.082917 0.073125 0.094167
0 0.066562 0.082083 0.056875 0.074167
