0 0.530000 0.555417 0.071250 0.102500
0 0.935625 0.771250 0.076250 0.099167
0 0.397188 0.337500 0.083125 0.096667
0 0.144063 0.411250 0.065625 0.100833
0 0.431875 0.582917 0.068750 0.092500
0 0.368125 0.690000 0.077500 0.113333
0 0.310312 0.575000 0.075625 0.108333
0 0.103438 0.246667 0.076875 0.103333
0 0.620000 0.178333 0.081250 0.101667
0 0.191562 0.857500 0.073125 0.100000
0 0.546875 0.748750 0.078750 0.117500
0 0.402500 0.078750 0.066250 0.089167
0 0.722187 0.435833 0.068125 0.103333
0 0.172187 0.649583 0.070625 0.102500
0 0.959688 0.882083 0.078125 0.089167
0 0.657500 0.118333 0.066250 0.083333
0 0.219688 0.949583 0.071875 0.090833
0 0.721562 0.898333 0.064375 0.088333
0 0.845000 0.176667 0.073750 0.090000
0 0.099062 0.763333 0.065625 0.088333
0 0.277500 0.293750 0.065000 0.090833
0 0.299063 0.406667 0.071875 0.100000
0 0.492812 0.686667 0.066875 0.081667
0 0.054688 0.633333 0.075625 0.106667
0 0.287500 0.934167 0.071250 0.095000
0 0.542813 0.908750 0.076875 0.105833
0 0.409062 0.818750 0.079375 0.095833
0 0.873750 0.134167 0.067500 0.101667
0 0.246875 0.808750 0.067500 0.095833
0 0.725938 0.632917 0.081875 0.102500
0 0.754062 0.675000 0.074375 0.091667
0 0.939375 0.113333 0.066250 0.101667
0 0.771563 0.925417 0.071875 0.100833
0 0.487187 0.472500 0.086875 0.076667
0 0.425625 0.430833 0.080000 0.093333
0 0.933125 0.495833 0.076250 0.101667
0 0.222188 0.451667 0.079375 0.096667
0 0.548750 0.081250 0.087500 0.094167
0 0.198750 0.353333 0.068750 0.100000
0 0.834063 0.768750 0.073125 0.097500
0 0.100937 0.645000 0.071875 0.105000
0 0.610000 0.901250 0.071250 0.114167
0 0.392188 0.906250 0.065625 0.092500
0 0.561250 0.407917 0.073750 0.112500
0 0.255625 0.237083 0.083750 0.109167
0 0.605313 0.672083 0.085625 0.105833
0 0.968437 0.367500 0.061875 0.091667
0 0.683750 0.328750 0.075000 0.090833
0 0.497188 0.637917 0.074375 0.102500
0 0.924375 0.597500 0.080000 0.101667
0 0.063125 0.370417 0.072500 0.114167
0 0.076250 0.452917 0.071250 0.097500
0 0.661875 0.857917 0.067500 0.089167
0 0.867188 0.793750 0.066875 0.097500
0 0.044687 0.342083 0.068125 0.112500
0 0.769687 0.293750 0.066875 0.092500
0 0.912188 0.361667 0.071875 0.113333
0 0.681250 0.360000 0.067500 0.093333
0 0.961562 0.686667 0.068125 0.096667
0 0.281562 0.850833 0.071875 0.098333
0 0.326875 0.837917 0.077500 0.100833
0 0.362500 0.556250 0.072500 0.089167
0 0.252812 0.094583 0.056875 0.099167
0 0.745000 0.934167 0.068750 0.088333
0 0.340938 0.879167 0.068125 0.100000
3 0.205000 0.120417 0.061250 0.147500
0 0.384062 0.572500 0.073125 0.105000
