0 0.666562 0.598333 0.066875 0.086667
0 0.733125 0.064583 0.070000 0.090833
0 0.428750 0.560000 0.063750 0.085000
0 0.935937 0.872083 0.066875 0.097500
0 0.049688 0.937500 0.059375 0.088333
0 0.098125 0.673333 0.072500 0.100000
0 0.473750 0.051250 0.063750 0.095833
0 0.128750 0.469583 0.062500 0.077500
0 0.038125 0.470000 0.067500 0.110000
0 0.130625 0.365833 0.067500 0.071667
0 0.899375 0.697083 0.072500 0.099167
0 0.078750 0.583333 0.068750 0.103333
0 0.825313 0.703333 0.073125 0.088333
0 0.824688 0.615417 0.079375 0.085833
0 0.865938 0.471667 0.056875 0.093333
0 0.509687 0.712083 0.065625 0.080833
0 0.513750 0.547917 0.058750 0.090833
0 0.088438 0.279167 0.056875 0.090000
0 0.865938 0.944167 0.065625 0.096667
0 0.583438 0.297917 0.073125 0.077500
0 0.683438 0.121667 0.064375 0.073333
0 0.438437 0.183333 0.078125 0.085000
0 0.946562 0.669583 0.051875 0.092500
0 0.190625 0.050833 0.065000 0.073333
0 0.804063 0.098750 0.066875 0.094167
0 0.540625 0.626250 0.065000 0.092500
0 0.796250 0.913750 0.067500 0.080833
0 0.212188 0.595833 0.059375 0.080000
0 0.480938 0.942917 0.071875 0.090833
0 0.658438 0.508333 0.065625 0.080000
0 0.652188 0.755833 0.065625 0.085000
0 0.610000 0.132917 0.070000 0.084167
0 0.853750 0.374167 0.070000 0.093333
0 0.866875 0.269167 0.071250 0.081667
0 0.141250 0.569583 0.057500 0.090833
0 0.559063 0.767500 0.069375 0.088333
0 0.404375 0.084167 0.058750 0.081667
0 0.121563 0.072083 0.066875 0.095833
0 0.606250 0.645417 0.045000 0.107500
0 0.493750 0.633333 0.062500 0.066667
0 0.191562 0.830417 0.065625 0.084167
0 0.843750 0.179583 0.062500 0.084167
0 0.570937 0.490833 0.068125 0.078333
0 0.247500 0.756667 0.060000 0.066667
0 0.109063 0.858750 0.065625 0.090833
0 0.281875 0.835833 0.072500 0.083333
0 0.204063 0.135000 0.074375 0.068333
0 0.795625 0.254167 0.062500 0.090000
0 0.160625 0.645000 0.058750 0.096667
0 0.669687 0.209167 0.069375 0.081667
0 0.411562 0.321667 0.065625 0.113333
0 0.038750 0.164583 0.063750 0.085833
0 0.586250 0.203333 0.055000 0.083333
0 0.281875 0.120417 0.066250 0.084167
0 0.745313 0.733333 0.069375 0.088333
0 0.441875 0.663750 0.061250 0.085833
0 0.580000 0.851667 0.066250 0.076667
0 0.158125 0.269167 0.072500 0.093333
0 0.271875 0.580833 0.053750 0.088333
0 0.319375 0.057500 0.070000 0.080000
0 0.334375 0.545833 0.060000 0.081667
0 0.681875 0.957917 0.053750 0.082500
0 0.644062 0.313333 0.054375 0.066667
0 0.640312 0.888750 0.076875 0.064167
0 0.159688 0.915000 0.051875 0.078333
0 0.881563 0.829583 0.054375 0.074167
0 0.786563 0.850417 0.064375 0.070833
0 0.517813 0.185000 0.071875 0.095000
0 0.373750 0.858750 0.058750 0.075833
0 0.149062 0.830417 0.061875 0.079167
0 0.277187 0.242917 0.056875 0.085833
0 0.330937 0.655417 0.055625 0.090833
0 0.412187 0.858333 0.065625 0.080000
0 0.897188 0.127917 0.065625 0.075833
0 0.267813 0.666667 0.064375 0.083333
0 0.723125 0.153333 0.060000 0.075000
0 0.590938 0.070417 0.064375 0.072500
0 0.942813 0.317917 0.071875 0.084167
0 0.354375 0.748750 0.063750 0.090833
0 0.529375 0.245417 0.046250 0.089167
0 0.201875 0.525833 0.065000 0.083333
0 0.962500 0.163750 0.071250 0.080833
0 0.840625 0.894167 0.066250 0.098333
0 0.400625 0.752917 0.061250 0.085833
0 0.491250 0.842917 0.073750 0.079167
0 0.615938 0.747917 0.066875 0.087500
0 0.705937 0.320833 0.056875 0.078333
0 0.330313 0.228750 0.061875 0.075833
0 0.030937 0.740000 0.060625 0.081667
0 0.841875 0.744583 0.070000 0.087500
0 0.298438 0.317083 0.065625 0.085833
0 0.840000 0.529583 0.068750 0.080833
0 0.516563 0.117917 0.058125 0.069167
0 0.883437 0.552500 0.064375 0.075000
0 0.504375 0.397500 0.057500 0.078333
0 0.067500 0.403333 0.060000 0.080000
0 0.600000 0.245000 0.060000 0.081667
0 0.611250 0.501667 0.061250 0.081667
0 0.695625 0.687917 0.062500 0.075833
0 0.744062 0.524583 0.045625 0.082500
0 0.332813 0.346667 0.051875 0.073333
0 0.221562 0.185417 0.068125 0.089167
0 0.342500 0.145000 0.057500 0.071667
0 0.725313 0.854583 0.040625 0.100833
0 0.531563 0.302500 0.060625 0.090000
0 0.115312 0.192500 0.055625 0.088333
0 0.468125 0.789583 0.070000 0.094167
0 0.138437 0.153333 0.048125 0.073333
4 0.342500 0.392917 0.091250 0.129167
0 0.208437 0.411250 0.054375 0.087500
0 0.438437 0.477083 0.065625 0.070833
0 0.791250 0.443750 0.063750 0.079167
0 0.038125 0.627500 0.070000 0.085000
0 0.037812 0.713333 0.053125 0.073333
0 0.110625 0.479583 0.063750 0.087500
0 0.083125 0.364583 0.080000 0.062500
0 0.289062 0.423333 0.055625 0.080000
0 0.345938 0.517083 0.056875 0.074167
0 0.295625 0.565833 0.066250 0.076667
0 0.108438 0.933750 0.048125 0.114167
0 0.258437 0.890417 0.045625 0.092500
0 0.304375 0.958333 0.057500 0.080000
0 0.215000 0.866667 0.063750 0.080000
0 0.352812 0.886667 0.060625 0.081667
0 0.521563 0.956667 0.056875 0.080000
0 0.597812 0.942083 0.049375 0.100833
0 0.700625 0.942917 0.056250 0.087500
0 0.724375 0.915833 0.057500 0.080000
0 0.899375 0.798750 0.052500 0.085833
0 0.560312 0.881667 0.054375 0.091667
0 0.325000 0.910833 0.052500 0.091667
0 0.325000 0.755000 0.070000 0.078333
0 0.342187 0.715000 0.046875 0.070000
0 0.306250 0.682917 0.067500 0.082500
0 0.427812 0.698750 0.050625 0.084167
0 0.551562 0.700833 0.065625 0.080000
0 0.503437 0.804583 0.053125 0.074167
0 0.427812 0.766667 0.064375 0.073333
0 0.407813 0.780000 0.049375 0.085000
0 0.221875 0.511667 0.058750 0.078333
0 0.288125 0.464167 0.050000 0.066667
0 0.242188 0.500417 0.038125 0.085833
0 0.179375 0.306667 0.058750 0.083333
0 0.046562 0.120000 0.064375 0.098333
0 0.116875 0.224583 0.051250 0.072500
0 0.202187 0.295417 0.066875 0.090833
0 0.081562 0.247500 0.063125 0.088333
0 0.235000 0.257917 0.055000 0.077500
0 0.120000 0.142917 0.060000 0.095833
0 0.351250 0.238333 0.062500 0.076667
0 0.286875 0.159583 0.068750 0.087500
0 0.460625 0.101667 0.083750 0.063333
0 0.489063 0.116250 0.055625 0.102500
0 0.427187 0.380000 0.059375 0.101667
0 0.707812 0.414167 0.050625 0.085000
0 0.700000 0.381250 0.053750 0.084167
0 0.613750 0.402917 0.058750 0.082500
0 0.644062 0.372083 0.065625 0.089167
0 0.722812 0.285000 0.065625 0.090000
0 0.935625 0.260417 0.080000 0.085833
0 0.933750 0.156250 0.067500 0.079167
0 0.925937 0.074167 0.063125 0.071667
0 0.875625 0.103750 0.060000 0.085833
0 0.903438 0.063750 0.061875 0.092500
0 0.823438 0.165833 0.066875 0.091667
0 0.743125 0.181250 0.060000 0.087500
0 0.923438 0.410417 0.053125 0.085833
0 0.954063 0.451667 0.063125 0.095000
0 0.903750 0.582083 0.070000 0.070833
0 0.919375 0.554167 0.067500 0.076667
0 0.755625 0.547500 0.060000 0.081667
0 0.784687 0.550833 0.055625 0.080000
0 0.580000 0.531667 0.062500 0.080000
0 0.683125 0.500833 0.060000 0.076667
0 0.501563 0.513333 0.051875 0.073333
0 0.492812 0.544167 0.051875 0.078333
0 0.485000 0.472083 0.075000 0.075833
0 0.489687 0.373333 0.054375 0.086667
0 0.467187 0.395417 0.056875 0.074167
0 0.412500 0.474167 0.060000 0.088333
0 0.512813 0.282083 0.065625 0.084167
0 0.507188 0.312083 0.083125 0.072500
0 0.690625 0.237917 0.070000 0.090833
0 0.758437 0.202083 0.063125 0.072500
0 0.830625 0.777083 0.058750 0.069167
0 0.750000 0.770417 0.053750 0.082500
0 0.746563 0.829583 0.064375 0.082500
0 0.703438 0.677083 0.055625 0.077500
0 0.719375 0.704583 0.061250 0.075833
0 0.550312 0.930833 0.074375 0.078333
0 0.229063 0.380833 0.055625 0.095000
0 0.196250 0.393750 0.047500 0.074167
0 0.300000 0.079167 0.062500 0.081667
0 0.352812 0.184583 0.083125 0.110833
0 0.290000 0.156250 0.071250 0.080833
