0 0.465625 0.426250 0.063750 0.075833
0 0.420312 0.732917 0.063125 0.077500
0 0.097500 0.722083 0.065000 0.087500
0 0.252188 0.925417 0.066875 0.084167
0 0.558750 0.767917 0.070000 0.097500
0 0.530625 0.894167 0.067500 0.093333
0 0.190625 0.169583 0.060000 0.082500
0 0.730000 0.367083 0.062500 0.092500
0 0.794375 0.890833 0.065000 0.113333
0 0.289062 0.406250 0.070625 0.092500
0 0.649062 0.843750 0.068125 0.104167
0 0.165313 0.577917 0.075625 0.085833
0 0.791562 0.435833 0.071875 0.080000
0 0.932500 0.288750 0.071250 0.095833
0 0.469062 0.548750 0.070625 0.074167
0 0.440625 0.318750 0.063750 0.100833
0 0.905625 0.105833 0.068750 0.095000
0 0.228125 0.315417 0.072500 0.100833
0 0.944375 0.174167 0.072500 0.098333
0 0.373125 0.799583 0.073750 0.095833
0 0.729375 0.130417 0.067500 0.097500
0 0.846875 0.940833 0.076250 0.088333
0 0.472500 0.880833 0.056250 0.091667
0 0.155625 0.664583 0.070000 0.094167
0 0.390313 0.251250 0.073125 0.072500
0 0.944688 0.858750 0.065625 0.094167
0 0.838125 0.090000 0.072500 0.085000
0 0.395937 0.885000 0.060625 0.101667
0 0.706250 0.898333 0.060000 0.095000
0 0.581562 0.620000 0.065625 0.078333
0 0.085938 0.650833 0.068125 0.093333
0 0.904062 0.601250 0.071875 0.080833
0 0.318437 0.891250 0.063125 0.090833
0 0.884375 0.525833 0.073750 0.080000
0 0.304375 0.235833 0.077500 0.100000
0 0.761875 0.327917 0.070000 0.097500
0 0.673125 0.759583 0.057500 0.072500
0 0.675312 0.304583 0.074375 0.092500
0 0.481875 0.685417 0.076250 0.099167
0 0.240000 0.138333 0.070000 0.076667
0 0.165625 0.338750 0.066250 0.057500
0 0.615000 0.748333 0.062500 0.113333
0 0.241250 0.673333 0.056250 0.088333
0 0.553750 0.478333 0.078750 0.100000
0 0.387188 0.628333 0.080625 0.065000
0 0.095937 0.346250 0.065625 0.102500
0 0.212812 0.407917 0.075625 0.109167
0 0.134687 0.470417 0.058125 0.105833
0 0.040313 0.346667 0.059375 0.110000
0 0.156875 0.097083 0.071250 0.095833
0 0.485000 0.294167 0.070000 0.093333
0 0.631250 0.395833 0.076250 0.101667
0 0.174687 0.440417 0.065625 0.105833
0 0.871563 0.329583 0.088125 0.087500
0 0.450937 0.130000 0.064375 0.111667
0 0.920000 0.470417 0.068750 0.094167
0 0.461562 0.053333 0.073125 0.098333
0 0.354375 0.430417 0.081250 0.102500
0 0.399687 0.159583 0.056875 0.114167
0 0.073438 0.243750 0.064375 0.087500
0 0.561875 0.555417 0.070000 0.085833
0 0.809688 0.688750 0.065625 0.104167
0 0.313437 0.830833 0.075625 0.080000
0 0.628125 0.454583 0.075000 0.094167
0 0.758437 0.630417 0.068125 0.094167
0 0.476250 0.190833 0.073750 0.105000
0 0.726562 0.276250 0.061875 0.084167
0 0.276562 0.660000 0.061875 0.096667
0 0.745938 0.795833 0.078125 0.100000
0 0.181562 0.714167 0.071875 0.088333
0 0.605000 0.541250 0.072500 0.099167
0 0.474375 0.626250 0.065000 0.097500
0 0.182812 0.938333 0.060625 0.105000
0 0.315937 0.562083 0.060625 0.079167
0 0.323750 0.084167 0.062500 0.098333
0 0.711250 0.211250 0.063750 0.075833
0 0.287500 0.086667 0.065000 0.128333
0 0.442812 0.945417 0.076875 0.085833
0 0.355312 0.322917 0.086875 0.085833
0 0.298438 0.594167 0.074375 0.103333
4 0.665312 0.216667 0.064375 0.115000
0 0.053437 0.208333 0.064375 0.096667
0 0.425000 0.870417 0.061250 0.099167
0 0.767813 0.767500 0.061875 0.103333
