0 0.610313 0.457500 0.054375 0.076667
0 0.948125 0.278750 0.061250 0.085833
0 0.403438 0.291667 0.068125 0.091667
0 0.532188 0.920000 0.068125 0.086667
0 0.529062 0.392917 0.068125 0.092500
0 0.763125 0.457083 0.068750 0.097500
0 0.548438 0.815000 0.055625 0.080000
0 0.859062 0.884167 0.073125 0.078333
0 0.827500 0.657500 0.066250 0.081667
0 0.503750 0.302917 0.066250 0.079167
0 0.295312 0.856250 0.069375 0.079167
0 0.751875 0.343750 0.057500 0.084167
0 0.614688 0.147917 0.071875 0.092500
0 0.907500 0.670833 0.077500 0.085000
0 0.869687 0.312917 0.063125 0.082500
0 0.384062 0.722083 0.069375 0.082500
0 0.307500 0.588750 0.056250 0.087500
0 0.052187 0.617500 0.071875 0.086667
0 0.693125 0.743333 0.070000 0.090000
0 0.180000 0.351250 0.055000 0.082500
0 0.695000 0.290833 0.070000 0.078333
0 0.385937 0.119167 0.056875 0.078333
0 0.090313 0.449167 0.071875 0.095000
0 0.169687 0.810000 0.073125 0.096667
0 0.521563 0.196250 0.056875 0.089167
0 0.673125 0.395833 0.055000 0.071667
0 0.072500 0.866250 0.061250 0.079167
0 0.054375 0.762917 0.068750 0.095833
0 0.261562 0.782917 0.066875 0.092500
4 0.147500 0.695417 0.076250 0.107500
0 0.599375 0.575417 0.068750 0.085833
0 0.753125 0.762083 0.073750 0.097500
0 0.093438 0.086250 0.060625 0.084167
0 0.894375 0.837500 0.071250 0.110000
0 0.954688 0.595833 0.059375 0.086667
0 0.395937 0.637917 0.069375 0.099167
0 0.485938 0.128750 0.071875 0.087500
0 0.443750 0.734167 0.056250 0.071667
0 0.318437 0.051667 0.071875 0.075000
0 0.380937 0.545833 0.063125 0.071667
0 0.810625 0.360000 0.066250 0.080000
0 0.147187 0.119583 0.066875 0.079167
0 0.260313 0.108750 0.053125 0.074167
0 0.264375 0.661250 0.066250 0.077500
0 0.545312 0.702083 0.056875 0.082500
0 0.966250 0.150833 0.063750 0.088333
0 0.177187 0.900000 0.068125 0.080000
0 0.595625 0.379167 0.067500 0.081667
4 0.631563 0.085833 0.081875 0.088333
6 0.133750 0.876250 0.066250 0.110833
0 0.934063 0.082500 0.056875 0.073333
0 0.100312 0.723333 0.059375 0.080000
0 0.629062 0.860417 0.071875 0.072500
0 0.128438 0.378750 0.069375 0.085833
0 0.395937 0.203333 0.071875 0.083333
0 0.207187 0.568750 0.058125 0.072500
3 0.186875 0.448750 0.077500 0.115833
0 0.485312 0.050833 0.055625 0.075000
0 0.475938 0.237083 0.046875 0.074167
0 0.033750 0.541250 0.067500 0.084167
0 0.252500 0.592500 0.058750 0.061667
0 0.598750 0.912083 0.061250 0.075833
0 0.831562 0.804167 0.050625 0.076667
0 0.143437 0.290000 0.058125 0.063333
0 0.334375 0.215000 0.056250 0.071667
0 0.199063 0.632500 0.049375 0.060000
0 0.376875 0.962917 0.056250 0.074167
