0 0.266250 0.523333 0.060000 0.086667
0 0.586250 0.282083 0.073750 0.089167
0 0.081250 0.438333 0.071250 0.095000
0 0.299063 0.183750 0.070625 0.077500
0 0.789375 0.375833 0.072500 0.110000
0 0.609375 0.922500 0.077500 0.101667
0 0.757500 0.760000 0.088750 0.093333
0 0.393437 0.287500 0.075625 0.095000
0 0.401562 0.698333 0.085625 0.073333
0 0.130312 0.206667 0.080625 0.101667
0 0.920000 0.491667 0.076250 0.106667
0 0.333437 0.745000 0.075625 0.095000
0 0.087813 0.726667 0.118125 0.063333
0 0.102813 0.591250 0.079375 0.077500
0 0.521875 0.378333 0.077500 0.085000
0 0.375312 0.900417 0.084375 0.110833
0 0.227500 0.440833 0.091250 0.101667
