0 0.161875 0.374583 0.072500 0.107500
0 0.388437 0.417083 0.071875 0.097500
0 0.122188 0.835000 0.069375 0.100000
0 0.759687 0.418750 0.075625 0.104167
0 0.291875 0.166667 0.070000 0.091667
0 0.686562 0.606667 0.069375 0.098333
0 0.346250 0.877917 0.081250 0.110833
0 0.215000 0.265000 0.072500 0.086667
0 0.832812 0.164167 0.064375 0.093333
0 0.522813 0.844583 0.070625 0.099167
0 0.561250 0.192917 0.078750 0.105833
0 0.769687 0.876667 0.076875 0.103333
0 0.775000 0.642917 0.063750 0.087500
0 0.805937 0.540417 0.073125 0.104167
0 0.545937 0.065000 0.073125 0.078333
0 0.646875 0.301667 0.063750 0.086667
0 0.745000 0.120417 0.078750 0.097500
0 0.756875 0.226667 0.073750 0.098333
0 0.914375 0.234583 0.072500 0.090833
0 0.595313 0.411667 0.079375 0.086667
0 0.634687 0.507083 0.079375 0.097500
0 0.056875 0.109583 0.057500 0.080833
0 0.930937 0.361667 0.071875 0.101667
0 0.902813 0.126667 0.075625 0.108333
0 0.309688 0.059167 0.074375 0.106667
0 0.552500 0.312500 0.082500 0.106667
0 0.942500 0.900833 0.066250 0.091667
0 0.244062 0.646667 0.063125 0.081667
0 0.448750 0.270833 0.073750 0.103333
0 0.093750 0.897917 0.072500 0.092500
0 0.244375 0.868750 0.058750 0.075833
0 0.131875 0.282500 0.065000 0.076667
0 0.475313 0.711250 0.081875 0.102500
0 0.858437 0.835000 0.058125 0.080000
0 0.233750 0.763750 0.073750 0.085833
0 0.103438 0.540417 0.086875 0.112500
0 0.648750 0.090000 0.061250 0.076667
0 0.460000 0.790417 0.070000 0.105833
0 0.254688 0.554583 0.083125 0.104167
0 0.116250 0.173333 0.083750 0.085000
0 0.961250 0.525833 0.076250 0.110000
0 0.033750 0.783750 0.067500 0.107500
0 0.869375 0.726250 0.073750 0.102500
4 0.465938 0.495833 0.091875 0.100000
