0 0.702812 0.644167 0.066875 0.096667
0 0.542813 0.645000 0.064375 0.091667
0 0.606250 0.692083 0.066250 0.079167
0 0.134375 0.553333 0.081250 0.081667
0 0.646563 0.551250 0.064375 0.085833
0 0.481250 0.197917 0.070000 0.089167
0 0.174375 0.177083 0.060000 0.075833
0 0.412813 0.587917 0.066875 0.077500
0 0.245000 0.161250 0.060000 0.082500
0 0.748125 0.444167 0.075000 0.093333
0 0.920000 0.119583 0.075000 0.094167
0 0.922813 0.829583 0.063125 0.094167
0 0.123125 0.751667 0.066250 0.086667
0 0.090625 0.881667 0.062500 0.078333
0 0.796562 0.561667 0.065625 0.076667
0 0.117813 0.407083 0.076875 0.082500
0 0.285313 0.060000 0.065625 0.093333
0 0.263750 0.332917 0.077500 0.080833
0 0.467813 0.428750 0.071875 0.090833
0 0.844063 0.340000 0.065625 0.095000
0 0.128438 0.659167 0.073125 0.078333
0 0.500313 0.816667 0.065625 0.075000
0 0.552813 0.235833 0.065625 0.088333
0 0.741563 0.139167 0.068125 0.085000
0 0.830313 0.495417 0.075625 0.082500
0 0.630938 0.396667 0.071875 0.081667
0 0.660312 0.128333 0.068125 0.086667
0 0.612812 0.174583 0.059375 0.079167
0 0.172500 0.802917 0.065000 0.087500
0 0.250000 0.431250 0.072500 0.087500
0 0.568438 0.422917 0.068125 0.085833
0 0.844375 0.092500 0.060000 0.075000
0 0.077188 0.102500 0.063125 0.076667
0 0.563125 0.867083 0.081250 0.064167
0 0.253125 0.650417 0.068750 0.080833
0 0.513750 0.125833 0.077500 0.080000
0 0.577187 0.575417 0.056875 0.080833
0 0.368125 0.258750 0.066250 0.085833
0 0.449375 0.727917 0.052500 0.075833
0 0.854375 0.187083 0.066250 0.085833
0 0.830000 0.888750 0.062500 0.094167
0 0.815937 0.393333 0.069375 0.093333
0 0.071250 0.337500 0.062500 0.091667
0 0.210313 0.878333 0.069375 0.085000
0 0.891563 0.426250 0.071875 0.094167
0 0.610313 0.076250 0.069375 0.082500
0 0.570312 0.962083 0.071875 0.074167
0 0.651250 0.940417 0.068750 0.077500
0 0.043125 0.760833 0.048750 0.080000
0 0.964063 0.424167 0.066875 0.091667
0 0.491563 0.048750 0.074375 0.084167
0 0.897500 0.657500 0.066250 0.090000
0 0.893437 0.902083 0.056875 0.102500
0 0.767500 0.905000 0.072500 0.080000
0 0.750000 0.833333 0.075000 0.091667
0 0.471875 0.640417 0.061250 0.070833
0 0.458750 0.826667 0.070000 0.083333
0 0.340313 0.319583 0.073125 0.095833
0 0.326875 0.424167 0.068750 0.091667
0 0.482812 0.731250 0.060625 0.082500
0 0.421250 0.956667 0.058750 0.085000
0 0.365625 0.460833 0.066250 0.083333
0 0.971250 0.647917 0.057500 0.079167
0 0.969375 0.909583 0.056250 0.089167
0 0.270937 0.762917 0.046875 0.089167
0 0.790625 0.041667 0.047500 0.080000
0 0.677188 0.848750 0.054375 0.089167
