0 0.925000 0.776250 0.073750 0.094167
0 0.739062 0.140417 0.063125 0.079167
0 0.233750 0.836250 0.067500 0.095833
0 0.821250 0.610417 0.060000 0.089167
0 0.330313 0.670417 0.063125 0.092500
0 0.494688 0.385000 0.065625 0.080000
0 0.190312 0.277083 0.061875 0.084167
0 0.889687 0.193333 0.066875 0.091667
0 0.076875 0.168333 0.065000 0.081667
0 0.433750 0.495833 0.068750 0.083333
0 0.521563 0.887083 0.080625 0.099167
0 0.847187 0.084167 0.065625 0.078333
0 0.671562 0.276667 0.068125 0.088333
0 0.380312 0.871667 0.066875 0.085000
0 0.672500 0.128333 0.061250 0.083333
0 0.625313 0.907083 0.073125 0.095833
0 0.955313 0.411250 0.071875 0.085833
0 0.565000 0.357500 0.068750 0.086667
0 0.666250 0.427500 0.073750 0.103333
0 0.183438 0.423750 0.071875 0.095833
0 0.095937 0.408333 0.058125 0.083333
0 0.444688 0.647500 0.060625 0.083333
0 0.118125 0.297500 0.063750 0.083333
0 0.575000 0.244583 0.070000 0.089167
0 0.895625 0.905000 0.067500 0.080000
0 0.792500 0.773750 0.066250 0.082500
0 0.751875 0.623333 0.067500 0.080000
0 0.325937 0.780833 0.075625 0.101667
0 0.605000 0.275000 0.062500 0.088333
4 0.669687 0.805833 0.071875 0.106667
0 0.725313 0.477917 0.073125 0.099167
0 0.800937 0.320000 0.060625 0.086667
0 0.247500 0.306667 0.071250 0.101667
0 0.794687 0.871667 0.076875 0.105000
0 0.911563 0.487083 0.066875 0.089167
0 0.780000 0.528750 0.070000 0.099167
0 0.530000 0.135417 0.060000 0.084167
0 0.295000 0.192500 0.082500 0.103333
0 0.734688 0.827500 0.058125 0.086667
0 0.803125 0.945417 0.078750 0.099167
4 0.263437 0.081667 0.076875 0.095000
0 0.945312 0.112500 0.079375 0.105000
0 0.449688 0.203750 0.063125 0.109167
0 0.035937 0.124167 0.055625 0.093333
0 0.829688 0.237500 0.070625 0.091667
0 0.524687 0.442083 0.075625 0.105833
0 0.620000 0.059583 0.065000 0.100833
0 0.946562 0.895000 0.058125 0.096667
0 0.749375 0.298333 0.071250 0.103333
0 0.451875 0.562083 0.060000 0.082500
0 0.119375 0.683333 0.078750 0.088333
0 0.394688 0.199583 0.065625 0.087500
0 0.555625 0.079583 0.063750 0.089167
0 0.446562 0.905833 0.060625 0.090000
0 0.131562 0.757083 0.065625 0.094167
0 0.374063 0.170000 0.059375 0.086667
0 0.089063 0.756250 0.065625 0.099167
0 0.045625 0.771667 0.066250 0.096667
0 0.610625 0.107083 0.065000 0.092500
