0 0.468750 0.075000 0.073750 0.093333
0 0.419687 0.537083 0.071875 0.090833
0 0.647813 0.867917 0.078125 0.097500
0 0.200313 0.293750 0.079375 0.095833
0 0.478125 0.780417 0.077500 0.080833
0 0.750938 0.094583 0.085625 0.107500
0 0.279375 0.544583 0.078750 0.090833
0 0.797813 0.635000 0.073125 0.100000
0 0.655312 0.621250 0.066875 0.099167
0 0.152812 0.073333 0.081875 0.106667
0 0.723125 0.740000 0.072500 0.098333
0 0.917188 0.220833 0.076875 0.105000
0 0.146250 0.401667 0.075000 0.098333
0 0.166563 0.192917 0.076875 0.100833
0 0.864375 0.060833 0.078750 0.106667
0 0.645000 0.426667 0.077500 0.103333
0 0.831875 0.443333 0.075000 0.096667
0 0.121875 0.275417 0.076250 0.104167
0 0.138125 0.960000 0.066250 0.080000
0 0.220312 0.395417 0.068125 0.089167
0 0.197500 0.552917 0.070000 0.087500
0 0.577500 0.240417 0.077500 0.102500
0 0.725625 0.456667 0.073750 0.108333
0 0.458125 0.426250 0.067500 0.092500
0 0.226875 0.098750 0.071250 0.097500
0 0.374688 0.603750 0.083125 0.105833
0 0.350938 0.238333 0.076875 0.093333
0 0.481875 0.339167 0.085000 0.083333
0 0.482812 0.599167 0.066875 0.096667
0 0.400000 0.164583 0.085000 0.110833
0 0.726250 0.616667 0.075000 0.093333
0 0.671875 0.530000 0.057500 0.101667
0 0.450000 0.259583 0.058750 0.110833
0 0.963750 0.722917 0.071250 0.097500
0 0.390625 0.906250 0.067500 0.089167
0 0.029687 0.373750 0.059375 0.089167
0 0.315937 0.667083 0.066875 0.089167
0 0.130938 0.490000 0.073125 0.093333
0 0.759062 0.355417 0.068125 0.094167
0 0.803438 0.192083 0.083125 0.104167
0 0.450625 0.687500 0.078750 0.103333
0 0.565625 0.928750 0.072500 0.100833
0 0.726562 0.239583 0.078125 0.090833
0 0.602187 0.348333 0.075625 0.096667
0 0.085000 0.357917 0.065000 0.095833
0 0.390000 0.720417 0.066250 0.084167
0 0.038125 0.066250 0.073750 0.122500
0 0.312812 0.280417 0.081875 0.099167
0 0.085625 0.787500 0.073750 0.100000
0 0.567813 0.362083 0.075625 0.089167
0 0.913438 0.467917 0.075625 0.082500
0 0.525000 0.118333 0.052500 0.095000
0 0.168125 0.814583 0.091250 0.087500
0 0.724688 0.520833 0.065625 0.090000
2 0.370312 0.396250 0.075625 0.137500
0 0.262188 0.862500 0.054375 0.103333
2 0.295938 0.409583 0.073125 0.147500
0 0.273750 0.460417 0.077500 0.082500
