0 0.703125 0.070000 0.063750 0.088333
0 0.403125 0.404583 0.077500 0.095833
0 0.287500 0.852917 0.070000 0.075833
0 0.218125 0.217083 0.077500 0.087500
0 0.494375 0.857917 0.080000 0.094167
0 0.875000 0.586250 0.075000 0.089167
0 0.442188 0.506667 0.064375 0.096667
0 0.420625 0.610417 0.063750 0.084167
0 0.760000 0.890833 0.071250 0.103333
0 0.269688 0.782500 0.079375 0.081667
0 0.250312 0.442083 0.070625 0.085833
0 0.298125 0.617917 0.071250 0.080833
0 0.436250 0.676250 0.062500 0.079167
0 0.243438 0.348750 0.059375 0.069167
0 0.189375 0.537083 0.061250 0.089167
0 0.845313 0.124583 0.074375 0.102500
0 0.817500 0.343750 0.076250 0.089167
0 0.585938 0.747917 0.073125 0.099167
0 0.655000 0.838333 0.068750 0.108333
0 0.495312 0.701250 0.081875 0.084167
0 0.048125 0.669583 0.060000 0.119167
0 0.902500 0.728750 0.073750 0.077500
0 0.578125 0.463750 0.065000 0.089167
0 0.065312 0.522917 0.060625 0.104167
0 0.100312 0.389167 0.068125 0.111667
0 0.914687 0.099583 0.066875 0.089167
0 0.578125 0.164167 0.067500 0.098333
0 0.848437 0.480000 0.070625 0.075000
0 0.934063 0.528333 0.065625 0.105000
0 0.514687 0.586250 0.061875 0.087500
0 0.545312 0.056250 0.073125 0.099167
0 0.747812 0.208333 0.083125 0.075000
0 0.161562 0.350000 0.066875 0.080000
0 0.616250 0.301667 0.061250 0.085000
0 0.357187 0.915417 0.070625 0.084167
0 0.562813 0.283333 0.060625 0.096667
0 0.135937 0.530417 0.069375 0.097500
0 0.166875 0.804583 0.086250 0.084167
0 0.786875 0.460833 0.080000 0.075000
0 0.486875 0.225833 0.091250 0.066667
0 0.523125 0.433750 0.053750 0.087500
0 0.504687 0.384167 0.084375 0.078333
0 0.103750 0.217917 0.068750 0.092500
0 0.340000 0.714583 0.068750 0.097500
0 0.688125 0.676250 0.090000 0.077500
0 0.086250 0.605417 0.082500 0.075833
0 0.125625 0.670000 0.082500 0.071667
0 0.936875 0.333750 0.068750 0.104167
0 0.619687 0.364583 0.075625 0.080833
0 0.555937 0.593333 0.065625 0.095000
0 0.698438 0.604583 0.090625 0.072500
0 0.674063 0.190417 0.068125 0.105833
0 0.190312 0.400833 0.076875 0.088333
0 0.669063 0.563333 0.088125 0.095000
0 0.115937 0.724583 0.088125 0.074167
0 0.647188 0.507917 0.079375 0.079167
0 0.845938 0.847083 0.073125 0.115833
0 0.735938 0.782083 0.066875 0.100833
0 0.075313 0.235833 0.060625 0.086667
0 0.223125 0.639167 0.080000 0.091667
0 0.793438 0.607500 0.078125 0.098333
0 0.167500 0.757083 0.082500 0.067500
0 0.326250 0.661250 0.068750 0.080833
