0 0.150625 0.140833 0.060000 0.088333
0 0.345000 0.681250 0.063750 0.082500
0 0.068437 0.417500 0.065625 0.086667
0 0.551562 0.566667 0.060625 0.090000
0 0.755000 0.396667 0.066250 0.081667
0 0.561875 0.347083 0.071250 0.092500
0 0.890938 0.360833 0.068125 0.086667
0 0.867188 0.736250 0.065625 0.104167
0 0.704375 0.607917 0.057500 0.095833
0 0.914062 0.902083 0.070625 0.099167
0 0.601562 0.192083 0.066875 0.104167
0 0.759062 0.621250 0.059375 0.099167
0 0.181250 0.839583 0.062500 0.089167
0 0.841875 0.103333 0.061250 0.098333
0 0.136563 0.351667 0.061875 0.085000
0 0.890312 0.274583 0.071875 0.089167
0 0.643437 0.457083 0.074375 0.095833
0 0.398438 0.798750 0.071875 0.095833
0 0.252500 0.825000 0.068750 0.096667
0 0.665312 0.397500 0.068125 0.095000
0 0.696875 0.708333 0.066250 0.093333
0 0.542813 0.816250 0.064375 0.107500
0 0.452813 0.563333 0.069375 0.105000
0 0.915937 0.802083 0.069375 0.089167
0 0.520938 0.483333 0.063125 0.093333
0 0.648750 0.650833 0.063750 0.091667
0 0.925312 0.695000 0.065625 0.095000
0 0.215938 0.225833 0.066875 0.093333
0 0.179375 0.648750 0.065000 0.107500
0 0.041250 0.139583 0.065000 0.107500
0 0.369688 0.559167 0.059375 0.113333
0 0.388437 0.394167 0.069375 0.100000
0 0.232500 0.504583 0.063750 0.102500
0 0.762188 0.053750 0.070625 0.089167
0 0.250937 0.166667 0.064375 0.110000
0 0.169063 0.426667 0.069375 0.093333
4 0.213750 0.589167 0.080000 0.116667
0 0.487187 0.523333 0.064375 0.086667
0 0.278750 0.494583 0.057500 0.107500
0 0.883750 0.180417 0.062500 0.104167
0 0.415000 0.578333 0.062500 0.128333
0 0.356250 0.363750 0.055000 0.099167
0 0.425938 0.272083 0.049375 0.124167
0 0.376563 0.257500 0.049375 0.120000
0 0.244375 0.684583 0.063750 0.092500
