0 0.390000 0.742917 0.062500 0.082500
0 0.200625 0.437500 0.060000 0.085000
0 0.302187 0.668750 0.065625 0.080833
0 0.618750 0.216667 0.073750 0.091667
0 0.890938 0.684167 0.065625 0.086667
0 0.237187 0.180833 0.075625 0.106667
0 0.573125 0.503333 0.070000 0.086667
0 0.397188 0.476667 0.069375 0.086667
0 0.567813 0.712917 0.068125 0.087500
0 0.771250 0.376667 0.062500 0.093333
0 0.140313 0.920417 0.080625 0.095833
0 0.316563 0.085833 0.063125 0.081667
0 0.812813 0.637083 0.068125 0.090833
0 0.459062 0.844583 0.064375 0.090833
0 0.711875 0.175833 0.068750 0.101667
0 0.128750 0.549167 0.058750 0.088333
0 0.671875 0.466250 0.073750 0.094167
0 0.380937 0.298333 0.060625 0.083333
0 0.772500 0.813750 0.068750 0.092500
0 0.442500 0.312917 0.066250 0.109167
0 0.629062 0.840000 0.070625 0.086667
0 0.515000 0.796667 0.075000 0.106667
0 0.278750 0.592917 0.062500 0.080833
0 0.518750 0.355833 0.078750 0.090000
0 0.470000 0.925417 0.071250 0.080833
0 0.384688 0.195000 0.063125 0.085000
0 0.260000 0.527083 0.062500 0.075833
0 0.285000 0.920000 0.076250 0.095000
0 0.496563 0.254583 0.071875 0.084167
0 0.730625 0.569583 0.056250 0.074167
1 0.690000 0.731667 0.078750 0.106667
0 0.894687 0.502083 0.059375 0.085833
0 0.280625 0.835833 0.072500 0.071667
0 0.850313 0.439167 0.074375 0.093333
0 0.447813 0.426667 0.061875 0.056667
0 0.043437 0.502917 0.053125 0.079167
0 0.950625 0.644167 0.065000 0.086667
0 0.819063 0.352083 0.054375 0.104167
0 0.119375 0.230000 0.072500 0.091667
0 0.611250 0.413333 0.072500 0.091667
0 0.566250 0.414167 0.068750 0.096667
0 0.884687 0.067500 0.063125 0.083333
0 0.715000 0.312083 0.053750 0.070833
0 0.701250 0.951667 0.060000 0.086667
0 0.062500 0.290000 0.063750 0.075000
0 0.672500 0.897917 0.063750 0.100833
0 0.085625 0.484167 0.068750 0.083333
0 0.518750 0.049583 0.073750 0.097500
0 0.049375 0.873333 0.062500 0.076667
0 0.506250 0.457917 0.067500 0.077500
0 0.930000 0.870417 0.058750 0.079167
0 0.825000 0.072917 0.062500 0.092500
0 0.162500 0.141667 0.057500 0.073333
0 0.620938 0.923750 0.056875 0.070833
0 0.472813 0.724583 0.060625 0.079167
0 0.032500 0.097500 0.060000 0.088333
0 0.656563 0.368750 0.083125 0.089167
0 0.784375 0.278333 0.078750 0.093333
0 0.126875 0.715000 0.058750 0.075000
0 0.064687 0.945833 0.071875 0.088333
0 0.971250 0.207500 0.055000 0.080000
1 0.105938 0.397500 0.086875 0.115000
1 0.145937 0.335000 0.081875 0.125000
0 0.504062 0.195833 0.050625 0.076667
0 0.817813 0.460000 0.056875 0.078333
0 0.183438 0.081250 0.064375 0.084167
0 0.819375 0.737083 0.060000 0.069167
