0 0.050625 0.115833 0.063750 0.088333
0 0.400000 0.720417 0.058750 0.077500
0 0.063125 0.734583 0.080000 0.099167
0 0.085625 0.202500 0.071250 0.095000
1 0.377188 0.130000 0.076875 0.103333
0 0.745000 0.707083 0.068750 0.087500
0 0.330000 0.306667 0.055000 0.078333
0 0.137813 0.439583 0.055625 0.055833
0 0.149688 0.677917 0.070625 0.095833
0 0.155938 0.371667 0.056875 0.070000
0 0.573750 0.732917 0.068750 0.087500
0 0.770312 0.129167 0.069375 0.086667
0 0.813750 0.608333 0.062500 0.098333
1 0.442500 0.890000 0.086250 0.113333
0 0.681250 0.557917 0.067500 0.089167
0 0.551250 0.612917 0.056250 0.082500
0 0.210000 0.932917 0.062500 0.079167
0 0.340625 0.929167 0.075000 0.088333
0 0.797813 0.764167 0.065625 0.091667
0 0.297500 0.870417 0.070000 0.085833
0 0.780937 0.908333 0.064375 0.078333
0 0.751563 0.486250 0.055625 0.074167
0 0.858125 0.255833 0.073750 0.083333
0 0.252188 0.049583 0.065625 0.089167
0 0.617812 0.855833 0.063125 0.076667
0 0.833438 0.176250 0.066875 0.075833
0 0.583438 0.069167 0.069375 0.083333
0 0.495937 0.748750 0.065625 0.082500
0 0.896875 0.560000 0.068750 0.073333
0 0.845938 0.937083 0.061875 0.075833
0 0.297500 0.408333 0.053750 0.106667
0 0.879375 0.458750 0.061250 0.077500
0 0.099375 0.911250 0.070000 0.075833
0 0.561875 0.502083 0.070000 0.084167
0 0.416875 0.316667 0.065000 0.086667
0 0.732500 0.830000 0.053750 0.071667
0 0.388125 0.244167 0.065000 0.086667
0 0.650312 0.190417 0.065625 0.082500
0 0.257500 0.368750 0.067500 0.089167
0 0.940625 0.236667 0.066250 0.081667
0 0.364687 0.365417 0.050625 0.072500
0 0.245312 0.302083 0.069375 0.092500
0 0.187188 0.216667 0.063125 0.083333
0 0.199687 0.110000 0.063125 0.078333
0 0.194688 0.731250 0.073125 0.090833
0 0.933438 0.147917 0.069375 0.087500
0 0.309375 0.087917 0.067500 0.094167
0 0.684375 0.129583 0.062500 0.080833
0 0.720625 0.312500 0.057500 0.065000
0 0.665312 0.795000 0.061875 0.083333
0 0.335313 0.758333 0.065625 0.090000
0 0.584688 0.185833 0.064375 0.080000
0 0.644375 0.077083 0.050000 0.070833
1 0.336875 0.619167 0.073750 0.100000
0 0.780000 0.309167 0.063750 0.066667
0 0.515000 0.379167 0.053750 0.063333
0 0.313750 0.695417 0.060000 0.069167
0 0.961562 0.937917 0.066875 0.077500
0 0.935937 0.835000 0.074375 0.075000
6 0.935000 0.773333 0.090000 0.101667
0 0.891875 0.604167 0.055000 0.075000
0 0.298125 0.223750 0.060000 0.090833
0 0.256875 0.574167 0.056250 0.070000
0 0.167500 0.583333 0.052500 0.066667
0 0.905625 0.362917 0.051250 0.067500
0 0.623750 0.514167 0.052500 0.081667
0 0.556562 0.909583 0.059375 0.087500
0 0.755000 0.952500 0.057500 0.056667
0 0.953438 0.311667 0.054375 0.080000
0 0.264688 0.645833 0.053125 0.073333
0 0.279062 0.157083 0.073125 0.089167
0 0.433437 0.766667 0.060625 0.068333
0 0.431875 0.048333 0.068750 0.075000
0 0.465313 0.378750 0.051875 0.080833
0 0.763750 0.590417 0.053750 0.064167
0 0.219688 0.247500 0.063125 0.081667
0 0.350000 0.421667 0.061250 0.076667
0 0.967812 0.622500 0.056875 0.065000
0 0.625625 0.937083 0.057500 0.082500
0 0.722187 0.631250 0.058125 0.069167
0 0.363438 0.585833 0.049375 0.065000
0 0.809063 0.431667 0.050625 0.065000
0 0.971250 0.532083 0.055000 0.067500
0 0.528750 0.916250 0.057500 0.084167
0 0.221250 0.863750 0.076250 0.057500
1 0.639687 0.323750 0.078125 0.130833
0 0.538438 0.435417 0.046875 0.067500
0 0.797813 0.866250 0.060625 0.077500
0 0.860938 0.658750 0.049375 0.059167
0 0.624375 0.411667 0.057500 0.073333
0 0.254063 0.718750 0.053125 0.067500
0 0.315625 0.793333 0.051250 0.073333
0 0.917813 0.887083 0.061875 0.064167
0 0.661875 0.237500 0.050000 0.073333
0 0.616250 0.256250 0.055000 0.057500
0 0.291563 0.119167 0.066875 0.080000
0 0.829375 0.042917 0.058750 0.079167
