0 0.789062 0.181250 0.074375 0.104167
0 0.055625 0.192917 0.068750 0.097500
0 0.813438 0.560000 0.083125 0.101667
0 0.331562 0.311667 0.081875 0.115000
0 0.251250 0.279583 0.080000 0.102500
0 0.929688 0.498750 0.086875 0.105833
0 0.604375 0.712500 0.070000 0.095000
0 0.472500 0.420000 0.082500 0.103333
0 0.317188 0.630000 0.071875 0.101667
0 0.855313 0.246667 0.069375 0.106667
0 0.857812 0.935833 0.071875 0.098333
0 0.760312 0.310833 0.074375 0.096667
0 0.695312 0.769583 0.073125 0.112500
0 0.559375 0.840417 0.082500 0.104167
1 0.244375 0.546667 0.091250 0.145000
0 0.592812 0.184583 0.076875 0.099167
0 0.071563 0.575417 0.066875 0.097500
0 0.143437 0.194167 0.071875 0.098333
0 0.391250 0.156250 0.070000 0.102500
0 0.241563 0.808333 0.081875 0.108333
0 0.896563 0.872083 0.074375 0.097500
0 0.170000 0.838333 0.063750 0.095000
0 0.511563 0.676667 0.076875 0.086667
0 0.832187 0.735833 0.068125 0.100000
0 0.536875 0.482917 0.072500 0.094167
0 0.528750 0.587500 0.081250 0.100000
0 0.378437 0.642917 0.079375 0.104167
0 0.933125 0.205000 0.086250 0.123333
0 0.898750 0.765833 0.065000 0.096667
0 0.216875 0.154583 0.085000 0.107500
0 0.636875 0.050000 0.085000 0.098333
0 0.282500 0.582500 0.072500 0.090000
0 0.335938 0.810000 0.074375 0.110000
0 0.952500 0.329583 0.076250 0.109167
0 0.681250 0.142917 0.070000 0.089167
0 0.614062 0.926250 0.078125 0.089167
0 0.372812 0.841250 0.063125 0.085833
0 0.709063 0.510000 0.088125 0.096667
0 0.504375 0.706250 0.073750 0.099167
0 0.120625 0.923333 0.071250 0.085000
0 0.811250 0.741667 0.071250 0.086667
0 0.753437 0.289167 0.069375 0.088333
0 0.896875 0.737917 0.062500 0.104167
