1 0.057813 0.645833 0.076875 0.096667
0 0.100625 0.439167 0.075000 0.091667
0 0.618437 0.575833 0.068125 0.086667
0 0.579688 0.915417 0.063125 0.082500
0 0.059687 0.148333 0.079375 0.095000
3 0.302500 0.767083 0.085000 0.092500
0 0.331875 0.928333 0.070000 0.101667
0 0.153438 0.735000 0.065625 0.093333
0 0.187812 0.593333 0.070625 0.103333
0 0.568438 0.310833 0.074375 0.090000
0 0.509375 0.497500 0.078750 0.088333
0 0.680000 0.539167 0.072500 0.095000
0 0.716875 0.352917 0.072500 0.082500
0 0.532500 0.131667 0.071250 0.090000
0 0.760938 0.920417 0.079375 0.087500
0 0.104063 0.373750 0.066875 0.089167
0 0.416563 0.857083 0.065625 0.079167
0 0.154375 0.204583 0.062500 0.084167
0 0.627812 0.354583 0.068125 0.094167
0 0.397813 0.936667 0.064375 0.083333
0 0.750938 0.156250 0.060625 0.087500
0 0.774375 0.455417 0.075000 0.110833
0 0.568125 0.196667 0.072500 0.088333
0 0.964375 0.552083 0.063750 0.092500
0 0.810937 0.834583 0.073125 0.104167
0 0.434375 0.529167 0.068750 0.083333
0 0.169375 0.918333 0.065000 0.091667
0 0.867812 0.118750 0.074375 0.097500
0 0.459688 0.319167 0.076875 0.098333
0 0.851875 0.411250 0.073750 0.094167
0 0.347187 0.259167 0.059375 0.066667
0 0.577500 0.515000 0.061250 0.083333
0 0.136563 0.298750 0.055625 0.069167
0 0.903750 0.699167 0.062500 0.088333
0 0.340625 0.681250 0.057500 0.079167
0 0.227813 0.415833 0.060625 0.078333
0 0.812187 0.172917 0.069375 0.089167
0 0.300625 0.220000 0.071250 0.078333
0 0.852187 0.751667 0.073125 0.098333
1 0.345625 0.436250 0.082500 0.100833
0 0.260000 0.085000 0.063750 0.086667
0 0.788750 0.323333 0.057500 0.076667
0 0.663750 0.120000 0.053750 0.086667
0 0.225312 0.512500 0.049375 0.068333
0 0.692187 0.766250 0.061875 0.072500
0 0.374375 0.093333 0.057500 0.086667
0 0.945000 0.937083 0.056250 0.079167
0 0.238437 0.285417 0.058125 0.069167
0 0.044687 0.513750 0.061875 0.087500
0 0.608437 0.235833 0.066875 0.085000
0 0.435000 0.744583 0.065000 0.069167
0 0.667500 0.269583 0.058750 0.069167
0 0.934688 0.437917 0.060625 0.087500
0 0.748750 0.754167 0.053750 0.068333
0 0.373437 0.565000 0.068125 0.081667
0 0.289687 0.146667 0.070625 0.066667
0 0.505625 0.427500 0.060000 0.070000
0 0.101250 0.809167 0.067500 0.078333
0 0.060000 0.817917 0.050000 0.077500
0 0.509062 0.260000 0.070625 0.085000
0 0.665625 0.830000 0.050000 0.065000
0 0.494688 0.873333 0.054375 0.071667
0 0.247500 0.825417 0.068750 0.084167
0 0.219688 0.885417 0.055625 0.069167
0 0.271562 0.863333 0.066875 0.081667
0 0.663438 0.484583 0.063125 0.084167
0 0.963437 0.662917 0.066875 0.080833
0 0.035312 0.218750 0.049375 0.069167
0 0.400313 0.459583 0.061875 0.087500
0 0.430312 0.441250 0.069375 0.085833
0 0.089063 0.555833 0.061875 0.065000
0 0.409687 0.683750 0.066875 0.074167
0 0.446250 0.404583 0.068750 0.080833
0 0.888750 0.391667 0.053750 0.080000
0 0.567813 0.710833 0.051875 0.073333
0 0.201875 0.158333 0.051250 0.066667
0 0.862187 0.496250 0.053125 0.072500
0 0.208125 0.689583 0.060000 0.067500
0 0.603437 0.090417 0.060625 0.077500
0 0.959688 0.432500 0.061875 0.083333
0 0.885312 0.921667 0.078125 0.081667
0 0.617812 0.675833 0.058125 0.070000
0 0.857187 0.247917 0.055625 0.065833
0 0.255937 0.447500 0.060625 0.083333
0 0.345000 0.512917 0.051250 0.074167
0 0.881250 0.847083 0.071250 0.099167
0 0.891250 0.195000 0.058750 0.075000
0 0.449062 0.087083 0.058125 0.067500
0 0.490000 0.191667 0.057500 0.065000
0 0.131562 0.900417 0.075625 0.080833
0 0.105313 0.687917 0.044375 0.054167
0 0.213750 0.038750 0.051250 0.065833
0 0.436250 0.216667 0.050000 0.078333
0 0.376875 0.761667 0.050000 0.068333
0 0.497812 0.956250 0.060625 0.084167
0 0.958438 0.852083 0.061875 0.059167
0 0.625938 0.472500 0.060625 0.073333
1 0.414687 0.265417 0.081875 0.082500
0 0.223750 0.754167 0.068750 0.075000
0 0.435312 0.140833 0.059375 0.076667
0 0.352812 0.039583 0.058125 0.079167
0 0.933438 0.043750 0.041875 0.059167
0 0.965938 0.762500 0.065625 0.085000
