0 0.824688 0.120833 0.066875 0.086667
0 0.816250 0.559167 0.062500 0.093333
0 0.065312 0.788333 0.063125 0.081667
0 0.571875 0.685417 0.062500 0.090833
0 0.498125 0.646667 0.050000 0.070000
0 0.343750 0.731667 0.067500 0.090000
0 0.108438 0.844167 0.059375 0.090000
0 0.338750 0.625000 0.060000 0.083333
0 0.675937 0.594583 0.063125 0.084167
0 0.465625 0.486250 0.066250 0.072500
0 0.195312 0.718333 0.063125 0.085000
0 0.233125 0.626667 0.052500 0.083333
0 0.076250 0.413333 0.062500 0.091667
0 0.805937 0.759583 0.060625 0.087500
0 0.710000 0.871667 0.070000 0.113333
0 0.281250 0.182500 0.058750 0.081667
0 0.381250 0.547500 0.058750 0.090000
0 0.413125 0.637500 0.066250 0.090000
0 0.583438 0.260833 0.058125 0.076667
0 0.586562 0.351250 0.065625 0.074167
0 0.295312 0.257083 0.076875 0.099167
0 0.746875 0.447917 0.063750 0.079167
0 0.149375 0.523333 0.061250 0.086667
0 0.086250 0.571667 0.062500 0.085000
0 0.159688 0.940417 0.065625 0.089167
0 0.610625 0.048333 0.067500 0.093333
0 0.404375 0.354167 0.065000 0.080000
0 0.285313 0.697083 0.059375 0.085833
0 0.610313 0.810000 0.061875 0.086667
0 0.705000 0.758750 0.063750 0.089167
0 0.748437 0.147917 0.069375 0.075833
0 0.048438 0.154583 0.061875 0.087500
0 0.213125 0.166250 0.063750 0.087500
0 0.869375 0.196667 0.067500 0.080000
0 0.685625 0.363333 0.067500 0.100000
0 0.509375 0.761667 0.061250 0.093333
0 0.848750 0.692500 0.058750 0.078333
0 0.142187 0.169167 0.058125 0.078333
0 0.759375 0.678750 0.072500 0.074167
0 0.768437 0.054167 0.064375 0.091667
0 0.544687 0.207083 0.061875 0.075833
0 0.482187 0.555000 0.075625 0.083333
0 0.215312 0.338750 0.064375 0.087500
0 0.205000 0.852500 0.058750 0.078333
0 0.355625 0.200000 0.065000 0.090000
0 0.608750 0.939167 0.060000 0.086667
0 0.856875 0.619583 0.068750 0.074167
0 0.799063 0.247083 0.071875 0.082500
0 0.476875 0.235417 0.060000 0.077500
0 0.635312 0.182083 0.069375 0.079167
0 0.537500 0.420833 0.067500 0.096667
0 0.935625 0.796250 0.066250 0.087500
0 0.634375 0.693333 0.053750 0.106667
0 0.678750 0.069167 0.060000 0.095000
0 0.718750 0.530833 0.065000 0.070000
0 0.862500 0.497500 0.060000 0.081667
0 0.257812 0.794583 0.065625 0.087500
0 0.792188 0.376250 0.064375 0.077500
0 0.287187 0.580417 0.058125 0.077500
0 0.070625 0.057083 0.056250 0.094167
0 0.395625 0.450417 0.053750 0.074167
0 0.795625 0.281250 0.057500 0.074167
0 0.330313 0.815417 0.059375 0.072500
0 0.740938 0.621250 0.060625 0.079167
0 0.927813 0.577500 0.060625 0.068333
0 0.924375 0.183750 0.063750 0.089167
0 0.676875 0.121667 0.058750 0.088333
0 0.491250 0.113750 0.071250 0.079167
0 0.565937 0.506667 0.063125 0.091667
0 0.441875 0.103750 0.070000 0.070833
0 0.696875 0.230000 0.062500 0.093333
0 0.450313 0.386667 0.065625 0.080000
0 0.228437 0.048333 0.068125 0.096667
0 0.060312 0.617083 0.065625 0.079167
0 0.559688 0.097083 0.059375 0.105833
0 0.652188 0.506667 0.053125 0.073333
0 0.120938 0.749583 0.060625 0.082500
0 0.407187 0.837500 0.069375 0.100000
0 0.700625 0.291250 0.061250 0.087500
0 0.390625 0.932917 0.056250 0.074167
0 0.960938 0.674167 0.058125 0.091667
0 0.859062 0.920417 0.074375 0.097500
0 0.509375 0.939167 0.061250 0.065000
0 0.177813 0.814167 0.066875 0.090000
0 0.450625 0.860000 0.076250 0.121667
0 0.796875 0.856667 0.068750 0.081667
0 0.120313 0.952083 0.065625 0.092500
0 0.071563 0.203750 0.065625 0.075833
0 0.136563 0.079167 0.061875 0.066667
0 0.168437 0.380833 0.054375 0.080000
0 0.870625 0.354167 0.052500 0.080000
0 0.291875 0.455833 0.061250 0.081667
0 0.550312 0.859583 0.055625 0.067500
0 0.532813 0.460000 0.051875 0.075000
0 0.171875 0.431250 0.058750 0.077500
0 0.932187 0.206667 0.041875 0.078333
0 0.099062 0.465417 0.044375 0.100833
0 0.437188 0.894583 0.054375 0.070833
0 0.483438 0.960417 0.058125 0.072500
0 0.781563 0.890833 0.056875 0.093333
0 0.644375 0.721667 0.040000 0.095000
0 0.623437 0.845833 0.058125 0.065000
0 0.764375 0.642917 0.060000 0.082500
0 0.775000 0.291250 0.063750 0.069167
0 0.746875 0.112500 0.051250 0.091667
0 0.530937 0.120000 0.064375 0.080000
0 0.603750 0.266667 0.058750 0.073333
0 0.445000 0.233750 0.063750 0.074167
0 0.405000 0.140000 0.056250 0.066667
0 0.381250 0.158333 0.057500 0.083333
0 0.377188 0.247500 0.054375 0.091667
0 0.210000 0.203333 0.055000 0.080000
0 0.040625 0.305000 0.063750 0.076667
0 0.049375 0.240833 0.081250 0.078333
0 0.123750 0.042917 0.050000 0.074167
0 0.226562 0.310417 0.046875 0.079167
0 0.072188 0.643750 0.049375 0.079167
0 0.096875 0.722917 0.048750 0.059167
0 0.024375 0.314583 0.048750 0.072500
0 0.189375 0.409583 0.052500 0.079167
0 0.230000 0.860000 0.053750 0.090000
0 0.297187 0.887500 0.040625 0.083333
0 0.285625 0.838333 0.048750 0.110000
0 0.371250 0.802917 0.071250 0.082500
0 0.312812 0.457917 0.051875 0.082500
0 0.298125 0.422917 0.058750 0.090833
0 0.479687 0.365833 0.054375 0.088333
0 0.460625 0.402500 0.061250 0.081667
0 0.397188 0.488750 0.054375 0.089167
0 0.452188 0.564583 0.061875 0.085833
0 0.508750 0.660000 0.057500 0.073333
0 0.346562 0.837083 0.061875 0.089167
0 0.946562 0.820833 0.053125 0.083333
0 0.886250 0.313333 0.052500 0.086667
0 0.873125 0.330417 0.068750 0.067500
0 0.769375 0.360833 0.067500 0.058333
0 0.805625 0.400833 0.057500 0.075000
0 0.680000 0.442083 0.053750 0.049167
0 0.632188 0.515417 0.055625 0.077500
0 0.660000 0.169583 0.057500 0.090833
0 0.633750 0.485833 0.061250 0.080000
0 0.545625 0.512500 0.062500 0.083333
0 0.924687 0.523750 0.055625 0.095833
0 0.913438 0.572083 0.078125 0.100833
0 0.406875 0.267500 0.060000 0.070000
0 0.142187 0.057083 0.078125 0.075833
0 0.747812 0.565000 0.055625 0.081667
0 0.535625 0.872083 0.062500 0.084167
