0 0.070625 0.512917 0.087500 0.104167
0 0.311875 0.182083 0.073750 0.095833
0 0.952187 0.660833 0.088125 0.105000
0 0.176563 0.378333 0.083125 0.096667
0 0.390000 0.884583 0.082500 0.099167
0 0.811875 0.454583 0.076250 0.115833
0 0.540312 0.522500 0.079375 0.101667
0 0.661250 0.448750 0.085000 0.107500
0 0.884687 0.409583 0.076875 0.114167
0 0.380937 0.350417 0.079375 0.100833
0 0.262813 0.736250 0.080625 0.107500
0 0.964063 0.261667 0.071875 0.100000
0 0.921562 0.487500 0.073125 0.100000
0 0.498125 0.348750 0.077500 0.099167
0 0.460938 0.267500 0.086875 0.098333
0 0.360000 0.101667 0.081250 0.091667
0 0.650625 0.151667 0.068750 0.103333
0 0.651250 0.836250 0.080000 0.087500
0 0.836875 0.607500 0.091250 0.108333
0 0.757188 0.633333 0.079375 0.108333
0 0.866563 0.234167 0.086875 0.108333
0 0.293750 0.538750 0.076250 0.110833
0 0.276250 0.337083 0.082500 0.102500
0 0.575937 0.268750 0.069375 0.090833
0 0.263125 0.810417 0.078750 0.092500
0 0.772188 0.902917 0.073125 0.119167
0 0.870000 0.877083 0.093750 0.115833
0 0.891875 0.931250 0.068750 0.102500
0 0.745313 0.241250 0.085625 0.095833
0 0.397500 0.657500 0.066250 0.106667
0 0.554688 0.109583 0.080625 0.087500
0 0.928750 0.782500 0.073750 0.098333
0 0.383125 0.774583 0.072500 0.114167
0 0.519375 0.161250 0.072500 0.089167
0 0.457188 0.803750 0.074375 0.099167
0 0.449375 0.723750 0.081250 0.090833
0 0.449062 0.618750 0.066875 0.120833
0 0.933125 0.305833 0.077500 0.113333
0 0.474375 0.622083 0.083750 0.094167
