0 0.909062 0.730000 0.088125 0.115000
0 0.399687 0.147083 0.078125 0.087500
0 0.305000 0.556667 0.080000 0.103333
0 0.279062 0.829583 0.081875 0.089167
0 0.388125 0.814583 0.071250 0.092500
0 0.369375 0.388750 0.076250 0.100833
0 0.732812 0.540833 0.079375 0.095000
0 0.806875 0.125417 0.068750 0.102500
0 0.326562 0.190000 0.079375 0.100000
0 0.401562 0.482500 0.078125 0.095000
0 0.890938 0.942500 0.083125 0.113333
0 0.202813 0.471667 0.073125 0.111667
0 0.461875 0.401250 0.073750 0.104167
0 0.297187 0.708750 0.083125 0.110833
0 0.560937 0.292083 0.069375 0.109167
0 0.188125 0.853333 0.070000 0.105000
0 0.234687 0.755000 0.076875 0.090000
0 0.394688 0.284583 0.064375 0.100833
0 0.200313 0.177500 0.063125 0.108333
0 0.691562 0.676250 0.074375 0.087500
0 0.840000 0.225000 0.082500 0.105000
0 0.135313 0.872500 0.068125 0.101667
0 0.268750 0.465000 0.077500 0.101667
0 0.195937 0.565833 0.078125 0.098333
0 0.440000 0.256667 0.068750 0.101667
0 0.722187 0.611250 0.076875 0.090833
0 0.305625 0.309167 0.076250 0.125000
0 0.658438 0.758333 0.069375 0.080000
0 0.130000 0.480417 0.057500 0.137500
0 0.200000 0.935417 0.080000 0.085833
0 0.231563 0.345000 0.065625 0.101667
0 0.273438 0.257917 0.076875 0.110833
0 0.144687 0.641250 0.056875 0.145833
0 0.628437 0.791250 0.069375 0.104167
0 0.329062 0.413333 0.070625 0.121667
0 0.266250 0.365417 0.076250 0.115833
0 0.560000 0.337917 0.073750 0.092500
