0 0.617812 0.580417 0.060625 0.077500
0 0.682813 0.495000 0.074375 0.088333
0 0.309063 0.906667 0.068125 0.085000
0 0.530000 0.670417 0.065000 0.090833
0 0.222188 0.060833 0.084375 0.101667
0 0.278438 0.756667 0.075625 0.105000
0 0.315937 0.435833 0.081875 0.080000
0 0.040000 0.201250 0.066250 0.085833
0 0.177813 0.742500 0.090625 0.103333
0 0.585625 0.833333 0.076250 0.088333
0 0.122188 0.186250 0.078125 0.107500
0 0.065625 0.735417 0.076250 0.102500
0 0.335938 0.820417 0.078125 0.087500
0 0.705625 0.775417 0.081250 0.095833
0 0.658125 0.856250 0.073750 0.092500
0 0.796250 0.538333 0.081250 0.098333
0 0.633750 0.669167 0.075000 0.100000
0 0.181562 0.140417 0.063125 0.087500
0 0.895000 0.302083 0.078750 0.100833
0 0.387813 0.885833 0.060625 0.093333
0 0.585625 0.506667 0.067500 0.088333
0 0.245000 0.151667 0.073750 0.095000
0 0.592812 0.704167 0.078125 0.095000
0 0.786563 0.443750 0.083125 0.104167
0 0.443750 0.853333 0.066250 0.083333
0 0.040938 0.304167 0.073125 0.116667
0 0.844375 0.390417 0.073750 0.089167
0 0.626875 0.112500 0.075000 0.098333
0 0.128438 0.354167 0.061875 0.081667
0 0.608437 0.285833 0.066875 0.093333
0 0.910312 0.180833 0.069375 0.105000
0 0.701250 0.627083 0.072500 0.087500
0 0.957812 0.555833 0.074375 0.101667
0 0.803438 0.934583 0.075625 0.102500
0 0.226875 0.873750 0.062500 0.087500
0 0.549375 0.444583 0.071250 0.099167
0 0.772813 0.257500 0.064375 0.086667
0 0.725000 0.406250 0.075000 0.100833
0 0.721562 0.270417 0.063125 0.100833
0 0.803125 0.332917 0.070000 0.087500
0 0.458437 0.716250 0.073125 0.107500
0 0.072500 0.404167 0.071250 0.091667
0 0.764375 0.633750 0.058750 0.067500
0 0.900625 0.624167 0.062500 0.085000
0 0.916875 0.401667 0.073750 0.100000
0 0.117813 0.586667 0.081875 0.110000
0 0.272500 0.366250 0.077500 0.102500
0 0.591562 0.948333 0.070625 0.093333
0 0.720625 0.562917 0.061250 0.079167
0 0.174063 0.878333 0.061875 0.095000
0 0.490938 0.517500 0.068125 0.116667
0 0.677188 0.174583 0.065625 0.094167
0 0.657500 0.952083 0.065000 0.087500
0 0.167187 0.278750 0.068125 0.085833
0 0.316563 0.163750 0.061875 0.085833
0 0.925312 0.452500 0.080625 0.100000
0 0.346875 0.167083 0.071250 0.104167
1 0.144375 0.245000 0.048750 0.066667
1 0.543438 0.120833 0.110625 0.153333
0 0.591562 0.056250 0.056875 0.087500
0 0.667813 0.252083 0.065625 0.087500
0 0.743125 0.375833 0.061250 0.081667
0 0.960000 0.101667 0.063750 0.081667
0 0.860938 0.687083 0.066875 0.084167
0 0.510938 0.460833 0.064375 0.095000
0 0.805937 0.695000 0.064375 0.085000
0 0.503437 0.837500 0.051875 0.075000
0 0.552188 0.883333 0.055625 0.070000
0 0.506563 0.755833 0.064375 0.078333
0 0.800000 0.766667 0.062500 0.085000
0 0.825625 0.823750 0.071250 0.095833
0 0.855000 0.850833 0.052500 0.076667
0 0.859375 0.925000 0.056250 0.071667
