0 0.149062 0.081250 0.066875 0.095833
0 0.629062 0.772500 0.068125 0.081667
0 0.578438 0.329583 0.073125 0.092500
0 0.395937 0.564583 0.066875 0.085833
0 0.603125 0.535000 0.061250 0.078333
0 0.900937 0.842917 0.066875 0.094167
0 0.303438 0.782083 0.074375 0.104167
1 0.327500 0.495000 0.077500 0.115000
0 0.444063 0.250833 0.068125 0.083333
0 0.397500 0.422083 0.065000 0.080833
0 0.406562 0.114583 0.063125 0.089167
0 0.823750 0.356250 0.061250 0.087500
0 0.769687 0.662083 0.069375 0.100833
0 0.167187 0.333333 0.063125 0.076667
0 0.687813 0.905417 0.069375 0.084167
0 0.626875 0.466667 0.061250 0.076667
0 0.928125 0.154167 0.066250 0.095000
0 0.184688 0.825000 0.065625 0.083333
0 0.675625 0.405000 0.067500 0.088333
0 0.058750 0.323750 0.063750 0.074167
0 0.262188 0.872917 0.063125 0.080833
0 0.550312 0.432500 0.051875 0.081667
0 0.411250 0.770000 0.061250 0.081667
0 0.053750 0.560000 0.073750 0.091667
0 0.077500 0.857917 0.057500 0.072500
0 0.779062 0.074167 0.058125 0.098333
0 0.528750 0.875833 0.057500 0.086667
5 0.856875 0.909167 0.082500 0.115000
0 0.647813 0.630833 0.076875 0.075000
0 0.051562 0.952083 0.065625 0.069167
0 0.468438 0.763333 0.064375 0.080000
0 0.147813 0.512083 0.061875 0.090833
0 0.115000 0.813750 0.065000 0.090833
0 0.363125 0.171250 0.055000 0.079167
0 0.499375 0.467083 0.065000 0.079167
0 0.441563 0.674583 0.059375 0.075833
0 0.527188 0.787500 0.071875 0.085000
0 0.493750 0.071667 0.055000 0.075000
0 0.287187 0.687917 0.069375 0.095833
0 0.945937 0.944167 0.060625 0.076667
0 0.720938 0.607917 0.061875 0.094167
0 0.833750 0.248333 0.058750 0.081667
0 0.487187 0.289583 0.065625 0.080833
0 0.482500 0.927917 0.063750 0.087500
0 0.765625 0.873750 0.048750 0.070833
0 0.354063 0.735833 0.060625 0.075000
0 0.525625 0.514167 0.050000 0.066667
0 0.561562 0.860833 0.068125 0.090000
0 0.323437 0.633750 0.060625 0.060833
0 0.745625 0.344583 0.057500 0.069167
0 0.303438 0.392083 0.055625 0.079167
0 0.655937 0.167500 0.058125 0.080000
0 0.375312 0.833750 0.054375 0.077500
0 0.812500 0.711250 0.061250 0.077500
0 0.330313 0.297083 0.061875 0.082500
0 0.270625 0.148750 0.055000 0.079167
0 0.830000 0.794583 0.065000 0.074167
0 0.286562 0.951250 0.051875 0.069167
0 0.379063 0.241667 0.049375 0.060000
0 0.223438 0.680833 0.060625 0.075000
0 0.199687 0.917083 0.069375 0.099167
0 0.714063 0.241667 0.056875 0.063333
0 0.947187 0.048333 0.069375 0.076667
1 0.673438 0.100417 0.069375 0.105833
0 0.353438 0.308333 0.064375 0.078333
0 0.593437 0.677917 0.050625 0.079167
0 0.727187 0.058333 0.051875 0.073333
0 0.307500 0.210000 0.053750 0.073333
0 0.050313 0.273333 0.060625 0.083333
0 0.155938 0.426250 0.049375 0.069167
0 0.506250 0.194583 0.058750 0.067500
0 0.925312 0.593333 0.066875 0.086667
0 0.564375 0.727083 0.050000 0.079167
0 0.543125 0.250000 0.052500 0.070000
0 0.501875 0.344167 0.048750 0.076667
0 0.226875 0.769583 0.056250 0.074167
0 0.114062 0.752917 0.051875 0.069167
0 0.290938 0.571250 0.054375 0.074167
0 0.454375 0.415417 0.052500 0.067500
0 0.230313 0.943750 0.064375 0.097500
0 0.224688 0.048333 0.066875 0.091667
0 0.503750 0.652917 0.052500 0.065833
0 0.285313 0.076667 0.046875 0.070000
0 0.165937 0.851667 0.059375 0.095000
0 0.040938 0.711250 0.048125 0.062500
0 0.054688 0.437917 0.060625 0.075833
0 0.105313 0.592083 0.046875 0.080833
0 0.628750 0.222083 0.051250 0.077500
0 0.970938 0.302083 0.058125 0.077500
0 0.972500 0.381250 0.055000 0.075833
0 0.818750 0.130000 0.056250 0.056667
0 0.970313 0.219167 0.059375 0.073333
0 0.056250 0.495833 0.063750 0.058333
0 0.318750 0.135000 0.051250 0.081667
0 0.024063 0.809583 0.046875 0.065833
0 0.172813 0.707083 0.045625 0.062500
