0 0.488125 0.710000 0.063750 0.093333
0 0.265937 0.780833 0.079375 0.101667
0 0.185312 0.778333 0.080625 0.090000
0 0.873750 0.630833 0.071250 0.105000
0 0.311250 0.925833 0.070000 0.100000
0 0.350938 0.511250 0.063125 0.095833
0 0.136250 0.534583 0.076250 0.089167
0 0.125000 0.405000 0.081250 0.103333
0 0.409062 0.675833 0.076875 0.101667
0 0.574063 0.482917 0.069375 0.082500
0 0.665312 0.392083 0.075625 0.100833
0 0.781250 0.724167 0.070000 0.083333
0 0.277187 0.522500 0.083125 0.100000
0 0.561562 0.087917 0.081875 0.082500
0 0.584375 0.555417 0.063750 0.075833
0 0.241563 0.934583 0.074375 0.100833
0 0.099062 0.345000 0.059375 0.111667
0 0.693125 0.264583 0.083750 0.080833
0 0.131562 0.108333 0.074375 0.095000
0 0.510312 0.603750 0.078125 0.092500
0 0.047813 0.725833 0.063125 0.080000
0 0.425625 0.882083 0.080000 0.099167
0 0.535000 0.366667 0.075000 0.105000
0 0.569063 0.342917 0.070625 0.090833
0 0.192500 0.672083 0.081250 0.087500
0 0.152500 0.872500 0.092500 0.088333
0 0.823750 0.936250 0.072500 0.094167
0 0.540625 0.256667 0.073750 0.095000
0 0.893437 0.828750 0.069375 0.107500
0 0.584063 0.777917 0.063125 0.100833
0 0.561875 0.910417 0.067500 0.105833
0 0.194688 0.245833 0.076875 0.110000
0 0.095937 0.742500 0.075625 0.103333
0 0.036562 0.342917 0.068125 0.117500
0 0.666250 0.734167 0.077500 0.073333
0 0.121563 0.204167 0.083125 0.103333
0 0.839063 0.180000 0.079375 0.078333
0 0.921875 0.943333 0.083750 0.076667
0 0.668125 0.817917 0.063750 0.090833
0 0.525312 0.899583 0.063125 0.127500
0 0.862187 0.732083 0.113125 0.069167
0 0.310625 0.423333 0.080000 0.091667
0 0.485000 0.861250 0.058750 0.130833
0 0.804688 0.217917 0.108125 0.074167
0 0.564375 0.297500 0.071250 0.091667
0 0.823438 0.262083 0.121875 0.077500
