0 0.308750 0.620000 0.065000 0.085000
0 0.576250 0.942083 0.066250 0.090833
0 0.401562 0.484167 0.060625 0.083333
0 0.482812 0.869167 0.060625 0.083333
0 0.696562 0.909583 0.069375 0.084167
0 0.574375 0.836250 0.062500 0.092500
0 0.420312 0.075833 0.070625 0.086667
0 0.264688 0.290417 0.061875 0.099167
0 0.759062 0.621250 0.076875 0.097500
0 0.634375 0.795833 0.063750 0.080000
0 0.952500 0.331250 0.057500 0.079167
0 0.525312 0.102917 0.079375 0.102500
0 0.607187 0.099167 0.069375 0.090000
0 0.417500 0.310833 0.066250 0.086667
0 0.446562 0.395833 0.069375 0.093333
0 0.210313 0.221667 0.065625 0.083333
0 0.704688 0.375417 0.063125 0.082500
0 0.800312 0.356250 0.068125 0.092500
0 0.920312 0.197083 0.070625 0.090833
0 0.136250 0.344583 0.080000 0.094167
0 0.268437 0.404167 0.065625 0.088333
0 0.739062 0.299167 0.066875 0.100000
0 0.107813 0.899583 0.071875 0.087500
0 0.602187 0.258750 0.063125 0.105833
0 0.326875 0.455417 0.068750 0.094167
0 0.754687 0.715417 0.073125 0.089167
0 0.790937 0.492083 0.071875 0.100833
0 0.336250 0.240417 0.062500 0.085833
0 0.493750 0.628750 0.067500 0.077500
0 0.357187 0.361667 0.069375 0.085000
0 0.583125 0.373333 0.071250 0.095000
1 0.089688 0.505833 0.086875 0.118333
0 0.735938 0.793750 0.075625 0.090833
0 0.368437 0.820417 0.081875 0.100833
0 0.193438 0.926667 0.065625 0.091667
0 0.879062 0.934583 0.063125 0.099167
5 0.870000 0.800417 0.076250 0.092500
0 0.201563 0.754583 0.066875 0.090833
0 0.477187 0.694583 0.069375 0.087500
0 0.087188 0.654583 0.068125 0.070833
0 0.861875 0.514167 0.076250 0.093333
0 0.476250 0.786250 0.071250 0.092500
1 0.257812 0.865000 0.089375 0.116667
0 0.242500 0.615000 0.062500 0.085000
0 0.518437 0.458750 0.068125 0.090833
0 0.787813 0.911667 0.061875 0.085000
0 0.872812 0.399583 0.069375 0.085833
0 0.733437 0.195000 0.070625 0.095000
0 0.063437 0.933750 0.065625 0.085833
1 0.400938 0.752917 0.093125 0.112500
0 0.313125 0.711250 0.075000 0.095833
0 0.580313 0.212917 0.081875 0.094167
0 0.151250 0.594167 0.067500 0.090000
0 0.835625 0.855417 0.053750 0.085833
1 0.463750 0.552083 0.081250 0.124167
0 0.607812 0.396250 0.070625 0.095833
0 0.510312 0.780833 0.070625 0.096667
0 0.667500 0.140000 0.071250 0.090000
0 0.264375 0.487500 0.070000 0.103333
0 0.881875 0.252083 0.070000 0.094167
0 0.471250 0.950417 0.065000 0.070833
0 0.871563 0.298333 0.068125 0.085000
0 0.943438 0.635000 0.085625 0.081667
0 0.737500 0.865417 0.062500 0.075833
0 0.365312 0.540000 0.105625 0.068333
0 0.082812 0.610417 0.069375 0.087500
0 0.514687 0.398750 0.066875 0.067500
0 0.267500 0.708750 0.071250 0.100833
1 0.196875 0.490417 0.088750 0.114167
0 0.047188 0.464583 0.078125 0.092500
1 0.436563 0.223750 0.084375 0.130833
0 0.161875 0.630833 0.070000 0.103333
0 0.876250 0.423750 0.065000 0.090833
0 0.681562 0.092083 0.066875 0.090833
0 0.046562 0.423333 0.066875 0.095000
0 0.129688 0.948333 0.074375 0.096667
0 0.236563 0.712083 0.066875 0.090833
0 0.196563 0.777083 0.064375 0.079167
0 0.453125 0.147083 0.075000 0.077500
0 0.971250 0.089167 0.057500 0.081667
