0 0.527813 0.068750 0.059375 0.084167
0 0.772813 0.273750 0.065625 0.104167
0 0.205937 0.525833 0.066875 0.096667
0 0.131875 0.255417 0.068750 0.090833
0 0.111875 0.344583 0.057500 0.080833
0 0.145625 0.494583 0.060000 0.095833
0 0.270313 0.274167 0.068125 0.105000
0 0.904062 0.430000 0.073125 0.103333
0 0.314063 0.191250 0.064375 0.079167
0 0.208437 0.240417 0.054375 0.089167
0 0.779687 0.375000 0.073125 0.100000
0 0.096875 0.438333 0.057500 0.085000
0 0.076563 0.193333 0.069375 0.085000
0 0.764375 0.110417 0.062500 0.095833
0 0.077813 0.520000 0.061875 0.073333
0 0.480625 0.932500 0.063750 0.066667
0 0.491563 0.690417 0.050625 0.080833
0 0.730313 0.300000 0.064375 0.078333
0 0.327813 0.467500 0.065625 0.076667
0 0.312500 0.107083 0.066250 0.080833
0 0.222188 0.711250 0.064375 0.097500
0 0.241250 0.615417 0.068750 0.094167
0 0.939063 0.345417 0.066875 0.062500
0 0.726562 0.425417 0.065625 0.092500
0 0.037500 0.605833 0.063750 0.080000
0 0.844688 0.252917 0.070625 0.102500
0 0.258750 0.451667 0.063750 0.090000
0 0.834375 0.081667 0.068750 0.078333
0 0.793438 0.855417 0.059375 0.084167
0 0.148125 0.773750 0.057500 0.075833
0 0.873437 0.747917 0.068125 0.099167
0 0.519375 0.520000 0.047500 0.093333
0 0.313125 0.583750 0.062500 0.099167
0 0.240937 0.927083 0.060625 0.084167
0 0.044687 0.880000 0.061875 0.076667
0 0.046562 0.279167 0.053125 0.101667
0 0.175000 0.323333 0.063750 0.088333
0 0.376875 0.393333 0.061250 0.088333
0 0.559063 0.759167 0.064375 0.081667
0 0.672188 0.558333 0.058125 0.085000
0 0.595000 0.327500 0.075000 0.083333
0 0.857500 0.515000 0.060000 0.083333
0 0.763437 0.691667 0.069375 0.093333
0 0.394062 0.736667 0.056875 0.085000
0 0.347813 0.213750 0.056875 0.069167
0 0.032813 0.399583 0.059375 0.087500
0 0.582187 0.140417 0.064375 0.107500
0 0.733125 0.189167 0.076250 0.088333
0 0.408438 0.622917 0.058125 0.095833
0 0.605313 0.063750 0.055625 0.082500
0 0.046250 0.493333 0.075000 0.076667
0 0.080625 0.685417 0.061250 0.087500
0 0.112187 0.597500 0.061875 0.071667
0 0.111875 0.116250 0.065000 0.075833
0 0.573750 0.400000 0.075000 0.085000
0 0.805625 0.596250 0.051250 0.070833
0 0.790625 0.167500 0.063750 0.080000
0 0.674375 0.861250 0.061250 0.087500
0 0.381875 0.852083 0.061250 0.079167
0 0.654687 0.106250 0.055625 0.087500
0 0.525312 0.847500 0.059375 0.076667
0 0.330625 0.269167 0.067500 0.100000
0 0.384688 0.579167 0.068125 0.095000
0 0.526875 0.453750 0.056250 0.097500
0 0.837187 0.650417 0.068125 0.074167
0 0.642188 0.755417 0.061875 0.089167
0 0.310000 0.353750 0.060000 0.060833
0 0.670000 0.500000 0.068750 0.103333
0 0.078125 0.790833 0.067500 0.081667
0 0.279062 0.707917 0.069375 0.084167
0 0.192188 0.628333 0.064375 0.070000
0 0.640000 0.450000 0.068750 0.093333
0 0.885000 0.813333 0.065000 0.091667
0 0.470938 0.457083 0.061875 0.079167
0 0.703750 0.062917 0.061250 0.079167
0 0.749062 0.609583 0.055625 0.084167
0 0.335000 0.763333 0.047500 0.098333
0 0.572187 0.947917 0.053125 0.075833
0 0.474687 0.588333 0.055625 0.076667
0 0.290938 0.422917 0.046875 0.100833
0 0.425312 0.147917 0.064375 0.089167
0 0.149062 0.687500 0.059375 0.066667
0 0.813750 0.683333 0.070000 0.095000
0 0.860938 0.364583 0.080625 0.104167
0 0.946875 0.618750 0.060000 0.072500
0 0.326875 0.949167 0.071250 0.078333
0 0.362500 0.534583 0.048750 0.080833
0 0.606563 0.669167 0.055625 0.081667
0 0.610938 0.847083 0.053125 0.069167
0 0.401562 0.417500 0.064375 0.090000
0 0.486563 0.153333 0.064375 0.093333
0 0.585938 0.233333 0.071875 0.066667
0 0.724375 0.905000 0.062500 0.091667
0 0.165313 0.427917 0.065625 0.084167
0 0.564375 0.599167 0.062500 0.078333
0 0.670000 0.220833 0.062500 0.083333
0 0.282187 0.851667 0.046875 0.083333
0 0.442500 0.820833 0.048750 0.091667
0 0.152188 0.105000 0.058125 0.080000
0 0.919687 0.220833 0.064375 0.068333
0 0.755000 0.509583 0.061250 0.097500
0 0.298750 0.639167 0.040000 0.076667
0 0.268125 0.762083 0.052500 0.077500
0 0.647188 0.953333 0.074375 0.085000
0 0.917813 0.722917 0.059375 0.087500
0 0.250312 0.178333 0.049375 0.068333
0 0.429688 0.320000 0.065625 0.073333
0 0.913125 0.897917 0.060000 0.085833
0 0.845313 0.141250 0.061875 0.084167
0 0.189062 0.188333 0.069375 0.063333
1 0.588437 0.540000 0.083125 0.100000
0 0.939063 0.511667 0.066875 0.066667
0 0.267188 0.887917 0.054375 0.075833
0 0.950625 0.700000 0.067500 0.075000
0 0.398750 0.886667 0.051250 0.073333
0 0.296875 0.869583 0.060000 0.077500
0 0.206563 0.730417 0.061875 0.077500
0 0.440625 0.434583 0.058750 0.087500
0 0.107188 0.376250 0.051875 0.074167
0 0.199375 0.410417 0.063750 0.100833
0 0.126562 0.854167 0.055625 0.093333
0 0.073750 0.897917 0.052500 0.074167
0 0.056563 0.714167 0.058125 0.068333
0 0.052187 0.778750 0.053125 0.075833
0 0.136563 0.731250 0.044375 0.102500
0 0.076563 0.751250 0.053125 0.070833
0 0.180000 0.606667 0.057500 0.081667
0 0.301875 0.752500 0.070000 0.068333
0 0.450937 0.551667 0.044375 0.093333
0 0.498437 0.626250 0.051875 0.087500
0 0.500625 0.920833 0.058750 0.075000
0 0.160625 0.854583 0.058750 0.070833
0 0.550000 0.939167 0.051250 0.080000
0 0.427187 0.662083 0.051875 0.074167
0 0.582187 0.770417 0.050625 0.074167
0 0.707812 0.752500 0.050625 0.088333
0 0.804375 0.817083 0.048750 0.072500
0 0.975000 0.904583 0.045000 0.069167
0 0.943125 0.922917 0.060000 0.067500
0 0.968750 0.812500 0.048750 0.078333
0 0.910000 0.832083 0.048750 0.075833
0 0.937813 0.869167 0.078125 0.108333
0 0.920000 0.616250 0.057500 0.100833
0 0.841562 0.547917 0.054375 0.074167
0 0.868750 0.557500 0.062500 0.078333
0 0.895625 0.595833 0.060000 0.065000
0 0.895625 0.081667 0.057500 0.068333
0 0.869375 0.261250 0.063750 0.075833
0 0.880000 0.342083 0.068750 0.097500
0 0.707812 0.038333 0.061875 0.068333
0 0.636563 0.050417 0.053125 0.094167
0 0.664375 0.146667 0.071250 0.086667
0 0.698125 0.309583 0.061250 0.082500
0 0.630000 0.250417 0.062500 0.082500
0 0.639375 0.389583 0.067500 0.082500
0 0.518437 0.303750 0.051875 0.062500
0 0.556250 0.317083 0.047500 0.065833
0 0.565937 0.216667 0.063125 0.066667
0 0.390313 0.058750 0.054375 0.072500
0 0.343750 0.105833 0.061250 0.075000
0 0.369688 0.098333 0.054375 0.081667
0 0.452813 0.149583 0.056875 0.077500
0 0.508750 0.175417 0.057500 0.075833
0 0.555625 0.241667 0.073750 0.076667
0 0.764062 0.471250 0.056875 0.082500
0 0.750000 0.545833 0.046250 0.105000
0 0.403438 0.317917 0.055625 0.087500
0 0.357500 0.315417 0.070000 0.077500
0 0.399687 0.237917 0.074375 0.069167
0 0.179375 0.111250 0.056250 0.077500
0 0.189062 0.141667 0.064375 0.078333
0 0.818750 0.157917 0.060000 0.075833
0 0.460625 0.764167 0.052500 0.091667
0 0.471250 0.786667 0.062500 0.083333
0 0.470000 0.835000 0.051250 0.070000
0 0.494063 0.791250 0.054375 0.089167
0 0.736250 0.776667 0.058750 0.080000
0 0.713750 0.798750 0.067500 0.089167
0 0.661250 0.744583 0.057500 0.072500
0 0.640000 0.861667 0.060000 0.070000
0 0.620313 0.642917 0.054375 0.077500
0 0.613125 0.906667 0.068750 0.083333
0 0.193438 0.861250 0.061875 0.060833
0 0.090313 0.551667 0.054375 0.070000
0 0.487812 0.309583 0.061875 0.082500
0 0.330000 0.509583 0.068750 0.092500
0 0.382188 0.756250 0.055625 0.075833
0 0.257188 0.037083 0.054375 0.070833
0 0.615000 0.692083 0.056250 0.100833
0 0.490000 0.277917 0.057500 0.072500
0 0.440312 0.242083 0.074375 0.069167
0 0.745000 0.920833 0.072500 0.078333
0 0.667188 0.948333 0.063125 0.053333
