0 0.681250 0.058750 0.070000 0.104167
0 0.575313 0.053750 0.069375 0.092500
0 0.520938 0.222500 0.078125 0.098333
0 0.440937 0.380417 0.068125 0.092500
0 0.771563 0.537500 0.080625 0.095000
0 0.958750 0.106250 0.081250 0.107500
0 0.714063 0.752917 0.074375 0.092500
0 0.454375 0.485000 0.062500 0.095000
0 0.155938 0.172917 0.074375 0.105833
0 0.245312 0.081667 0.073125 0.096667
0 0.430625 0.923750 0.075000 0.100833
0 0.470000 0.748333 0.077500 0.106667
0 0.673125 0.954167 0.066250 0.090000
0 0.500625 0.527917 0.060000 0.100833
0 0.849063 0.200000 0.084375 0.095000
0 0.736875 0.645000 0.075000 0.088333
0 0.608437 0.888333 0.075625 0.090000
0 0.820000 0.696250 0.082500 0.107500
0 0.175937 0.342083 0.074375 0.092500
0 0.279062 0.191667 0.088125 0.110000
0 0.128125 0.495000 0.080000 0.091667
0 0.582812 0.297500 0.083125 0.110000
0 0.101875 0.432917 0.070000 0.097500
0 0.960625 0.930417 0.071250 0.094167
0 0.763750 0.249167 0.075000 0.096667
0 0.622188 0.705833 0.078125 0.093333
0 0.061562 0.327500 0.073125 0.093333
0 0.257812 0.312500 0.078125 0.098333
0 0.891250 0.794583 0.061250 0.085833
0 0.480000 0.647917 0.068750 0.097500
0 0.846250 0.105833 0.070000 0.088333
0 0.657813 0.808333 0.068125 0.095000
0 0.085625 0.137083 0.071250 0.102500
0 0.371875 0.314583 0.072500 0.094167
0 0.356250 0.506667 0.068750 0.091667
0 0.614062 0.375417 0.076875 0.117500
0 0.831562 0.407917 0.073125 0.090833
0 0.300312 0.049583 0.071875 0.097500
0 0.900937 0.357083 0.070625 0.087500
0 0.208125 0.819167 0.072500 0.110000
0 0.649062 0.231250 0.068125 0.099167
0 0.550000 0.654583 0.073750 0.084167
0 0.356875 0.179167 0.076250 0.113333
0 0.189688 0.054167 0.058125 0.088333
0 0.237500 0.562083 0.071250 0.097500
0 0.939063 0.560833 0.081875 0.105000
0 0.653125 0.060000 0.075000 0.101667
0 0.576250 0.582500 0.077500 0.096667
0 0.351875 0.814583 0.063750 0.095833
0 0.305937 0.828750 0.076875 0.087500
0 0.468125 0.061250 0.075000 0.089167
0 0.185000 0.522500 0.078750 0.093333
0 0.951250 0.529583 0.078750 0.099167
0 0.566562 0.526667 0.074375 0.095000
0 0.869375 0.551250 0.063750 0.107500
0 0.154688 0.052083 0.075625 0.089167
0 0.063750 0.162917 0.076250 0.104167
0 0.685937 0.507917 0.066875 0.092500
0 0.076250 0.815833 0.073750 0.103333
0 0.661250 0.718333 0.077500 0.110000
0 0.268750 0.547500 0.070000 0.096667
0 0.664375 0.483333 0.073750 0.101667
0 0.047188 0.947083 0.093125 0.085833
0 0.050313 0.761667 0.091875 0.083333
0 0.855938 0.569583 0.073125 0.095833
0 0.296563 0.393750 0.044375 0.135833
3 0.271562 0.450417 0.060625 0.119167
0 0.214375 0.505000 0.071250 0.106667
0 0.757188 0.499167 0.066875 0.085000
