0 0.499688 0.806250 0.071875 0.100833
0 0.781563 0.353333 0.080625 0.093333
0 0.418125 0.316667 0.077500 0.111667
0 0.102188 0.230417 0.083125 0.112500
0 0.943438 0.921250 0.078125 0.109167
0 0.279375 0.352917 0.083750 0.107500
0 0.537813 0.548333 0.080625 0.116667
0 0.278750 0.596250 0.078750 0.112500
0 0.937813 0.466667 0.075625 0.111667
0 0.174375 0.299167 0.090000 0.096667
0 0.612812 0.787083 0.075625 0.107500
0 0.660000 0.140000 0.082500 0.110000
0 0.198750 0.386667 0.075000 0.101667
0 0.805937 0.245417 0.079375 0.109167
0 0.479063 0.178750 0.078125 0.115833
0 0.735313 0.709583 0.079375 0.115833
0 0.546562 0.139167 0.074375 0.106667
0 0.854375 0.877500 0.071250 0.125000
0 0.043750 0.767917 0.080000 0.105833
0 0.132500 0.643333 0.070000 0.086667
0 0.204375 0.222917 0.072500 0.085833
0 0.711875 0.230417 0.085000 0.120833
0 0.404687 0.717917 0.065625 0.110833
0 0.615938 0.435417 0.084375 0.109167
0 0.891563 0.284167 0.083125 0.111667
0 0.075938 0.081250 0.086875 0.104167
0 0.705313 0.921667 0.079375 0.113333
0 0.179063 0.540000 0.081875 0.103333
0 0.570937 0.272083 0.078125 0.114167
0 0.371250 0.272917 0.072500 0.105833
0 0.379063 0.936667 0.086875 0.105000
0 0.349375 0.693750 0.071250 0.115833
0 0.864062 0.478750 0.081875 0.112500
0 0.945312 0.575000 0.076875 0.125000
0 0.712500 0.819583 0.078750 0.109167
0 0.295625 0.150000 0.075000 0.116667
0 0.072500 0.498333 0.092500 0.090000
0 0.121250 0.514583 0.068750 0.139167
0 0.913125 0.864583 0.063750 0.107500
0 0.931562 0.771667 0.086875 0.091667
0 0.226250 0.155000 0.076250 0.116667
