0 0.191875 0.371250 0.080000 0.107500
0 0.041250 0.531667 0.078750 0.091667
0 0.672813 0.334583 0.084375 0.102500
0 0.141875 0.756667 0.083750 0.105000
0 0.388750 0.053750 0.081250 0.105833
0 0.668750 0.775833 0.078750 0.115000
0 0.055313 0.865833 0.078125 0.096667
0 0.848437 0.365417 0.084375 0.105833
0 0.299063 0.462083 0.081875 0.102500
0 0.299687 0.357083 0.078125 0.099167
0 0.940625 0.336250 0.086250 0.114167
3 0.120000 0.310833 0.100000 0.138333
0 0.419063 0.185000 0.078125 0.103333
0 0.510312 0.082083 0.073125 0.110833
0 0.120938 0.488333 0.071875 0.095000
0 0.210938 0.502917 0.088125 0.112500
0 0.407187 0.325417 0.075625 0.107500
0 0.714375 0.904583 0.086250 0.099167
0 0.641563 0.569583 0.083125 0.104167
0 0.280000 0.852917 0.068750 0.104167
0 0.189688 0.836667 0.078125 0.096667
0 0.728750 0.069167 0.072500 0.111667
0 0.356250 0.919583 0.085000 0.104167
0 0.693125 0.265833 0.075000 0.111667
0 0.786875 0.214583 0.080000 0.099167
0 0.756250 0.816667 0.080000 0.103333
0 0.152500 0.653333 0.075000 0.101667
0 0.510625 0.284583 0.068750 0.114167
0 0.916562 0.844583 0.083125 0.105833
0 0.344062 0.777500 0.073125 0.085000
0 0.213438 0.930833 0.089375 0.085000
0 0.333125 0.733750 0.065000 0.094167
0 0.236250 0.311250 0.070000 0.110833
0 0.919063 0.899583 0.068125 0.107500
