0 0.850625 0.430417 0.080000 0.090833
0 0.640938 0.897917 0.068125 0.099167
0 0.320000 0.640000 0.078750 0.101667
0 0.140313 0.521667 0.079375 0.115000
0 0.627500 0.554583 0.068750 0.097500
0 0.835313 0.850833 0.078125 0.098333
0 0.766563 0.642083 0.075625 0.109167
0 0.655937 0.613750 0.069375 0.114167
0 0.598437 0.238750 0.076875 0.087500
0 0.330000 0.187917 0.077500 0.097500
3 0.422812 0.305417 0.073125 0.092500
0 0.499688 0.267500 0.066875 0.085000
0 0.708438 0.122500 0.070625 0.106667
0 0.167500 0.655833 0.071250 0.101667
0 0.403125 0.425000 0.080000 0.091667
0 0.696562 0.329583 0.083125 0.115833
0 0.398125 0.130000 0.073750 0.103333
0 0.479687 0.548750 0.069375 0.092500
0 0.851875 0.548333 0.073750 0.095000
0 0.818750 0.531250 0.080000 0.105833
0 0.283438 0.325000 0.085625 0.103333
0 0.374063 0.800417 0.080625 0.100833
0 0.195937 0.206667 0.070625 0.105000
0 0.114375 0.775417 0.071250 0.102500
0 0.102188 0.275833 0.080625 0.086667
0 0.771875 0.278750 0.077500 0.100833
0 0.755313 0.167917 0.079375 0.104167
0 0.550000 0.539167 0.070000 0.113333
0 0.864688 0.936250 0.079375 0.089167
0 0.055938 0.721667 0.070625 0.103333
0 0.561250 0.866250 0.072500 0.095833
0 0.929688 0.589583 0.086875 0.090833
0 0.419375 0.627500 0.066250 0.098333
0 0.712500 0.812917 0.073750 0.100833
0 0.243125 0.253750 0.070000 0.090833
0 0.064687 0.352917 0.061875 0.079167
0 0.842187 0.654583 0.069375 0.087500
0 0.254063 0.633333 0.064375 0.108333
0 0.623437 0.081250 0.076875 0.099167
0 0.730938 0.721667 0.071875 0.100000
0 0.134687 0.249167 0.073125 0.098333
0 0.314375 0.081250 0.076250 0.100833
0 0.656563 0.070833 0.070625 0.108333
0 0.189375 0.306667 0.072500 0.100000
0 0.752500 0.577083 0.071250 0.110833
0 0.402813 0.073333 0.074375 0.098333
0 0.696875 0.471250 0.076250 0.107500
0 0.373125 0.359583 0.065000 0.090833
0 0.936250 0.317917 0.061250 0.097500
0 0.278125 0.823333 0.071250 0.110000
0 0.558125 0.681250 0.072500 0.092500
0 0.133750 0.812500 0.076250 0.098333
0 0.882500 0.768750 0.071250 0.100833
0 0.465625 0.178333 0.072500 0.101667
0 0.703438 0.905833 0.058125 0.103333
0 0.924687 0.935417 0.068125 0.100833
0 0.496250 0.713333 0.070000 0.123333
0 0.234063 0.123750 0.078125 0.107500
0 0.443125 0.207500 0.072500 0.098333
0 0.382500 0.536250 0.078750 0.092500
0 0.348125 0.059167 0.083750 0.110000
0 0.532813 0.305000 0.073125 0.086667
0 0.707500 0.763750 0.075000 0.090833
0 0.435625 0.537917 0.076250 0.109167
0 0.359375 0.541250 0.071250 0.099167
0 0.850000 0.686667 0.063750 0.091667
0 0.893437 0.737500 0.074375 0.111667
