0 0.168437 0.241667 0.065625 0.078333
0 0.234687 0.163750 0.056875 0.080833
0 0.154375 0.713750 0.063750 0.079167
0 0.084062 0.153750 0.063125 0.082500
0 0.433437 0.340833 0.061875 0.071667
0 0.830625 0.407500 0.070000 0.076667
0 0.599688 0.944583 0.059375 0.090833
0 0.653125 0.653750 0.075000 0.077500
0 0.056250 0.297083 0.061250 0.079167
0 0.764687 0.787917 0.066875 0.095833
0 0.790625 0.526250 0.060000 0.080833
0 0.216562 0.810417 0.060625 0.082500
0 0.373125 0.457500 0.063750 0.078333
0 0.913438 0.776667 0.061875 0.068333
0 0.134375 0.839583 0.073750 0.069167
0 0.536875 0.907083 0.076250 0.084167
0 0.853125 0.497083 0.065000 0.094167
0 0.879375 0.336667 0.073750 0.090000
0 0.650937 0.125000 0.063125 0.085000
0 0.514375 0.202083 0.061250 0.074167
0 0.316875 0.499167 0.060000 0.080000
0 0.059375 0.772917 0.070000 0.094167
0 0.561875 0.769583 0.076250 0.092500
0 0.945937 0.275000 0.080625 0.101667
0 0.892188 0.112500 0.081875 0.086667
0 0.704375 0.103750 0.051250 0.087500
0 0.323437 0.619583 0.066875 0.074167
0 0.553125 0.076250 0.073750 0.095833
0 0.373125 0.175000 0.062500 0.085000
0 0.342187 0.199583 0.061875 0.072500
0 0.183438 0.922917 0.068125 0.089167
0 0.366250 0.535833 0.065000 0.075000
0 0.083750 0.088333 0.083750 0.101667
0 0.811562 0.090833 0.070625 0.100000
0 0.710625 0.270417 0.062500 0.077500
0 0.289062 0.255417 0.071875 0.097500
0 0.349062 0.586667 0.073125 0.088333
6 0.688750 0.467083 0.096250 0.097500
0 0.779375 0.326667 0.072500 0.101667
0 0.687813 0.963750 0.066875 0.072500
