0 0.792188 0.483333 0.061875 0.095000
0 0.628125 0.059583 0.068750 0.095833
0 0.077500 0.710417 0.062500 0.079167
0 0.325313 0.864583 0.071875 0.102500
0 0.930937 0.735833 0.059375 0.086667
0 0.153125 0.664167 0.065000 0.091667
0 0.065312 0.230000 0.071875 0.090000
0 0.723437 0.509167 0.066875 0.106667
0 0.076875 0.838333 0.065000 0.090000
0 0.264062 0.871250 0.064375 0.084167
0 0.296875 0.723750 0.067500 0.089167
0 0.316250 0.267083 0.061250 0.092500
0 0.545000 0.362500 0.062500 0.088333
0 0.134375 0.230000 0.061250 0.086667
0 0.595000 0.157917 0.066250 0.092500
0 0.596250 0.830833 0.063750 0.093333
0 0.884062 0.916667 0.065625 0.100000
0 0.577812 0.064167 0.061875 0.085000
0 0.841875 0.415000 0.072500 0.111667
0 0.413125 0.381667 0.062500 0.083333
0 0.467813 0.205417 0.059375 0.082500
0 0.840000 0.853750 0.058750 0.087500
0 0.441563 0.796250 0.071875 0.110833
0 0.391562 0.041667 0.066875 0.078333
0 0.854375 0.215000 0.070000 0.093333
0 0.305312 0.530833 0.068125 0.093333
0 0.412500 0.903333 0.063750 0.066667
0 0.214375 0.176667 0.067500 0.078333
0 0.687500 0.317917 0.045000 0.097500
0 0.366250 0.122083 0.058750 0.067500
0 0.732187 0.774583 0.056875 0.117500
0 0.441875 0.622917 0.063750 0.084167
0 0.352500 0.656250 0.056250 0.084167
0 0.836250 0.158333 0.072500 0.081667
0 0.666562 0.839583 0.064375 0.095833
0 0.050625 0.141250 0.075000 0.092500
0 0.774062 0.628333 0.059375 0.083333
0 0.810000 0.378333 0.060000 0.083333
0 0.094375 0.911667 0.063750 0.088333
0 0.918125 0.522500 0.070000 0.075000
0 0.692187 0.235417 0.059375 0.080833
0 0.455625 0.315000 0.071250 0.083333
0 0.236563 0.777083 0.068125 0.089167
0 0.175313 0.399167 0.064375 0.081667
0 0.044375 0.643750 0.066250 0.079167
0 0.850625 0.620417 0.073750 0.089167
0 0.389375 0.202500 0.072500 0.081667
0 0.135625 0.792083 0.055000 0.072500
0 0.730313 0.062917 0.064375 0.084167
0 0.433125 0.679167 0.068750 0.090000
0 0.283438 0.105833 0.068125 0.091667
0 0.734375 0.167083 0.065000 0.079167
0 0.525312 0.780000 0.080625 0.090000
0 0.182500 0.495833 0.065000 0.068333
0 0.565000 0.703333 0.051250 0.088333
0 0.255000 0.930417 0.063750 0.082500
0 0.175937 0.293333 0.065625 0.113333
0 0.234375 0.664167 0.067500 0.093333
0 0.877500 0.132917 0.061250 0.075833
0 0.259375 0.400000 0.068750 0.061667
0 0.481563 0.099167 0.068125 0.101667
0 0.682500 0.589583 0.061250 0.079167
0 0.735000 0.427917 0.058750 0.097500
0 0.380312 0.597917 0.071875 0.105833
0 0.119688 0.139583 0.066875 0.084167
0 0.475000 0.348333 0.057500 0.083333
0 0.060312 0.563333 0.074375 0.098333
0 0.797188 0.751250 0.056875 0.100833
0 0.133125 0.940000 0.066250 0.068333
0 0.531250 0.482500 0.062500 0.101667
0 0.938750 0.105833 0.060000 0.078333
0 0.534687 0.172917 0.058125 0.072500
0 0.359687 0.797500 0.054375 0.066667
0 0.225625 0.702917 0.060000 0.072500
0 0.290312 0.954167 0.073125 0.090000
0 0.357500 0.467917 0.062500 0.075833
0 0.169375 0.572500 0.062500 0.081667
0 0.635938 0.640000 0.068125 0.073333
0 0.333125 0.399167 0.055000 0.086667
0 0.518750 0.592500 0.070000 0.080000
0 0.714375 0.918333 0.068750 0.106667
0 0.968750 0.584583 0.056250 0.084167
0 0.627188 0.742500 0.080625 0.106667
0 0.959688 0.201250 0.053125 0.074167
0 0.648125 0.388750 0.073750 0.087500
0 0.160938 0.890833 0.056875 0.071667
0 0.504375 0.076667 0.061250 0.080000
0 0.036562 0.049583 0.073125 0.090833
0 0.578125 0.597500 0.058750 0.095000
0 0.375625 0.707917 0.053750 0.100833
0 0.254688 0.500000 0.074375 0.096667
0 0.511875 0.655833 0.051250 0.126667
0 0.424063 0.512500 0.056875 0.073333
0 0.969375 0.828750 0.060000 0.080833
0 0.958750 0.415000 0.063750 0.070000
0 0.773125 0.835417 0.051250 0.090833
0 0.919687 0.192917 0.065625 0.074167
0 0.842812 0.543333 0.065625 0.095000
0 0.618125 0.225417 0.058750 0.105833
0 0.293750 0.194167 0.062500 0.068333
0 0.670625 0.205000 0.062500 0.090000
0 0.865313 0.709167 0.059375 0.081667
0 0.606875 0.309167 0.081250 0.090000
3 0.246875 0.332083 0.077500 0.104167
0 0.172187 0.062500 0.061875 0.065000
0 0.557500 0.882083 0.071250 0.105833
0 0.771250 0.291250 0.068750 0.084167
0 0.649375 0.952083 0.083750 0.094167
0 0.196563 0.065833 0.064375 0.081667
0 0.100000 0.106667 0.071250 0.083333
0 0.144375 0.131250 0.051250 0.095833
0 0.147187 0.510417 0.060625 0.090833
0 0.860938 0.040000 0.044375 0.065000
0 0.453437 0.111250 0.055625 0.082500
0 0.383437 0.316250 0.055625 0.075833
0 0.435625 0.487083 0.071250 0.074167
0 0.564063 0.477500 0.063125 0.078333
0 0.645625 0.478750 0.057500 0.074167
0 0.658438 0.506667 0.048125 0.073333
0 0.745938 0.383750 0.054375 0.065833
0 0.590938 0.288333 0.075625 0.063333
0 0.539062 0.225833 0.046875 0.078333
0 0.530625 0.260000 0.061250 0.070000
0 0.399375 0.287500 0.070000 0.068333
0 0.372812 0.416250 0.074375 0.085833
0 0.258125 0.125833 0.058750 0.056667
0 0.232813 0.097083 0.060625 0.084167
0 0.350938 0.141250 0.055625 0.075833
0 0.374688 0.182500 0.055625 0.095000
0 0.392188 0.231667 0.055625 0.078333
0 0.699375 0.196250 0.061250 0.079167
0 0.756563 0.212917 0.053125 0.099167
0 0.763437 0.255833 0.055625 0.078333
0 0.789375 0.303750 0.056250 0.067500
0 0.932187 0.412083 0.058125 0.074167
0 0.816250 0.299167 0.070000 0.056667
0 0.884375 0.641250 0.060000 0.070833
0 0.117188 0.545833 0.065625 0.075000
0 0.219375 0.744167 0.061250 0.066667
0 0.149688 0.812083 0.054375 0.070833
0 0.091563 0.735000 0.063125 0.076667
0 0.188438 0.870833 0.065625 0.080000
0 0.166563 0.362917 0.061875 0.074167
0 0.191250 0.268750 0.060000 0.084167
0 0.743750 0.696250 0.067500 0.085833
0 0.902188 0.612500 0.044375 0.090000
0 0.935625 0.066667 0.066250 0.061667
0 0.909375 0.136250 0.050000 0.077500
0 0.685000 0.845417 0.050000 0.057500
0 0.563750 0.512083 0.050000 0.075833
0 0.865625 0.737083 0.053750 0.090833
0 0.746563 0.653750 0.053125 0.072500
0 0.910625 0.558333 0.050000 0.076667
0 0.468125 0.766667 0.061250 0.078333
0 0.669375 0.622917 0.047500 0.075833
0 0.721875 0.671250 0.050000 0.074167
0 0.802813 0.776250 0.076875 0.065833
0 0.552813 0.577500 0.071875 0.068333
0 0.377188 0.801250 0.051875 0.074167
0 0.368750 0.758333 0.048750 0.083333
