0 0.535625 0.639167 0.071250 0.083333
0 0.932500 0.885417 0.063750 0.084167
0 0.470000 0.043750 0.057500 0.079167
0 0.387188 0.068333 0.068125 0.080000
0 0.160625 0.776667 0.065000 0.086667
0 0.541562 0.291667 0.084375 0.075000
0 0.810937 0.191250 0.073125 0.080833
0 0.415312 0.930417 0.058125 0.099167
0 0.200313 0.433333 0.068125 0.101667
0 0.539062 0.394167 0.079375 0.085000
0 0.237500 0.290417 0.060000 0.094167
0 0.581250 0.891667 0.065000 0.105000
0 0.298438 0.089167 0.065625 0.091667
0 0.697500 0.697917 0.077500 0.085833
0 0.040625 0.515000 0.065000 0.086667
0 0.762188 0.887917 0.053125 0.080833
0 0.063437 0.747917 0.059375 0.094167
0 0.086875 0.782083 0.065000 0.079167
0 0.670937 0.936667 0.069375 0.096667
0 0.319063 0.308750 0.060625 0.102500
0 0.480000 0.145000 0.073750 0.095000
0 0.450000 0.455833 0.066250 0.090000
0 0.620313 0.592083 0.083125 0.082500
0 0.643125 0.683333 0.071250 0.091667
0 0.352500 0.302083 0.062500 0.089167
0 0.218750 0.753333 0.068750 0.093333
0 0.625313 0.126667 0.079375 0.096667
0 0.300625 0.648333 0.071250 0.085000
0 0.113437 0.240417 0.071875 0.097500
0 0.745938 0.651250 0.083125 0.085833
0 0.339687 0.682917 0.070625 0.097500
0 0.706562 0.418333 0.079375 0.108333
0 0.280625 0.594583 0.082500 0.062500
0 0.810312 0.111250 0.071875 0.112500
0 0.802500 0.462917 0.097500 0.064167
0 0.259062 0.513750 0.081875 0.090833
0 0.377500 0.585833 0.076250 0.096667
0 0.884062 0.358333 0.073125 0.113333
0 0.280625 0.718333 0.067500 0.088333
0 0.813438 0.916250 0.058125 0.092500
0 0.774687 0.334167 0.121875 0.066667
0 0.956875 0.740000 0.085000 0.075000
0 0.621250 0.535000 0.086250 0.085000
0 0.862812 0.796250 0.094375 0.075833
0 0.746563 0.050000 0.068125 0.100000
0 0.808750 0.727500 0.083750 0.091667
0 0.645000 0.207500 0.107500 0.073333
0 0.361875 0.247500 0.078750 0.071667
0 0.842812 0.847500 0.068125 0.106667
0 0.920625 0.617917 0.067500 0.100833
0 0.246250 0.134583 0.058750 0.100833
0 0.175313 0.357500 0.075625 0.096667
0 0.195000 0.202917 0.092500 0.079167
0 0.576562 0.850417 0.058125 0.085833
0 0.604062 0.239167 0.105625 0.055000
0 0.787188 0.863750 0.063125 0.100833
