0 0.489687 0.302083 0.063125 0.080833
0 0.347813 0.280833 0.073125 0.096667
0 0.713750 0.307500 0.078750 0.101667
0 0.872188 0.069583 0.070625 0.092500
0 0.934688 0.357917 0.068125 0.082500
0 0.870000 0.268750 0.061250 0.080833
0 0.390313 0.100000 0.070625 0.080000
0 0.421250 0.264583 0.076250 0.100833
0 0.889687 0.561667 0.056875 0.080000
0 0.820000 0.165833 0.060000 0.080000
0 0.438750 0.715417 0.055000 0.085833
0 0.215312 0.801667 0.074375 0.088333
0 0.694063 0.207500 0.069375 0.091667
0 0.164687 0.607917 0.075625 0.095833
0 0.932500 0.264583 0.067500 0.097500
0 0.389062 0.770000 0.068125 0.086667
0 0.045312 0.732917 0.078125 0.094167
0 0.292812 0.817917 0.064375 0.085833
0 0.746875 0.919167 0.063750 0.071667
0 0.513750 0.870833 0.063750 0.095000
0 0.481563 0.382917 0.060625 0.084167
0 0.225938 0.722083 0.073125 0.082500
1 0.947812 0.589583 0.074375 0.087500
0 0.426875 0.537500 0.071250 0.090000
0 0.652188 0.091667 0.059375 0.080000
0 0.565312 0.276667 0.063125 0.078333
0 0.122813 0.185000 0.059375 0.073333
0 0.770938 0.270833 0.066875 0.086667
0 0.219062 0.376667 0.056875 0.075000
0 0.149375 0.062917 0.070000 0.100833
0 0.188438 0.142500 0.065625 0.070000
0 0.450313 0.176667 0.069375 0.080000
0 0.762813 0.457500 0.060625 0.078333
0 0.666250 0.501667 0.063750 0.086667
3 0.872188 0.425833 0.083125 0.123333
0 0.432812 0.947500 0.063125 0.088333
0 0.908750 0.705000 0.051250 0.073333
0 0.327813 0.557083 0.070625 0.069167
0 0.227187 0.202500 0.055625 0.080000
0 0.276562 0.265833 0.066875 0.093333
0 0.937813 0.832500 0.063125 0.075000
0 0.250625 0.644583 0.057500 0.077500
0 0.043437 0.422917 0.054375 0.079167
0 0.135313 0.478750 0.064375 0.079167
1 0.375625 0.685000 0.078750 0.086667
0 0.294063 0.078333 0.064375 0.085000
0 0.350625 0.037500 0.070000 0.068333
0 0.162188 0.932500 0.063125 0.091667
0 0.576562 0.850417 0.074375 0.089167
0 0.153438 0.824167 0.059375 0.075000
0 0.952812 0.948750 0.059375 0.084167
0 0.805625 0.762917 0.060000 0.080833
0 0.358125 0.392917 0.067500 0.080833
0 0.641875 0.820833 0.050000 0.071667
0 0.714063 0.582083 0.066875 0.089167
0 0.772813 0.853333 0.066875 0.056667
0 0.428125 0.850417 0.060000 0.077500
0 0.881875 0.765833 0.053750 0.066667
0 0.875625 0.633333 0.057500 0.076667
0 0.605938 0.632917 0.048125 0.069167
0 0.669687 0.686250 0.056875 0.070833
0 0.257500 0.898750 0.076250 0.069167
0 0.841875 0.833333 0.060000 0.086667
0 0.465000 0.597500 0.060000 0.075000
0 0.725313 0.498333 0.063125 0.068333
0 0.217500 0.912917 0.067500 0.069167
0 0.415938 0.616250 0.049375 0.065833
0 0.420625 0.411667 0.061250 0.080000
0 0.082812 0.832500 0.056875 0.076667
0 0.154688 0.750833 0.048125 0.075000
0 0.834063 0.603750 0.055625 0.085833
0 0.791562 0.637917 0.061875 0.085833
0 0.120625 0.881667 0.056250 0.068333
0 0.125625 0.551250 0.053750 0.070833
0 0.038750 0.278750 0.051250 0.097500
0 0.425000 0.460833 0.066250 0.073333
0 0.372188 0.176667 0.050625 0.076667
0 0.505000 0.232083 0.052500 0.067500
0 0.657813 0.608750 0.051875 0.072500
0 0.630625 0.910833 0.070000 0.081667
0 0.588437 0.450000 0.061875 0.075000
0 0.074688 0.217083 0.050625 0.069167
0 0.484375 0.791250 0.060000 0.084167
0 0.571250 0.385000 0.053750 0.066667
0 0.732500 0.385417 0.053750 0.067500
0 0.074375 0.905000 0.057500 0.061667
0 0.077188 0.334167 0.046875 0.073333
0 0.700937 0.812917 0.070625 0.069167
0 0.735000 0.579583 0.072500 0.080833
0 0.620000 0.562500 0.048750 0.071667
0 0.045000 0.581667 0.052500 0.075000
0 0.316563 0.206667 0.054375 0.056667
1 0.806562 0.400417 0.085625 0.124167
2 0.574063 0.933750 0.096875 0.100833
0 0.751563 0.219583 0.059375 0.069167
0 0.828438 0.701667 0.044375 0.073333
0 0.757812 0.796250 0.043125 0.062500
0 0.463750 0.744167 0.077500 0.071667
0 0.131875 0.265000 0.053750 0.053333
0 0.959063 0.897917 0.060625 0.067500
