0 0.477500 0.783750 0.061250 0.090833
0 0.854062 0.828333 0.064375 0.093333
0 0.189062 0.422083 0.055625 0.070833
0 0.145625 0.483333 0.066250 0.090000
0 0.174063 0.338333 0.056875 0.070000
0 0.741250 0.629583 0.065000 0.067500
0 0.041563 0.669583 0.068125 0.089167
0 0.536563 0.588750 0.071875 0.114167
0 0.249688 0.815417 0.069375 0.099167
0 0.408438 0.637917 0.063125 0.090833
0 0.886875 0.302500 0.066250 0.080000
0 0.269062 0.440833 0.063125 0.090000
0 0.719688 0.858333 0.059375 0.090000
0 0.650937 0.839167 0.064375 0.090000
0 0.809063 0.432500 0.055625 0.086667
0 0.786875 0.848750 0.057500 0.089167
0 0.854062 0.230417 0.063125 0.074167
0 0.129375 0.566250 0.061250 0.084167
0 0.432188 0.837083 0.049375 0.070833
0 0.489063 0.894167 0.066875 0.078333
0 0.250000 0.360417 0.052500 0.079167
0 0.612187 0.662500 0.053125 0.068333
0 0.405625 0.723333 0.066250 0.080000
0 0.862187 0.495000 0.065625 0.073333
0 0.409687 0.206667 0.049375 0.075000
0 0.466562 0.465000 0.061875 0.080000
0 0.144063 0.046250 0.056875 0.087500
0 0.207813 0.898750 0.058125 0.084167
0 0.727812 0.402083 0.066875 0.080833
0 0.840313 0.075000 0.063125 0.083333
0 0.547500 0.697500 0.055000 0.073333
0 0.053437 0.915000 0.064375 0.088333
0 0.761250 0.715000 0.060000 0.075000
0 0.601562 0.515417 0.065625 0.090833
0 0.712187 0.546250 0.055625 0.087500
0 0.298125 0.662500 0.066250 0.080000
0 0.093438 0.402500 0.061875 0.091667
0 0.782188 0.570417 0.065625 0.087500
0 0.308437 0.278750 0.054375 0.082500
0 0.480312 0.069583 0.066875 0.077500
0 0.123125 0.130833 0.052500 0.076667
0 0.256250 0.559167 0.055000 0.100000
0 0.346562 0.366250 0.058125 0.075833
0 0.782813 0.354583 0.066875 0.085833
0 0.619375 0.931250 0.058750 0.072500
0 0.925625 0.044167 0.068750 0.088333
0 0.095937 0.823333 0.050625 0.101667
0 0.101562 0.296250 0.063125 0.089167
0 0.390313 0.083750 0.068125 0.104167
0 0.219688 0.170833 0.059375 0.088333
0 0.137813 0.937500 0.054375 0.095000
0 0.281250 0.724167 0.068750 0.091667
0 0.554063 0.060417 0.063125 0.089167
0 0.703125 0.196667 0.062500 0.075000
0 0.479375 0.680417 0.056250 0.087500
0 0.045937 0.517083 0.074375 0.067500
0 0.950313 0.612083 0.070625 0.100833
0 0.567813 0.845833 0.058125 0.083333
0 0.727500 0.305000 0.078750 0.105000
0 0.661250 0.399167 0.060000 0.091667
0 0.626563 0.123750 0.066875 0.080833
0 0.238750 0.130833 0.060000 0.101667
0 0.786875 0.473750 0.062500 0.079167
0 0.449062 0.573333 0.051875 0.065000
0 0.280313 0.215833 0.045625 0.081667
0 0.148438 0.249583 0.065625 0.087500
0 0.441563 0.337917 0.068125 0.097500
0 0.842500 0.130000 0.067500 0.093333
0 0.680312 0.587083 0.065625 0.094167
0 0.066875 0.287083 0.072500 0.072500
0 0.857187 0.582500 0.048125 0.071667
0 0.941250 0.450417 0.066250 0.089167
0 0.644062 0.327500 0.063125 0.091667
0 0.363125 0.052917 0.056250 0.082500
0 0.603437 0.343333 0.064375 0.093333
0 0.906563 0.544583 0.046875 0.110833
0 0.394375 0.521667 0.060000 0.095000
0 0.692187 0.955833 0.069375 0.086667
0 0.332813 0.088750 0.063125 0.077500
0 0.766250 0.912083 0.055000 0.079167
0 0.765625 0.272917 0.068750 0.094167
0 0.217500 0.237083 0.061250 0.085833
0 0.660000 0.244583 0.066250 0.070833
0 0.876250 0.400833 0.058750 0.096667
0 0.177187 0.760833 0.054375 0.081667
0 0.533750 0.445833 0.061250 0.083333
0 0.318437 0.789583 0.060625 0.085833
0 0.245312 0.270833 0.056875 0.078333
0 0.970000 0.557083 0.056250 0.070833
0 0.794375 0.294583 0.067500 0.090833
0 0.579688 0.232917 0.061875 0.072500
0 0.879375 0.453333 0.065000 0.080000
0 0.397500 0.870833 0.063750 0.080000
0 0.377500 0.262917 0.066250 0.090833
0 0.352500 0.188750 0.053750 0.084167
0 0.754062 0.051250 0.054375 0.072500
0 0.521250 0.302917 0.060000 0.079167
0 0.806875 0.170833 0.060000 0.078333
0 0.611875 0.770417 0.058750 0.077500
0 0.043437 0.171667 0.058125 0.095000
0 0.731250 0.087500 0.060000 0.076667
0 0.081250 0.960000 0.062500 0.070000
0 0.708438 0.718333 0.050625 0.075000
0 0.353750 0.680833 0.067500 0.085000
0 0.217500 0.774167 0.065000 0.093333
0 0.375937 0.451250 0.063125 0.075833
0 0.937187 0.820417 0.048125 0.085833
0 0.817813 0.700000 0.044375 0.070000
0 0.940625 0.947500 0.056250 0.078333
0 0.904062 0.205833 0.076875 0.083333
0 0.174063 0.625000 0.051875 0.070000
0 0.966562 0.884167 0.061875 0.118333
0 0.957187 0.811667 0.063125 0.080000
0 0.768750 0.946667 0.057500 0.086667
0 0.688750 0.926667 0.048750 0.075000
0 0.560000 0.935000 0.051250 0.083333
0 0.532188 0.858333 0.073125 0.081667
0 0.545625 0.880000 0.062500 0.071667
0 0.377500 0.815417 0.040000 0.087500
0 0.337813 0.806250 0.055625 0.085833
0 0.291250 0.529583 0.060000 0.090833
0 0.233437 0.569167 0.053125 0.065000
0 0.126562 0.173333 0.055625 0.080000
0 0.060625 0.144583 0.058750 0.075833
0 0.642188 0.100000 0.050625 0.090000
0 0.791875 0.059167 0.070000 0.083333
0 0.770312 0.085417 0.074375 0.072500
0 0.600000 0.470833 0.055000 0.068333
0 0.536563 0.400000 0.044375 0.076667
0 0.962500 0.161667 0.060000 0.076667
0 0.926250 0.175000 0.067500 0.091667
0 0.788750 0.191250 0.060000 0.070833
0 0.763437 0.179167 0.066875 0.068333
0 0.729375 0.180000 0.061250 0.085000
0 0.886875 0.718750 0.071250 0.085833
0 0.484375 0.503750 0.051250 0.085833
0 0.558125 0.428333 0.058750 0.080000
0 0.673750 0.349583 0.070000 0.094167
0 0.564688 0.219167 0.064375 0.091667
0 0.582812 0.100000 0.063125 0.081667
0 0.937813 0.488750 0.053125 0.074167
0 0.614375 0.296250 0.053750 0.092500
0 0.538750 0.307500 0.057500 0.066667
0 0.473750 0.655000 0.052500 0.076667
0 0.513125 0.662917 0.060000 0.084167
0 0.579375 0.294167 0.072500 0.081667
0 0.654062 0.262500 0.054375 0.068333
0 0.479063 0.102083 0.066875 0.070833
0 0.464375 0.143750 0.066250 0.082500
0 0.504375 0.208333 0.060000 0.070000
0 0.436250 0.255000 0.061250 0.083333
0 0.437812 0.291667 0.053125 0.076667
0 0.319688 0.117917 0.054375 0.075833
0 0.282187 0.162500 0.078125 0.081667
0 0.395000 0.288750 0.072500 0.082500
0 0.349375 0.213333 0.052500 0.086667
0 0.308125 0.311667 0.061250 0.070000
0 0.372188 0.369583 0.049375 0.069167
0 0.123750 0.394167 0.061250 0.080000
0 0.275938 0.319167 0.065625 0.090000
0 0.190000 0.325417 0.060000 0.075833
0 0.188125 0.330417 0.058750 0.077500
0 0.143750 0.217917 0.047500 0.082500
0 0.180000 0.229583 0.071250 0.065833
0 0.201875 0.412500 0.058750 0.078333
0 0.385937 0.547917 0.045625 0.085833
0 0.343438 0.637083 0.058125 0.094167
0 0.362812 0.607917 0.059375 0.087500
0 0.200625 0.593333 0.056250 0.085000
0 0.176563 0.605000 0.061875 0.066667
0 0.315000 0.502083 0.058750 0.074167
0 0.336875 0.481667 0.068750 0.083333
0 0.345000 0.434167 0.067500 0.098333
0 0.807813 0.596250 0.066875 0.084167
0 0.660937 0.612500 0.046875 0.093333
0 0.754062 0.772083 0.054375 0.074167
0 0.691250 0.650417 0.062500 0.100833
0 0.766563 0.752500 0.055625 0.076667
0 0.838437 0.714167 0.063125 0.095000
0 0.959688 0.705000 0.065625 0.080000
0 0.859375 0.725000 0.050000 0.096667
0 0.904687 0.751667 0.055625 0.078333
0 0.935000 0.784583 0.075000 0.095833
0 0.628437 0.742083 0.054375 0.089167
0 0.647188 0.725000 0.051875 0.066667
0 0.690625 0.753333 0.067500 0.101667
0 0.112187 0.943750 0.066875 0.074167
0 0.187188 0.886250 0.056875 0.085833
0 0.191250 0.855833 0.057500 0.078333
0 0.165000 0.713333 0.056250 0.085000
0 0.152188 0.760833 0.050625 0.081667
0 0.068437 0.812083 0.065625 0.070833
0 0.274062 0.040833 0.056875 0.078333
0 0.426563 0.728750 0.055625 0.070833
0 0.031250 0.408333 0.057500 0.078333
0 0.582187 0.181250 0.058125 0.072500
0 0.618750 0.905833 0.051250 0.066667
0 0.747500 0.430833 0.040000 0.131667
