0 0.660937 0.673333 0.075625 0.101667
0 0.690000 0.446250 0.077500 0.107500
0 0.096250 0.853333 0.078750 0.096667
0 0.311563 0.329583 0.075625 0.102500
0 0.049688 0.652083 0.079375 0.105833
0 0.031250 0.792083 0.060000 0.104167
0 0.598125 0.561667 0.067500 0.091667
0 0.300000 0.893333 0.081250 0.095000
0 0.077813 0.241250 0.080625 0.099167
0 0.592187 0.243333 0.085625 0.113333
0 0.223438 0.086250 0.076875 0.102500
0 0.907813 0.166250 0.068125 0.095833
0 0.651563 0.912500 0.084375 0.110000
0 0.323750 0.557083 0.078750 0.102500
0 0.743437 0.056667 0.075625 0.096667
0 0.166250 0.906250 0.077500 0.097500
0 0.149375 0.232083 0.070000 0.100833
0 0.854688 0.159167 0.069375 0.100000
0 0.264688 0.453750 0.074375 0.094167
0 0.348750 0.705000 0.071250 0.098333
0 0.409687 0.697083 0.066875 0.099167
0 0.577187 0.795417 0.074375 0.104167
0 0.425312 0.535833 0.069375 0.093333
0 0.260937 0.815833 0.085625 0.101667
0 0.901250 0.433333 0.068750 0.090000
6 0.262500 0.195833 0.087500 0.128333
0 0.195937 0.804583 0.078125 0.099167
0 0.116250 0.067083 0.082500 0.094167
0 0.590000 0.135000 0.086250 0.098333
0 0.919687 0.648750 0.066875 0.099167
0 0.039062 0.695833 0.071875 0.095000
0 0.443437 0.387083 0.076875 0.100833
0 0.518750 0.181667 0.070000 0.103333
0 0.423438 0.063750 0.066875 0.095833
0 0.812813 0.870000 0.081875 0.113333
0 0.845313 0.334167 0.080625 0.120000
0 0.427812 0.100000 0.071875 0.096667
0 0.595000 0.465417 0.078750 0.094167
0 0.534062 0.403750 0.069375 0.099167
0 0.667500 0.492500 0.070000 0.106667
0 0.420625 0.355417 0.076250 0.104167
0 0.906563 0.947083 0.078125 0.097500
0 0.223438 0.238333 0.068125 0.098333
0 0.873437 0.822083 0.070625 0.099167
0 0.535937 0.650000 0.064375 0.111667
0 0.552500 0.388750 0.067500 0.097500
0 0.890312 0.575417 0.059375 0.079167
0 0.799687 0.577500 0.058125 0.091667
0 0.838437 0.553333 0.071875 0.080000
3 0.854688 0.622917 0.074375 0.125833
0 0.934688 0.643333 0.075625 0.093333
