0 0.964688 0.463750 0.063125 0.087500
0 0.422500 0.687500 0.070000 0.095000
0 0.811875 0.233333 0.058750 0.086667
0 0.116250 0.282083 0.067500 0.090833
0 0.840625 0.430000 0.072500 0.080000
0 0.694688 0.155000 0.073125 0.105000
0 0.500313 0.342500 0.070625 0.101667
0 0.619687 0.364167 0.054375 0.096667
0 0.321562 0.801667 0.068125 0.103333
0 0.834063 0.057500 0.065625 0.095000
0 0.450625 0.603333 0.065000 0.086667
0 0.828438 0.342917 0.071875 0.080833
0 0.630938 0.183333 0.073125 0.093333
0 0.673438 0.382083 0.066875 0.097500
0 0.270313 0.452917 0.078125 0.097500
0 0.265937 0.752500 0.066875 0.083333
0 0.559688 0.374583 0.068125 0.102500
0 0.107813 0.775000 0.073125 0.091667
0 0.190625 0.494167 0.072500 0.090000
0 0.803750 0.803750 0.070000 0.087500
0 0.704063 0.451250 0.075625 0.105833
0 0.590938 0.124167 0.075625 0.091667
0 0.495000 0.697917 0.065000 0.089167
0 0.787813 0.131250 0.081875 0.075833
0 0.955000 0.266667 0.076250 0.095000
0 0.176563 0.424167 0.073125 0.085000
0 0.943750 0.742917 0.067500 0.095833
0 0.796250 0.573750 0.090000 0.085833
0 0.773125 0.745833 0.081250 0.098333
0 0.847500 0.753333 0.078750 0.096667
0 0.881563 0.680833 0.076875 0.085000
0 0.039375 0.200833 0.070000 0.105000
0 0.376563 0.805000 0.061875 0.116667
0 0.752812 0.492083 0.074375 0.097500
0 0.081875 0.716667 0.076250 0.106667
0 0.245938 0.843750 0.083125 0.084167
0 0.641875 0.763333 0.070000 0.093333
0 0.588437 0.289167 0.096875 0.080000
