0 0.711250 0.312083 0.058750 0.102500
0 0.589375 0.152917 0.071250 0.099167
0 0.270625 0.059167 0.073750 0.095000
0 0.463750 0.740417 0.080000 0.095833
0 0.771563 0.077500 0.066875 0.108333
0 0.913125 0.163750 0.061250 0.084167
0 0.925625 0.570000 0.070000 0.078333
0 0.961875 0.319167 0.061250 0.086667
0 0.260000 0.710833 0.070000 0.081667
0 0.389375 0.884167 0.072500 0.088333
0 0.386250 0.069583 0.078750 0.102500
0 0.106875 0.675000 0.066250 0.091667
0 0.654375 0.079583 0.063750 0.087500
0 0.150312 0.737917 0.063125 0.089167
0 0.045312 0.096667 0.070625 0.083333
0 0.262188 0.513333 0.071875 0.091667
0 0.496250 0.610833 0.070000 0.090000
0 0.197187 0.508750 0.068125 0.095833
0 0.846250 0.587083 0.072500 0.080833
0 0.772188 0.422083 0.074375 0.092500
0 0.087188 0.215417 0.084375 0.087500
3 0.584375 0.576250 0.081250 0.090833
0 0.481563 0.829167 0.075625 0.090000
0 0.515938 0.903333 0.074375 0.085000
0 0.048438 0.357083 0.073125 0.090833
0 0.814063 0.488750 0.064375 0.084167
0 0.439375 0.232917 0.073750 0.104167
1 0.916250 0.491250 0.078750 0.097500
0 0.774062 0.819167 0.073125 0.085000
0 0.435625 0.560417 0.077500 0.090833
0 0.102813 0.399583 0.071875 0.075833
3 0.734062 0.882500 0.091875 0.093333
0 0.951875 0.449583 0.077500 0.085833
0 0.107188 0.067917 0.105625 0.087500
