0 0.840000 0.572083 0.055000 0.075833
0 0.412500 0.838333 0.063750 0.083333
0 0.570312 0.486250 0.061875 0.085833
0 0.833438 0.706250 0.068125 0.087500
0 0.731875 0.608750 0.068750 0.090833
0 0.119375 0.790833 0.066250 0.086667
0 0.273750 0.737917 0.062500 0.092500
0 0.330625 0.394583 0.057500 0.079167
0 0.503437 0.375417 0.073125 0.094167
0 0.077813 0.447083 0.068125 0.080833
0 0.913438 0.685000 0.075625 0.093333
0 0.896563 0.850417 0.068125 0.070833
0 0.421250 0.383750 0.065000 0.077500
0 0.720000 0.916250 0.071250 0.092500
0 0.604062 0.780833 0.061875 0.080000
0 0.310625 0.805000 0.061250 0.076667
0 0.112187 0.905833 0.059375 0.080000
0 0.121875 0.231667 0.077500 0.093333
0 0.194375 0.442083 0.066250 0.082500
0 0.220625 0.661667 0.061250 0.090000
0 0.506563 0.747917 0.050625 0.072500
0 0.364375 0.050000 0.056250 0.081667
0 0.076250 0.650833 0.062500 0.076667
0 0.230000 0.327083 0.070000 0.069167
0 0.694375 0.511667 0.066250 0.073333
0 0.305625 0.452083 0.073750 0.099167
0 0.142500 0.658750 0.061250 0.089167
0 0.778438 0.520000 0.061875 0.068333
6 0.203750 0.897083 0.072500 0.109167
0 0.868437 0.789167 0.053125 0.080000
0 0.964063 0.134167 0.061875 0.068333
0 0.484375 0.915417 0.056250 0.075833
0 0.563750 0.629167 0.052500 0.075000
0 0.756875 0.685833 0.051250 0.070000
5 0.765000 0.109167 0.083750 0.111667
0 0.483438 0.542083 0.061875 0.070833
0 0.862187 0.076250 0.048125 0.092500
0 0.932500 0.781667 0.055000 0.091667
1 0.139063 0.342500 0.068125 0.113333
0 0.848125 0.492917 0.060000 0.070833
0 0.364687 0.752083 0.055625 0.077500
0 0.345313 0.859167 0.055625 0.073333
0 0.640000 0.174167 0.057500 0.081667
0 0.783125 0.436667 0.071250 0.090000
0 0.495312 0.614583 0.058125 0.085833
0 0.724375 0.335833 0.081250 0.080000
0 0.652188 0.307083 0.055625 0.065833
0 0.538750 0.948750 0.055000 0.072500
0 0.613125 0.647917 0.047500 0.074167
0 0.697187 0.229583 0.064375 0.072500
0 0.862500 0.421667 0.061250 0.070000
1 0.579063 0.412500 0.093125 0.091667
0 0.207500 0.795833 0.066250 0.096667
0 0.427500 0.952500 0.072500 0.086667
0 0.962187 0.626667 0.065625 0.075000
0 0.430937 0.068333 0.068125 0.095000
1 0.361875 0.636667 0.087500 0.125000
0 0.073750 0.888750 0.070000 0.082500
0 0.930937 0.310417 0.063125 0.075833
0 0.464062 0.485417 0.050625 0.067500
0 0.741875 0.270833 0.055000 0.073333
0 0.688750 0.440000 0.060000 0.063333
0 0.885938 0.443333 0.064375 0.083333
0 0.934375 0.276667 0.056250 0.073333
0 0.061875 0.349583 0.048750 0.085833
0 0.032188 0.560000 0.061875 0.066667
0 0.941562 0.965000 0.048125 0.070000
0 0.839375 0.310833 0.047500 0.066667
0 0.956250 0.072917 0.060000 0.055833
0 0.632500 0.358750 0.050000 0.060833
0 0.656563 0.248750 0.055625 0.082500
0 0.849375 0.367500 0.065000 0.090000
0 0.962187 0.375833 0.059375 0.073333
0 0.759687 0.399583 0.061875 0.079167
0 0.394062 0.692500 0.045625 0.066667
0 0.180000 0.697083 0.056250 0.072500
0 0.079062 0.858750 0.064375 0.085833
0 0.069062 0.940417 0.055625 0.065833
0 0.948438 0.753750 0.081875 0.077500
0 0.691562 0.401250 0.061875 0.067500
