0 0.661875 0.852083 0.062500 0.077500
0 0.401250 0.127083 0.055000 0.082500
0 0.119063 0.695833 0.065625 0.080000
0 0.859688 0.484167 0.073125 0.100000
0 0.660000 0.114167 0.060000 0.085000
0 0.805000 0.087083 0.067500 0.089167
0 0.074688 0.495833 0.071875 0.083333
0 0.834063 0.801667 0.070625 0.096667
0 0.245625 0.877917 0.063750 0.077500
0 0.859688 0.575417 0.074375 0.095833
0 0.327813 0.575000 0.083125 0.103333
0 0.121250 0.613333 0.063750 0.085000
0 0.360312 0.407500 0.073125 0.095000
0 0.520938 0.348750 0.066875 0.092500
0 0.442812 0.880417 0.073125 0.099167
0 0.058750 0.140417 0.062500 0.082500
0 0.706250 0.936250 0.076250 0.087500
0 0.247812 0.426667 0.065625 0.091667
0 0.650625 0.770000 0.060000 0.088333
0 0.418125 0.515833 0.057500 0.095000
0 0.744062 0.172500 0.069375 0.095000
0 0.128750 0.222917 0.058750 0.080833
0 0.794375 0.347917 0.073750 0.105833
0 0.549375 0.559583 0.068750 0.102500
0 0.244062 0.745833 0.078125 0.098333
0 0.621875 0.671250 0.075000 0.099167
0 0.173125 0.583750 0.076250 0.102500
0 0.481250 0.405000 0.066250 0.075000
0 0.489687 0.682917 0.071875 0.090833
0 0.558750 0.191250 0.058750 0.099167
0 0.228437 0.322083 0.071875 0.097500
0 0.580937 0.372917 0.068125 0.097500
0 0.727500 0.293333 0.075000 0.095000
0 0.927500 0.144583 0.076250 0.097500
0 0.122813 0.352917 0.063125 0.077500
0 0.067812 0.263750 0.068125 0.087500
0 0.600000 0.733333 0.060000 0.090000
0 0.776250 0.607500 0.071250 0.091667
0 0.265625 0.252917 0.063750 0.072500
0 0.307812 0.205833 0.081875 0.088333
0 0.485938 0.592917 0.068125 0.109167
0 0.088750 0.407083 0.065000 0.084167
0 0.315937 0.761667 0.075625 0.100000
0 0.197187 0.363333 0.078125 0.095000
0 0.960625 0.791667 0.068750 0.080000
0 0.487812 0.153750 0.049375 0.077500
0 0.921250 0.236667 0.072500 0.090000
0 0.409687 0.262500 0.073125 0.086667
0 0.545937 0.935417 0.061875 0.072500
0 0.461875 0.220000 0.068750 0.080000
0 0.354687 0.488333 0.068125 0.081667
0 0.579375 0.043333 0.078750 0.085000
0 0.737500 0.527917 0.070000 0.105833
0 0.945625 0.372500 0.076250 0.086667
0 0.530625 0.104167 0.061250 0.080000
0 0.791562 0.515000 0.069375 0.101667
0 0.057188 0.366250 0.055625 0.075833
0 0.605938 0.140000 0.059375 0.078333
0 0.212188 0.098333 0.061875 0.076667
0 0.060000 0.906667 0.073750 0.081667
1 0.288750 0.837917 0.080000 0.105833
0 0.428750 0.329583 0.071250 0.075833
0 0.414062 0.395833 0.064375 0.081667
0 0.092188 0.940000 0.064375 0.086667
