0 0.675937 0.649167 0.068125 0.091667
0 0.752812 0.280833 0.061875 0.083333
0 0.488750 0.297083 0.070000 0.084167
0 0.503750 0.634167 0.073750 0.098333
0 0.884062 0.607083 0.074375 0.089167
0 0.200625 0.891250 0.070000 0.094167
0 0.355000 0.679583 0.082500 0.087500
0 0.769687 0.444167 0.073125 0.088333
0 0.255937 0.123333 0.080625 0.108333
0 0.607500 0.559167 0.071250 0.073333
0 0.596250 0.663750 0.070000 0.105833
0 0.503437 0.772917 0.070625 0.097500
0 0.832500 0.730417 0.078750 0.095833
0 0.055938 0.231250 0.076875 0.100833
0 0.172500 0.388333 0.076250 0.096667
0 0.139063 0.055417 0.075625 0.109167
0 0.178750 0.332917 0.070000 0.090833
2 0.346250 0.122917 0.090000 0.119167
3 0.771875 0.901250 0.098750 0.102500
0 0.688750 0.519167 0.080000 0.090000
