0 0.108750 0.534167 0.060000 0.085000
0 0.769062 0.291250 0.060625 0.082500
0 0.711875 0.340833 0.070000 0.093333
0 0.129062 0.118333 0.061875 0.083333
0 0.645000 0.132917 0.065000 0.085833
0 0.756250 0.083750 0.073750 0.095833
0 0.626563 0.227083 0.061875 0.080833
0 0.389688 0.102083 0.064375 0.087500
0 0.498750 0.603333 0.068750 0.091667
0 0.565625 0.474167 0.072500 0.105000
0 0.045312 0.714167 0.061875 0.088333
0 0.935625 0.387083 0.061250 0.090833
0 0.831875 0.655417 0.067500 0.095833
0 0.550000 0.855833 0.070000 0.100000
0 0.558438 0.153750 0.064375 0.087500
0 0.315000 0.799167 0.073750 0.095000
0 0.563125 0.699167 0.063750 0.095000
0 0.607187 0.786250 0.066875 0.095833
0 0.219688 0.454583 0.070625 0.095833
0 0.203125 0.799167 0.066250 0.081667
0 0.641250 0.704583 0.068750 0.097500
0 0.681250 0.423750 0.070000 0.084167
0 0.910625 0.644167 0.070000 0.101667
0 0.207813 0.705000 0.079375 0.095000
0 0.270937 0.135833 0.071875 0.100000
0 0.233437 0.328750 0.069375 0.095833
0 0.873125 0.370000 0.056250 0.085000
0 0.315937 0.672917 0.059375 0.074167
0 0.883750 0.853750 0.062500 0.077500
0 0.133125 0.888333 0.080000 0.095000
0 0.817187 0.432500 0.063125 0.093333
0 0.720313 0.766250 0.074375 0.112500
0 0.463125 0.141667 0.075000 0.105000
0 0.914062 0.250833 0.075625 0.101667
0 0.841875 0.093333 0.075000 0.100000
0 0.900000 0.071250 0.067500 0.084167
0 0.416250 0.672917 0.070000 0.105833
0 0.284062 0.530000 0.075625 0.116667
0 0.871875 0.781667 0.070000 0.078333
0 0.517500 0.740000 0.071250 0.098333
0 0.355000 0.207917 0.073750 0.097500
0 0.751563 0.520833 0.070625 0.083333
0 0.596875 0.375000 0.070000 0.070000
0 0.195000 0.569167 0.075000 0.106667
0 0.030937 0.220000 0.059375 0.103333
0 0.574063 0.307500 0.078125 0.090000
0 0.929375 0.911250 0.071250 0.107500
0 0.457188 0.428333 0.075625 0.086667
0 0.087813 0.260833 0.064375 0.113333
0 0.707812 0.583333 0.069375 0.093333
0 0.340938 0.574167 0.064375 0.098333
0 0.471875 0.818750 0.075000 0.104167
0 0.825313 0.879167 0.075625 0.123333
0 0.444063 0.862500 0.073125 0.113333
0 0.386875 0.873333 0.058750 0.118333
0 0.934375 0.809167 0.066250 0.096667
0 0.938438 0.135000 0.068125 0.073333
0 0.759687 0.627083 0.085625 0.112500
0 0.959063 0.234583 0.073125 0.087500
0 0.657188 0.590000 0.063125 0.138333
0 0.969375 0.803333 0.058750 0.093333
1 0.480000 0.355000 0.093750 0.105000
0 0.462813 0.721667 0.085625 0.103333
0 0.348750 0.912500 0.077500 0.133333
