0 0.850938 0.223750 0.074375 0.107500
0 0.560000 0.257917 0.077500 0.094167
0 0.932500 0.894583 0.081250 0.105833
0 0.203750 0.100417 0.071250 0.092500
0 0.432188 0.347083 0.066875 0.079167
0 0.729688 0.342500 0.084375 0.113333
0 0.045000 0.477083 0.068750 0.094167
0 0.927500 0.795000 0.073750 0.103333
0 0.363438 0.220833 0.068125 0.095000
0 0.500000 0.884167 0.072500 0.103333
0 0.887188 0.155833 0.073125 0.101667
0 0.435625 0.250000 0.073750 0.100000
0 0.616563 0.550833 0.069375 0.116667
0 0.263750 0.153750 0.080000 0.097500
0 0.223125 0.705833 0.076250 0.098333
0 0.202813 0.290000 0.084375 0.106667
0 0.038750 0.064583 0.072500 0.089167
0 0.356563 0.439583 0.074375 0.097500
0 0.373125 0.074167 0.070000 0.088333
0 0.158125 0.820833 0.075000 0.098333
0 0.633125 0.500000 0.063750 0.095000
0 0.365312 0.875833 0.071875 0.110000
0 0.535625 0.924583 0.082500 0.102500
0 0.150625 0.121250 0.071250 0.100833
0 0.254375 0.560000 0.078750 0.100000
0 0.910000 0.375000 0.071250 0.086667
0 0.697187 0.620000 0.073125 0.101667
0 0.675312 0.241250 0.073125 0.105833
0 0.196563 0.540000 0.076875 0.103333
0 0.639687 0.109583 0.071875 0.089167
0 0.913750 0.684583 0.081250 0.097500
0 0.448750 0.903333 0.068750 0.090000
0 0.701562 0.890000 0.093125 0.098333
0 0.946562 0.118333 0.071875 0.088333
0 0.144687 0.427917 0.060625 0.082500
0 0.283438 0.619583 0.070625 0.085833
0 0.901875 0.585000 0.083750 0.091667
0 0.718750 0.054167 0.066250 0.098333
0 0.304375 0.152083 0.070000 0.095833
0 0.922188 0.443750 0.080625 0.092500
0 0.689063 0.443333 0.073125 0.101667
0 0.088750 0.936250 0.067500 0.112500
0 0.391875 0.489583 0.072500 0.107500
0 0.738750 0.198333 0.068750 0.103333
0 0.570312 0.743333 0.073125 0.101667
0 0.784062 0.119167 0.073125 0.105000
0 0.293125 0.698333 0.081250 0.091667
0 0.082500 0.135000 0.068750 0.096667
0 0.854375 0.802917 0.065000 0.092500
0 0.470625 0.463750 0.075000 0.077500
0 0.277500 0.803750 0.085000 0.104167
0 0.225312 0.195833 0.076875 0.105000
0 0.324062 0.931667 0.076875 0.090000
0 0.752188 0.627083 0.078125 0.094167
0 0.420938 0.641667 0.073125 0.086667
0 0.238125 0.911667 0.065000 0.101667
0 0.838125 0.688750 0.075000 0.084167
0 0.301875 0.506667 0.087500 0.091667
0 0.800937 0.838750 0.051875 0.105833
0 0.255625 0.892500 0.067500 0.090000
0 0.165313 0.413333 0.065625 0.081667
0 0.861875 0.049583 0.071250 0.097500
0 0.776875 0.228750 0.075000 0.110833
0 0.427187 0.935000 0.066875 0.098333
0 0.096875 0.058750 0.046250 0.077500
0 0.942500 0.508750 0.082500 0.104167
1 0.452188 0.562083 0.071875 0.147500
0 0.851250 0.828750 0.067500 0.104167
0 0.419063 0.470417 0.073125 0.102500
0 0.409687 0.572500 0.056875 0.106667
