0 0.331562 0.317083 0.083125 0.105833
0 0.770938 0.710000 0.074375 0.103333
1 0.776250 0.154583 0.102500 0.120833
0 0.950313 0.245000 0.076875 0.100000
0 0.895625 0.462500 0.072500 0.081667
0 0.630625 0.785417 0.078750 0.099167
0 0.649687 0.413750 0.073125 0.094167
0 0.900312 0.862500 0.074375 0.101667
0 0.664687 0.943750 0.080625 0.100833
0 0.897813 0.195000 0.073125 0.108333
0 0.485938 0.395833 0.078125 0.113333
0 0.437500 0.550000 0.076250 0.088333
0 0.075313 0.165000 0.064375 0.106667
0 0.355625 0.412083 0.070000 0.094167
0 0.722812 0.642500 0.063125 0.108333
0 0.851562 0.272083 0.073125 0.089167
0 0.705937 0.473333 0.078125 0.108333
0 0.517813 0.197083 0.079375 0.100833
0 0.277500 0.170000 0.085000 0.101667
0 0.761250 0.482917 0.068750 0.087500
0 0.684688 0.180833 0.078125 0.105000
0 0.892188 0.735833 0.079375 0.110000
0 0.611563 0.162083 0.066875 0.097500
0 0.148125 0.897917 0.078750 0.092500
0 0.077500 0.699583 0.082500 0.114167
0 0.062812 0.519583 0.080625 0.120833
0 0.545000 0.475833 0.095000 0.113333
0 0.707812 0.738750 0.069375 0.105833
0 0.875625 0.342917 0.076250 0.107500
0 0.235313 0.125833 0.076875 0.106667
0 0.890625 0.927500 0.097500 0.098333
