0 0.199375 0.914167 0.086250 0.101667
0 0.907813 0.584583 0.089375 0.094167
0 0.147187 0.856250 0.073125 0.099167
0 0.633750 0.487917 0.076250 0.105833
0 0.081562 0.540417 0.083125 0.109167
0 0.708438 0.716250 0.083125 0.112500
0 0.614688 0.394583 0.074375 0.095833
0 0.667813 0.787917 0.075625 0.095833
0 0.104063 0.450417 0.076875 0.102500
0 0.752812 0.660417 0.085625 0.095833
0 0.934063 0.827083 0.088125 0.097500
0 0.575000 0.125000 0.073750 0.118333
0 0.594063 0.591250 0.079375 0.104167
0 0.057188 0.904583 0.096875 0.089167
0 0.948125 0.514167 0.088750 0.091667
0 0.378437 0.130417 0.068125 0.102500
3 0.686562 0.255000 0.070625 0.073333
0 0.775937 0.517083 0.075625 0.085833
0 0.515312 0.065000 0.095625 0.088333
0 0.851875 0.448333 0.077500 0.103333
0 0.776563 0.595833 0.094375 0.090000
3 0.621875 0.311250 0.063750 0.080833
0 0.892188 0.060000 0.078125 0.105000
0 0.838437 0.371250 0.069375 0.104167
0 0.773750 0.426250 0.080000 0.105833
0 0.704063 0.327917 0.063125 0.109167
