0 0.913125 0.723333 0.071250 0.093333
0 0.729688 0.172083 0.061875 0.085833
0 0.568750 0.817083 0.061250 0.079167
0 0.560000 0.621667 0.066250 0.086667
0 0.206563 0.535417 0.055625 0.069167
0 0.188125 0.469583 0.065000 0.087500
0 0.065000 0.923333 0.078750 0.093333
0 0.548125 0.222083 0.065000 0.074167
0 0.219688 0.765417 0.066875 0.079167
0 0.469062 0.710000 0.065625 0.085000
0 0.849688 0.520000 0.065625 0.078333
1 0.165937 0.782500 0.061875 0.096667
0 0.857500 0.421250 0.066250 0.084167
0 0.870625 0.899583 0.065000 0.082500
0 0.705313 0.460417 0.071875 0.092500
0 0.643125 0.914583 0.063750 0.092500
0 0.129688 0.556667 0.066875 0.085000
0 0.553438 0.719583 0.070625 0.095833
0 0.933125 0.595000 0.058750 0.093333
0 0.338438 0.401250 0.068125 0.092500
0 0.504687 0.812917 0.069375 0.082500
0 0.508437 0.433750 0.060625 0.079167
0 0.656250 0.764583 0.057500 0.077500
0 0.655000 0.076667 0.066250 0.085000
0 0.906875 0.195000 0.065000 0.100000
0 0.101562 0.192500 0.066875 0.071667
1 0.931250 0.819167 0.068750 0.100000
0 0.925625 0.382500 0.065000 0.073333
0 0.298125 0.505417 0.061250 0.069167
0 0.630938 0.472917 0.065625 0.085833
0 0.548750 0.142917 0.055000 0.084167
0 0.337813 0.350833 0.060625 0.076667
0 0.455000 0.497917 0.050000 0.070833
0 0.216250 0.188750 0.052500 0.079167
0 0.369375 0.165833 0.073750 0.081667
0 0.912500 0.128750 0.067500 0.094167
0 0.056563 0.747917 0.065625 0.090833
0 0.174063 0.140833 0.065625 0.101667
0 0.670000 0.407083 0.060000 0.092500
0 0.466250 0.892500 0.060000 0.073333
0 0.270625 0.642083 0.065000 0.087500
0 0.603750 0.549167 0.066250 0.088333
0 0.192500 0.954167 0.062500 0.080000
0 0.474062 0.262500 0.059375 0.071667
0 0.264688 0.120833 0.056875 0.060000
0 0.620938 0.283333 0.058125 0.080000
0 0.169063 0.388750 0.055625 0.077500
0 0.691562 0.831250 0.064375 0.074167
0 0.668438 0.553333 0.066875 0.086667
0 0.231250 0.882917 0.081250 0.074167
0 0.817813 0.617917 0.059375 0.075833
0 0.384375 0.703333 0.062500 0.085000
0 0.066562 0.410417 0.068125 0.085833
0 0.720625 0.879167 0.065000 0.090000
0 0.425938 0.644167 0.050625 0.070000
0 0.364063 0.515833 0.054375 0.083333
1 0.750313 0.945000 0.080625 0.085000
0 0.626875 0.169583 0.061250 0.080833
6 0.582500 0.447500 0.072500 0.103333
0 0.845938 0.199583 0.061875 0.082500
0 0.617500 0.353333 0.067500 0.083333
0 0.853750 0.686667 0.052500 0.071667
0 0.158125 0.312500 0.073750 0.103333
0 0.262188 0.046667 0.063125 0.083333
0 0.113437 0.764583 0.058125 0.077500
0 0.299375 0.950417 0.067500 0.087500
0 0.406250 0.560417 0.062500 0.082500
4 0.383437 0.109167 0.073125 0.100000
0 0.148438 0.665000 0.051875 0.081667
0 0.213438 0.354167 0.060625 0.070000
0 0.397500 0.419167 0.056250 0.080000
0 0.743125 0.827500 0.052500 0.083333
0 0.670625 0.930833 0.063750 0.083333
0 0.313750 0.052500 0.057500 0.078333
0 0.437500 0.192500 0.062500 0.075000
0 0.271250 0.367083 0.057500 0.069167
0 0.475000 0.074583 0.052500 0.077500
0 0.232813 0.687083 0.049375 0.065833
0 0.858125 0.815833 0.063750 0.086667
1 0.080937 0.312917 0.075625 0.112500
0 0.388125 0.332500 0.048750 0.068333
0 0.295938 0.736250 0.056875 0.067500
0 0.055313 0.084167 0.051875 0.070000
0 0.084375 0.847083 0.052500 0.059167
0 0.160000 0.042500 0.062500 0.085000
0 0.623750 0.205833 0.052500 0.068333
0 0.964375 0.169167 0.062500 0.073333
0 0.822187 0.803750 0.058125 0.122500
0 0.789062 0.839167 0.050625 0.070000
0 0.410000 0.922500 0.050000 0.070000
0 0.343438 0.612500 0.046875 0.070000
0 0.166250 0.331667 0.063750 0.070000
0 0.126875 0.368333 0.055000 0.075000
0 0.091563 0.337917 0.046875 0.064167
0 0.039375 0.402500 0.052500 0.081667
0 0.456250 0.602500 0.062500 0.068333
0 0.344375 0.522917 0.062500 0.079167
0 0.294063 0.652500 0.060625 0.081667
0 0.457500 0.172083 0.056250 0.075833
