0 0.228750 0.575833 0.061250 0.085000
0 0.140937 0.332500 0.064375 0.088333
0 0.589688 0.255000 0.060625 0.096667
0 0.509062 0.928333 0.071875 0.095000
0 0.326562 0.865833 0.068125 0.088333
0 0.369375 0.657917 0.061250 0.089167
0 0.589375 0.153333 0.071250 0.103333
0 0.551250 0.715833 0.066250 0.086667
0 0.408438 0.289583 0.075625 0.092500
0 0.485625 0.687917 0.065000 0.099167
0 0.170625 0.722500 0.063750 0.095000
0 0.663438 0.545417 0.060625 0.077500
0 0.964375 0.328333 0.062500 0.081667
0 0.150000 0.253750 0.070000 0.085833
0 0.404375 0.755000 0.061250 0.088333
0 0.284375 0.132500 0.071250 0.095000
0 0.862500 0.216250 0.070000 0.080833
0 0.225312 0.312083 0.061875 0.085833
0 0.345000 0.397083 0.075000 0.094167
0 0.365938 0.107917 0.065625 0.092500
0 0.692500 0.465833 0.053750 0.065000
0 0.705000 0.653333 0.063750 0.091667
0 0.490312 0.813333 0.071875 0.091667
0 0.889687 0.322500 0.059375 0.080000
0 0.836875 0.428333 0.063750 0.090000
0 0.617500 0.052500 0.066250 0.085000
0 0.334062 0.480833 0.058125 0.073333
0 0.307812 0.598750 0.070625 0.094167
1 0.726250 0.795833 0.073750 0.105000
0 0.161875 0.440417 0.070000 0.100833
0 0.216562 0.499583 0.083125 0.084167
0 0.099687 0.914583 0.073125 0.085833
0 0.748750 0.159167 0.062500 0.106667
0 0.594688 0.362500 0.060625 0.086667
0 0.530625 0.264583 0.057500 0.100833
0 0.086250 0.249583 0.055000 0.079167
0 0.719375 0.374167 0.068750 0.101667
0 0.063750 0.784167 0.063750 0.090000
0 0.643750 0.133333 0.058750 0.086667
0 0.287187 0.333750 0.070625 0.100833
0 0.913125 0.747083 0.067500 0.100833
0 0.885625 0.582083 0.053750 0.087500
0 0.395937 0.512083 0.064375 0.085833
0 0.643125 0.670833 0.060000 0.086667
0 0.847187 0.907083 0.060625 0.070833
0 0.637813 0.456667 0.058125 0.085000
0 0.473438 0.343333 0.064375 0.090000
0 0.925937 0.395833 0.070625 0.091667
0 0.086563 0.077083 0.059375 0.079167
0 0.287500 0.430417 0.063750 0.089167
0 0.830313 0.584583 0.061875 0.104167
0 0.778750 0.440833 0.053750 0.073333
0 0.103438 0.167083 0.064375 0.095833
1 0.046250 0.672083 0.076250 0.125833
0 0.694375 0.517917 0.070000 0.090833
0 0.912813 0.918750 0.065625 0.092500
0 0.073750 0.682500 0.056250 0.075000
0 0.956250 0.056250 0.065000 0.097500
0 0.142813 0.040000 0.058125 0.080000
0 0.055313 0.127500 0.050625 0.103333
0 0.814688 0.554167 0.060625 0.078333
0 0.234375 0.417500 0.052500 0.108333
1 0.933125 0.607500 0.076250 0.131667
