0 0.732187 0.361667 0.058125 0.080000
0 0.848437 0.504583 0.058125 0.074167
0 0.626563 0.459167 0.064375 0.080000
0 0.344687 0.730000 0.075625 0.075000
0 0.550937 0.538333 0.065625 0.086667
0 0.873437 0.893750 0.069375 0.099167
0 0.692500 0.612083 0.067500 0.090833
0 0.181250 0.109583 0.072500 0.089167
0 0.724688 0.790833 0.070625 0.090000
0 0.880938 0.128750 0.053125 0.074167
1 0.237813 0.599583 0.079375 0.092500
0 0.745000 0.067917 0.066250 0.089167
0 0.054062 0.130417 0.069375 0.090833
0 0.628125 0.675417 0.070000 0.094167
0 0.428125 0.289167 0.067500 0.086667
0 0.751875 0.586667 0.071250 0.100000
0 0.228125 0.464167 0.066250 0.085000
0 0.804063 0.281250 0.069375 0.079167
0 0.687813 0.512500 0.069375 0.086667
0 0.110312 0.777500 0.056875 0.083333
0 0.690312 0.266250 0.069375 0.089167
0 0.156875 0.845000 0.067500 0.085000
0 0.362812 0.401667 0.064375 0.066667
1 0.887188 0.283333 0.085625 0.103333
0 0.255000 0.769167 0.063750 0.085000
0 0.139687 0.926667 0.064375 0.080000
0 0.968750 0.105833 0.056250 0.085000
0 0.060625 0.191250 0.066250 0.089167
0 0.252500 0.333750 0.068750 0.090833
0 0.501563 0.619583 0.070625 0.084167
0 0.104688 0.053750 0.070625 0.095833
0 0.370937 0.331250 0.069375 0.077500
0 0.743750 0.220000 0.062500 0.081667
0 0.268437 0.242500 0.081875 0.076667
0 0.333125 0.175833 0.060000 0.078333
0 0.483750 0.533333 0.077500 0.093333
0 0.199375 0.397917 0.060000 0.074167
0 0.470938 0.740417 0.066875 0.080833
0 0.749062 0.830000 0.071875 0.100000
0 0.104063 0.312083 0.073125 0.080833
0 0.273438 0.896250 0.058125 0.072500
0 0.442188 0.805000 0.064375 0.076667
0 0.043125 0.591250 0.055000 0.079167
0 0.480938 0.906667 0.070625 0.093333
0 0.932187 0.927500 0.053125 0.083333
0 0.845000 0.585833 0.060000 0.078333
0 0.114062 0.594167 0.054375 0.083333
0 0.036875 0.894583 0.062500 0.074167
0 0.534375 0.225000 0.062500 0.091667
0 0.824375 0.427500 0.078750 0.081667
0 0.253125 0.521667 0.052500 0.070000
0 0.485312 0.842917 0.066875 0.087500
0 0.536250 0.765833 0.068750 0.065000
0 0.215625 0.817917 0.056250 0.072500
0 0.304375 0.496667 0.058750 0.091667
0 0.847812 0.817917 0.060625 0.084167
0 0.786875 0.122917 0.052500 0.075833
0 0.679063 0.732917 0.058125 0.074167
0 0.225000 0.673333 0.052500 0.066667
0 0.105625 0.673333 0.061250 0.066667
0 0.675625 0.417500 0.053750 0.066667
0 0.034688 0.051667 0.055625 0.080000
0 0.101562 0.885417 0.063125 0.075833
0 0.588750 0.950417 0.058750 0.079167
0 0.194062 0.353750 0.070625 0.074167
0 0.448125 0.364583 0.052500 0.082500
0 0.255000 0.162083 0.051250 0.070833
0 0.360625 0.935000 0.082500 0.116667
0 0.233437 0.062083 0.060625 0.074167
2 0.898750 0.608333 0.068750 0.095000
0 0.806562 0.241667 0.071875 0.075000
0 0.070312 0.260833 0.066875 0.068333
0 0.483750 0.341667 0.063750 0.075000
0 0.510000 0.487083 0.053750 0.070833
0 0.834063 0.386667 0.065625 0.071667
0 0.552500 0.931250 0.062500 0.090833
0 0.832187 0.158750 0.055625 0.072500
0 0.661563 0.172917 0.056875 0.065833
1 0.442188 0.142500 0.090625 0.088333
0 0.832187 0.097500 0.055625 0.070000
0 0.789062 0.966250 0.056875 0.065833
0 0.351250 0.032917 0.065000 0.065833
0 0.035625 0.429583 0.062500 0.080833
0 0.033125 0.519167 0.055000 0.086667
0 0.067187 0.736667 0.055625 0.078333
0 0.455313 0.081250 0.098125 0.075833
0 0.895938 0.688333 0.049375 0.073333
0 0.507188 0.167083 0.048125 0.065833
0 0.505625 0.263333 0.062500 0.096667
0 0.441875 0.285000 0.073750 0.100000
0 0.394688 0.205833 0.049375 0.068333
0 0.023438 0.250000 0.046875 0.073333
