0 0.872812 0.738750 0.070625 0.097500
0 0.143437 0.166667 0.074375 0.098333
0 0.641250 0.902917 0.077500 0.105833
0 0.905937 0.213750 0.065625 0.082500
0 0.048125 0.610833 0.058750 0.085000
0 0.896875 0.879583 0.073750 0.095833
0 0.938750 0.105417 0.062500 0.080833
0 0.518750 0.686250 0.075000 0.092500
0 0.271250 0.765833 0.076250 0.108333
0 0.455313 0.370417 0.076875 0.110833
0 0.324375 0.635000 0.083750 0.113333
0 0.080625 0.741250 0.070000 0.089167
0 0.399687 0.834167 0.070625 0.100000
0 0.181875 0.646250 0.061250 0.089167
0 0.486250 0.129583 0.080000 0.100833
0 0.595000 0.562917 0.068750 0.107500
0 0.754062 0.394583 0.079375 0.117500
0 0.533125 0.571667 0.062500 0.091667
0 0.564688 0.325000 0.073125 0.105000
0 0.961250 0.297917 0.067500 0.087500
0 0.655937 0.158750 0.061875 0.125833
0 0.934063 0.382917 0.091875 0.084167
0 0.448125 0.043750 0.080000 0.087500
0 0.841562 0.611667 0.088125 0.103333
0 0.670000 0.652083 0.078750 0.112500
1 0.547188 0.445417 0.099375 0.125833
