0 0.832187 0.617083 0.083125 0.087500
0 0.930937 0.692500 0.075625 0.108333
0 0.270937 0.646250 0.073125 0.097500
0 0.567500 0.447917 0.080000 0.104167
0 0.273438 0.418333 0.078125 0.101667
0 0.687500 0.171250 0.076250 0.092500
0 0.082187 0.223333 0.068125 0.103333
0 0.781563 0.855833 0.076875 0.105000
0 0.686875 0.770000 0.072500 0.098333
0 0.174063 0.692500 0.069375 0.093333
0 0.838750 0.534583 0.085000 0.092500
0 0.247812 0.547083 0.081875 0.092500
0 0.126875 0.920000 0.065000 0.095000
0 0.797500 0.685000 0.078750 0.080000
0 0.873437 0.401250 0.075625 0.097500
0 0.612187 0.382083 0.080625 0.109167
0 0.738125 0.383333 0.065000 0.095000
0 0.552188 0.343750 0.081875 0.089167
0 0.795000 0.417917 0.067500 0.092500
0 0.085000 0.357083 0.078750 0.110833
0 0.770000 0.159583 0.067500 0.084167
1 0.488125 0.790000 0.083750 0.096667
0 0.815312 0.472917 0.069375 0.095833
