0 0.217188 0.390000 0.063125 0.091667
0 0.953750 0.162917 0.070000 0.085833
0 0.189062 0.897917 0.066875 0.097500
0 0.669375 0.842083 0.072500 0.090833
0 0.231250 0.569167 0.071250 0.080000
0 0.429688 0.942500 0.069375 0.081667
0 0.280625 0.793333 0.073750 0.090000
0 0.100937 0.320833 0.063125 0.068333
0 0.717812 0.337917 0.071875 0.089167
0 0.899062 0.587083 0.070625 0.070833
0 0.103125 0.435000 0.063750 0.083333
0 0.854375 0.092500 0.077500 0.088333
0 0.901563 0.335417 0.058125 0.110833
0 0.438437 0.510000 0.076875 0.088333
0 0.696562 0.102917 0.074375 0.097500
0 0.294063 0.350833 0.078125 0.106667
0 0.040313 0.478333 0.069375 0.090000
0 0.294375 0.545417 0.068750 0.105833
0 0.589375 0.099583 0.081250 0.082500
0 0.517813 0.895417 0.076875 0.097500
0 0.125312 0.239167 0.075625 0.081667
0 0.096250 0.187500 0.072500 0.078333
0 0.035000 0.385833 0.065000 0.078333
0 0.338750 0.956250 0.071250 0.087500
0 0.447188 0.857083 0.065625 0.087500
