0 0.055313 0.876250 0.073125 0.087500
0 0.158750 0.479583 0.067500 0.092500
0 0.940312 0.557083 0.080625 0.107500
0 0.522188 0.872500 0.063125 0.100000
0 0.905937 0.819583 0.083125 0.092500
0 0.136250 0.359583 0.077500 0.097500
0 0.354063 0.268333 0.069375 0.088333
0 0.604062 0.383750 0.071875 0.099167
0 0.178750 0.119583 0.075000 0.094167
0 0.090000 0.183333 0.066250 0.116667
0 0.144375 0.210000 0.073750 0.091667
0 0.545312 0.729167 0.074375 0.090000
0 0.355000 0.377917 0.075000 0.084167
0 0.774687 0.171250 0.076875 0.094167
0 0.714688 0.718750 0.081875 0.094167
0 0.730000 0.490000 0.072500 0.105000
0 0.470313 0.847917 0.068125 0.095833
0 0.606250 0.620833 0.061250 0.098333
0 0.754687 0.268750 0.060625 0.092500
0 0.257500 0.319167 0.062500 0.098333
0 0.434063 0.497083 0.085625 0.095833
0 0.693125 0.427083 0.067500 0.090833
0 0.380000 0.459583 0.073750 0.099167
0 0.312188 0.300833 0.076875 0.091667
0 0.482500 0.929167 0.066250 0.101667
0 0.489375 0.763750 0.066250 0.100833
0 0.339375 0.450833 0.063750 0.105000
0 0.484063 0.690417 0.066875 0.069167
0 0.260000 0.723750 0.076250 0.079167
0 0.484687 0.541250 0.115625 0.080833
0 0.296250 0.820833 0.103750 0.071667
0 0.247812 0.785833 0.076875 0.060000
0 0.486563 0.586250 0.061875 0.100833
0 0.522188 0.572500 0.074375 0.098333
0 0.537188 0.622917 0.079375 0.099167
0 0.569375 0.658750 0.068750 0.105833
