0 0.089688 0.356250 0.061875 0.087500
0 0.495625 0.682500 0.063750 0.080000
0 0.268750 0.337083 0.057500 0.085833
0 0.858750 0.325833 0.057500 0.085000
0 0.062812 0.173750 0.066875 0.084167
0 0.803125 0.380417 0.063750 0.099167
0 0.858750 0.424583 0.061250 0.080833
0 0.336875 0.438750 0.067500 0.089167
0 0.467813 0.431667 0.063125 0.075000
0 0.296563 0.931667 0.058125 0.083333
0 0.431875 0.629167 0.063750 0.095000
0 0.487812 0.773333 0.064375 0.096667
0 0.940000 0.650417 0.060000 0.092500
0 0.354375 0.754583 0.066250 0.065833
0 0.595938 0.218333 0.075625 0.073333
0 0.094062 0.713333 0.063125 0.088333
0 0.296250 0.245833 0.062500 0.086667
0 0.712187 0.648750 0.060625 0.085833
0 0.119063 0.176667 0.063125 0.086667
0 0.379688 0.937083 0.063125 0.080833
0 0.188438 0.325417 0.070625 0.092500
0 0.217188 0.418750 0.070625 0.089167
0 0.109375 0.522083 0.056250 0.082500
0 0.114375 0.760000 0.053750 0.071667
0 0.788125 0.266667 0.053750 0.080000
0 0.778750 0.851667 0.062500 0.091667
0 0.838437 0.170833 0.061875 0.066667
0 0.928750 0.450417 0.071250 0.077500
0 0.550937 0.875000 0.064375 0.090000
0 0.292187 0.150833 0.050625 0.080000
0 0.702812 0.161667 0.051875 0.080000
0 0.821875 0.617500 0.063750 0.100000
0 0.519375 0.125833 0.061250 0.083333
0 0.897188 0.757083 0.063125 0.090833
0 0.641875 0.653750 0.065000 0.089167
0 0.597812 0.797083 0.068125 0.064167
0 0.059687 0.821667 0.060625 0.081667
0 0.180312 0.518333 0.064375 0.080000
0 0.431250 0.727500 0.060000 0.071667
0 0.037187 0.539583 0.054375 0.090833
0 0.664375 0.230000 0.062500 0.073333
0 0.803125 0.712500 0.063750 0.088333
0 0.142500 0.051250 0.065000 0.075833
0 0.384375 0.189167 0.066250 0.090000
0 0.410625 0.485417 0.070000 0.084167
0 0.331250 0.570417 0.053750 0.074167
0 0.087500 0.263750 0.062500 0.079167
0 0.445312 0.495000 0.059375 0.076667
0 0.277813 0.504167 0.055625 0.085000
0 0.784687 0.925417 0.058125 0.099167
0 0.184688 0.144583 0.055625 0.059167
0 0.665000 0.777083 0.065000 0.075833
0 0.151875 0.663333 0.058750 0.078333
0 0.871875 0.237083 0.061250 0.067500
0 0.032188 0.658333 0.063125 0.068333
0 0.091250 0.576667 0.057500 0.080000
0 0.731875 0.207083 0.076250 0.092500
0 0.123438 0.233750 0.076875 0.090833
0 0.551562 0.627083 0.059375 0.075833
0 0.887500 0.150417 0.071250 0.084167
0 0.651563 0.854167 0.065625 0.078333
0 0.206250 0.866667 0.065000 0.100000
0 0.656250 0.695833 0.067500 0.070000
0 0.324062 0.325000 0.051875 0.075000
0 0.134687 0.882917 0.059375 0.074167
0 0.230000 0.203333 0.053750 0.088333
0 0.422500 0.575000 0.060000 0.080000
0 0.293750 0.796250 0.050000 0.075833
0 0.036250 0.606667 0.061250 0.080000
0 0.917813 0.047917 0.064375 0.094167
0 0.261250 0.893333 0.045000 0.091667
0 0.630000 0.110833 0.065000 0.080000
0 0.541875 0.328750 0.050000 0.069167
0 0.028750 0.247083 0.055000 0.089167
0 0.743437 0.323333 0.053125 0.066667
0 0.113437 0.433333 0.053125 0.078333
0 0.530937 0.422917 0.056875 0.069167
0 0.584063 0.162083 0.050625 0.057500
0 0.620313 0.330417 0.054375 0.085833
0 0.653438 0.413333 0.059375 0.080000
0 0.050625 0.922917 0.058750 0.089167
0 0.668438 0.951250 0.051875 0.085833
0 0.030312 0.406250 0.060625 0.089167
0 0.690000 0.700417 0.068750 0.089167
4 0.566562 0.488333 0.066875 0.125000
0 0.947812 0.280833 0.053125 0.090000
0 0.227813 0.728333 0.075625 0.093333
0 0.907813 0.800833 0.049375 0.078333
0 0.408750 0.840833 0.062500 0.066667
0 0.214062 0.608333 0.058125 0.086667
0 0.602500 0.534583 0.050000 0.074167
0 0.295000 0.051250 0.050000 0.075833
0 0.866875 0.560000 0.060000 0.073333
0 0.456250 0.039583 0.053750 0.077500
0 0.192812 0.044583 0.054375 0.077500
0 0.224062 0.064583 0.054375 0.072500
0 0.237500 0.093333 0.050000 0.083333
0 0.261562 0.121667 0.054375 0.068333
0 0.316563 0.158750 0.058125 0.085833
0 0.411875 0.291250 0.050000 0.072500
0 0.347813 0.295833 0.041875 0.081667
0 0.050937 0.290417 0.055625 0.077500
0 0.169063 0.347917 0.064375 0.089167
0 0.147813 0.360833 0.055625 0.055000
0 0.640938 0.385833 0.053125 0.090000
0 0.581562 0.649583 0.051875 0.087500
0 0.206563 0.514167 0.053125 0.071667
0 0.253437 0.504583 0.058125 0.075833
0 0.106563 0.607083 0.061875 0.074167
0 0.179688 0.697917 0.054375 0.077500
0 0.120313 0.795833 0.054375 0.080000
0 0.218750 0.901250 0.062500 0.084167
0 0.205625 0.938333 0.042500 0.090000
0 0.230937 0.627500 0.055625 0.070000
0 0.279375 0.837083 0.058750 0.092500
0 0.240000 0.603333 0.062500 0.066667
0 0.739375 0.531250 0.058750 0.075833
0 0.523125 0.466667 0.048750 0.091667
0 0.478438 0.204583 0.048125 0.089167
0 0.488750 0.241667 0.051250 0.080000
0 0.506563 0.260000 0.064375 0.075000
0 0.525937 0.357083 0.056875 0.070833
0 0.915312 0.162917 0.055625 0.074167
0 0.948125 0.234167 0.058750 0.076667
0 0.969375 0.266667 0.058750 0.080000
0 0.938750 0.343750 0.051250 0.074167
0 0.845313 0.309583 0.055625 0.077500
0 0.916562 0.569583 0.046875 0.079167
0 0.926562 0.670417 0.065625 0.095833
0 0.961875 0.480833 0.061250 0.090000
0 0.975938 0.520000 0.043125 0.086667
0 0.905937 0.828750 0.054375 0.072500
0 0.897813 0.851667 0.050625 0.080000
0 0.867500 0.959167 0.060000 0.078333
0 0.630625 0.764583 0.070000 0.100833
0 0.731250 0.637083 0.062500 0.092500
0 0.622812 0.877083 0.060625 0.070833
0 0.830000 0.557083 0.066250 0.092500
0 0.838437 0.514583 0.056875 0.075833
0 0.828750 0.441667 0.062500 0.083333
0 0.654375 0.892500 0.060000 0.078333
0 0.398438 0.922917 0.065625 0.074167
0 0.314375 0.929583 0.051250 0.084167
0 0.318750 0.740000 0.062500 0.070000
0 0.398750 0.552917 0.060000 0.074167
0 0.620000 0.297917 0.082500 0.047500
0 0.698750 0.456250 0.071250 0.077500
0 0.670937 0.419167 0.066875 0.071667
0 0.726250 0.432500 0.078750 0.065000
0 0.754375 0.388750 0.060000 0.075833
0 0.698438 0.260000 0.051875 0.075000
0 0.710625 0.304583 0.070000 0.084167
0 0.928125 0.310417 0.050000 0.087500
0 0.625625 0.085417 0.053750 0.087500
0 0.684688 0.152917 0.055625 0.074167
0 0.528438 0.162083 0.056875 0.087500
0 0.410313 0.204583 0.054375 0.074167
0 0.408438 0.242917 0.054375 0.085833
0 0.406562 0.751250 0.064375 0.082500
0 0.380625 0.836250 0.061250 0.079167
0 0.364375 0.818750 0.060000 0.084167
0 0.043437 0.042083 0.055625 0.075833
0 0.760938 0.515000 0.064375 0.090000
0 0.740000 0.497083 0.055000 0.064167
0 0.890000 0.571250 0.053750 0.084167
0 0.220625 0.242917 0.063750 0.070833
0 0.215000 0.213333 0.063750 0.080000
