0 0.802500 0.863333 0.071250 0.088333
0 0.895625 0.673333 0.073750 0.101667
0 0.883125 0.482917 0.065000 0.085833
0 0.611875 0.903333 0.072500 0.086667
0 0.489687 0.276667 0.074375 0.101667
0 0.145625 0.721250 0.065000 0.099167
0 0.072813 0.857500 0.073125 0.085000
0 0.435937 0.788333 0.061875 0.090000
0 0.930000 0.562500 0.063750 0.090000
0 0.143750 0.421667 0.068750 0.085000
0 0.929063 0.129583 0.061875 0.090833
0 0.472500 0.435417 0.062500 0.104167
0 0.865000 0.079167 0.075000 0.095000
0 0.479063 0.710000 0.059375 0.083333
0 0.296875 0.401250 0.068750 0.090833
0 0.080625 0.693333 0.063750 0.071667
0 0.550625 0.853750 0.052500 0.077500
0 0.292812 0.876667 0.068125 0.083333
0 0.515000 0.596667 0.055000 0.091667
0 0.527188 0.203333 0.064375 0.086667
0 0.165000 0.328333 0.071250 0.090000
0 0.618437 0.420000 0.068125 0.071667
0 0.925312 0.341667 0.061875 0.095000
0 0.362500 0.767917 0.060000 0.090833
0 0.929688 0.409167 0.061875 0.100000
0 0.634062 0.502083 0.070625 0.070833
0 0.580313 0.671667 0.063125 0.086667
0 0.336562 0.277917 0.063125 0.095833
0 0.119375 0.576667 0.062500 0.101667
0 0.679375 0.072500 0.052500 0.106667
0 0.880000 0.394167 0.060000 0.073333
0 0.871563 0.166667 0.065625 0.093333
0 0.428125 0.320417 0.067500 0.080833
0 0.100625 0.286250 0.070000 0.085833
0 0.049688 0.467917 0.068125 0.079167
0 0.751563 0.251250 0.054375 0.084167
0 0.765625 0.749583 0.063750 0.067500
0 0.882500 0.900833 0.058750 0.076667
0 0.346562 0.628333 0.073125 0.101667
0 0.764062 0.939583 0.066875 0.094167
0 0.257188 0.099167 0.054375 0.071667
0 0.783750 0.668750 0.066250 0.080833
0 0.414687 0.125000 0.076875 0.076667
0 0.586250 0.517083 0.063750 0.092500
0 0.817500 0.415000 0.067500 0.105000
0 0.547813 0.444583 0.059375 0.095833
0 0.187812 0.554167 0.056875 0.085000
0 0.687187 0.442917 0.071875 0.102500
0 0.282187 0.500833 0.073125 0.070000
0 0.221250 0.200000 0.073750 0.091667
0 0.692187 0.847917 0.058125 0.082500
0 0.784687 0.080000 0.060625 0.081667
0 0.856250 0.266667 0.080000 0.108333
0 0.247500 0.487083 0.072500 0.102500
0 0.062500 0.621667 0.065000 0.085000
0 0.289375 0.777917 0.066250 0.089167
0 0.030000 0.763333 0.060000 0.091667
0 0.419063 0.208333 0.073125 0.078333
0 0.384375 0.912500 0.066250 0.096667
0 0.491875 0.907083 0.068750 0.087500
0 0.189375 0.834167 0.067500 0.088333
0 0.624687 0.172917 0.068125 0.072500
0 0.560312 0.348750 0.075625 0.087500
0 0.660312 0.752500 0.078125 0.096667
0 0.745313 0.528750 0.065625 0.104167
0 0.814688 0.588750 0.064375 0.099167
0 0.413750 0.641250 0.052500 0.082500
0 0.396562 0.856250 0.061875 0.074167
0 0.340000 0.164583 0.062500 0.082500
0 0.802188 0.358333 0.066875 0.095000
0 0.759375 0.468333 0.062500 0.076667
0 0.599063 0.095000 0.066875 0.086667
0 0.717500 0.151250 0.062500 0.072500
0 0.697812 0.652917 0.068125 0.090833
0 0.746250 0.083750 0.058750 0.094167
0 0.184375 0.229583 0.067500 0.089167
0 0.502500 0.039167 0.063750 0.078333
0 0.638437 0.790833 0.070625 0.108333
0 0.172187 0.159167 0.068125 0.100000
0 0.354375 0.482917 0.047500 0.092500
0 0.504062 0.811250 0.065625 0.072500
0 0.694688 0.576667 0.065625 0.093333
0 0.329062 0.042083 0.074375 0.082500
0 0.950000 0.897500 0.057500 0.096667
0 0.511250 0.539583 0.067500 0.090833
0 0.267188 0.619583 0.051875 0.072500
0 0.580937 0.797083 0.074375 0.094167
0 0.963437 0.235833 0.071875 0.081667
0 0.461562 0.537083 0.051875 0.079167
0 0.207500 0.950833 0.070000 0.085000
0 0.301875 0.738750 0.062500 0.084167
0 0.197813 0.629167 0.086875 0.088333
0 0.137500 0.166250 0.061250 0.090833
0 0.036250 0.063750 0.072500 0.097500
4 0.410625 0.550417 0.056250 0.090833
0 0.220625 0.628750 0.076250 0.060833
0 0.091250 0.256250 0.071250 0.077500
0 0.341250 0.580833 0.062500 0.080000
0 0.285000 0.598750 0.061250 0.085833
0 0.441250 0.625417 0.057500 0.070833
0 0.205625 0.857917 0.062500 0.082500
0 0.713750 0.867500 0.050000 0.096667
0 0.870938 0.287917 0.053125 0.087500
0 0.745000 0.211667 0.067500 0.083333
0 0.573750 0.080000 0.052500 0.080000
0 0.437812 0.131250 0.075625 0.075833
0 0.341562 0.208750 0.054375 0.085833
0 0.273438 0.132083 0.053125 0.089167
0 0.649687 0.191667 0.065625 0.078333
0 0.409375 0.284583 0.056250 0.077500
0 0.535625 0.594167 0.051250 0.095000
0 0.480000 0.840000 0.062500 0.068333
0 0.413438 0.880833 0.055625 0.066667
0 0.530625 0.900833 0.063750 0.080000
0 0.770000 0.779167 0.062500 0.071667
0 0.943750 0.860000 0.058750 0.085000
0 0.865000 0.924167 0.065000 0.065000
0 0.816562 0.634583 0.055625 0.102500
0 0.835000 0.225833 0.065000 0.070000
0 0.663438 0.075000 0.055625 0.070000
0 0.122813 0.526667 0.059375 0.081667
