0 0.459062 0.429583 0.073125 0.095833
0 0.405000 0.295000 0.072500 0.103333
0 0.615938 0.144583 0.079375 0.092500
0 0.664375 0.646667 0.076250 0.085000
0 0.598750 0.594583 0.077500 0.104167
0 0.469375 0.572917 0.073750 0.105833
0 0.397188 0.590000 0.078125 0.105000
0 0.279687 0.470000 0.071875 0.108333
0 0.207500 0.420833 0.070000 0.116667
0 0.256250 0.352083 0.073750 0.102500
0 0.276250 0.229583 0.070000 0.099167
0 0.207813 0.248333 0.074375 0.095000
0 0.367500 0.194167 0.076250 0.091667
0 0.323750 0.127917 0.080000 0.099167
0 0.333750 0.051667 0.097500 0.088333
0 0.688750 0.227917 0.076250 0.092500
0 0.666250 0.314167 0.082500 0.106667
0 0.594375 0.685417 0.080000 0.092500
0 0.420312 0.840417 0.084375 0.092500
0 0.718125 0.769583 0.081250 0.114167
0 0.772188 0.732500 0.083125 0.083333
0 0.872500 0.705833 0.068750 0.108333
0 0.616875 0.886250 0.067500 0.080833
0 0.545312 0.867083 0.078125 0.112500
0 0.102813 0.121667 0.075625 0.106667
0 0.182188 0.158333 0.086875 0.075000
0 0.101250 0.475417 0.072500 0.094167
0 0.078750 0.360833 0.080000 0.110000
0 0.272188 0.694167 0.070625 0.095000
0 0.167187 0.708750 0.065625 0.105833
0 0.165313 0.602083 0.085625 0.095833
0 0.092500 0.797917 0.072500 0.112500
0 0.168437 0.880000 0.074375 0.086667
0 0.212500 0.892083 0.070000 0.097500
0 0.818125 0.729583 0.070000 0.105833
0 0.037812 0.443333 0.073125 0.105000
0 0.040625 0.286250 0.078750 0.092500
0 0.037812 0.164167 0.068125 0.105000
0 0.508125 0.661667 0.067500 0.108333
2 0.457500 0.710000 0.118750 0.110000
2 0.573125 0.322917 0.116250 0.122500
0 0.859375 0.827500 0.082500 0.113333
0 0.805937 0.860417 0.085625 0.129167
0 0.338125 0.945417 0.068750 0.109167
0 0.300312 0.780000 0.075625 0.096667
0 0.321875 0.831667 0.065000 0.091667
0 0.080937 0.940833 0.070625 0.088333
0 0.261562 0.948333 0.074375 0.096667
0 0.855938 0.935417 0.071875 0.089167
0 0.769687 0.914167 0.093125 0.096667
0 0.841250 0.214167 0.087500 0.111667
0 0.876875 0.074167 0.085000 0.103333
0 0.882188 0.327500 0.085625 0.106667
0 0.966250 0.378333 0.065000 0.083333
0 0.815625 0.398750 0.075000 0.100833
0 0.751250 0.497500 0.063750 0.116667
0 0.647813 0.452500 0.079375 0.111667
0 0.676250 0.530000 0.071250 0.100000
0 0.151250 0.352083 0.065000 0.109167
