0 0.262188 0.662083 0.074375 0.097500
0 0.665312 0.278333 0.068125 0.083333
0 0.239687 0.285417 0.086875 0.100833
0 0.577500 0.752083 0.076250 0.125833
0 0.312812 0.047500 0.076875 0.085000
0 0.859688 0.690000 0.070625 0.095000
0 0.479063 0.159167 0.070625 0.116667
0 0.148750 0.215833 0.076250 0.098333
0 0.309063 0.734167 0.081875 0.105000
0 0.069062 0.863333 0.079375 0.096667
0 0.354063 0.500000 0.074375 0.103333
0 0.309375 0.917083 0.077500 0.102500
0 0.718437 0.151667 0.085625 0.111667
0 0.199687 0.432083 0.070625 0.104167
0 0.125938 0.925000 0.076875 0.095000
0 0.622500 0.107500 0.073750 0.108333
0 0.207187 0.916667 0.080625 0.105000
0 0.957812 0.192500 0.068125 0.093333
0 0.435937 0.101667 0.058125 0.095000
0 0.423750 0.845000 0.060000 0.115000
0 0.220625 0.559167 0.081250 0.101667
0 0.046250 0.667917 0.076250 0.095833
0 0.455625 0.537917 0.078750 0.107500
0 0.505938 0.282917 0.088125 0.115833
0 0.902500 0.757917 0.072500 0.115833
0 0.794687 0.720000 0.074375 0.096667
0 0.697500 0.624583 0.073750 0.094167
0 0.905312 0.500417 0.079375 0.110833
0 0.728437 0.470000 0.078125 0.111667
0 0.090625 0.185417 0.073750 0.090833
0 0.366250 0.379583 0.071250 0.079167
0 0.918750 0.864583 0.088750 0.104167
0 0.825313 0.486667 0.081875 0.106667
0 0.876875 0.073750 0.066250 0.104167
0 0.075938 0.267083 0.081875 0.095833
0 0.892500 0.212083 0.078750 0.094167
0 0.797500 0.586667 0.090000 0.090000
0 0.557813 0.107917 0.063125 0.107500
0 0.135313 0.557083 0.084375 0.107500
2 0.671875 0.520417 0.096250 0.124167
