0 0.786250 0.436667 0.073750 0.098333
0 0.062812 0.127917 0.070625 0.102500
0 0.093438 0.452083 0.063125 0.090833
0 0.090000 0.717500 0.065000 0.090000
0 0.800937 0.245833 0.069375 0.091667
0 0.138125 0.181250 0.075000 0.102500
0 0.945937 0.811250 0.074375 0.102500
0 0.159688 0.592083 0.068125 0.097500
0 0.291250 0.169167 0.065000 0.086667
0 0.707187 0.484167 0.078125 0.103333
0 0.880938 0.323333 0.071875 0.106667
0 0.687813 0.868333 0.069375 0.103333
0 0.207500 0.752083 0.066250 0.089167
0 0.537188 0.083333 0.076875 0.086667
0 0.448750 0.537083 0.061250 0.087500
0 0.058438 0.945833 0.065625 0.085000
0 0.410938 0.293750 0.066875 0.079167
0 0.940937 0.260833 0.055625 0.071667
0 0.503750 0.813750 0.065000 0.085833
0 0.655000 0.235417 0.065000 0.074167
0 0.236250 0.585833 0.073750 0.096667
0 0.885312 0.845833 0.075625 0.103333
0 0.175937 0.385417 0.053125 0.089167
0 0.542500 0.353333 0.075000 0.100000
0 0.601250 0.532500 0.071250 0.090000
0 0.578750 0.152500 0.066250 0.081667
0 0.110312 0.350417 0.061875 0.087500
0 0.602187 0.698333 0.080625 0.103333
0 0.485000 0.757083 0.050000 0.070833
0 0.410000 0.205417 0.071250 0.089167
0 0.634375 0.647917 0.081250 0.114167
0 0.158750 0.436250 0.062500 0.082500
0 0.916875 0.167083 0.075000 0.102500
0 0.085938 0.270417 0.056875 0.090833
0 0.034375 0.510833 0.068750 0.098333
0 0.208750 0.052083 0.068750 0.092500
0 0.784687 0.956667 0.068125 0.085000
0 0.298750 0.363333 0.053750 0.073333
0 0.591250 0.405833 0.067500 0.083333
0 0.963750 0.355000 0.071250 0.098333
0 0.225625 0.387500 0.045000 0.061667
0 0.040313 0.338333 0.080625 0.098333
0 0.110625 0.873750 0.066250 0.084167
0 0.466250 0.956667 0.070000 0.085000
0 0.312188 0.477917 0.068125 0.085833
1 0.516250 0.487917 0.087500 0.125833
0 0.616875 0.502917 0.060000 0.075833
