0 0.750625 0.451667 0.068750 0.086667
0 0.152188 0.205833 0.070625 0.096667
0 0.209063 0.329583 0.060625 0.079167
0 0.475938 0.780833 0.069375 0.088333
0 0.679688 0.167083 0.059375 0.087500
0 0.273438 0.415417 0.069375 0.085833
0 0.882500 0.580000 0.063750 0.076667
0 0.588125 0.267917 0.063750 0.087500
0 0.250000 0.825833 0.066250 0.086667
0 0.791562 0.147083 0.068125 0.094167
1 0.923125 0.510000 0.077500 0.101667
0 0.374375 0.121250 0.066250 0.090833
0 0.339687 0.333333 0.070625 0.083333
0 0.820000 0.573333 0.056250 0.080000
0 0.855625 0.129167 0.067500 0.081667
0 0.459688 0.631667 0.074375 0.103333
0 0.201875 0.539167 0.057500 0.078333
0 0.619375 0.845417 0.045000 0.082500
0 0.110000 0.078750 0.063750 0.097500
0 0.132812 0.667917 0.064375 0.079167
0 0.085938 0.455833 0.070625 0.075000
0 0.181250 0.789167 0.056250 0.086667
0 0.557813 0.830417 0.066875 0.094167
1 0.527188 0.553750 0.070625 0.095833
0 0.719375 0.769583 0.055000 0.089167
0 0.165313 0.388333 0.065625 0.091667
0 0.817500 0.763750 0.071250 0.077500
0 0.235000 0.218750 0.068750 0.075833
0 0.522813 0.378333 0.064375 0.080000
0 0.129062 0.768333 0.058125 0.078333
0 0.584063 0.179583 0.073125 0.084167
0 0.805312 0.380833 0.066875 0.091667
0 0.751563 0.350000 0.055625 0.083333
0 0.634375 0.112917 0.070000 0.074167
0 0.599375 0.527917 0.071250 0.107500
0 0.834688 0.693333 0.058125 0.080000
0 0.833438 0.064583 0.060625 0.079167
0 0.555312 0.472083 0.056875 0.075833
0 0.411250 0.932917 0.065000 0.085833
0 0.175313 0.605000 0.053125 0.070000
0 0.904375 0.672083 0.051250 0.072500
0 0.323125 0.257083 0.055000 0.070833
0 0.777813 0.683750 0.063125 0.077500
0 0.463125 0.948750 0.057500 0.072500
0 0.511250 0.076250 0.071250 0.049167
0 0.866563 0.273750 0.064375 0.070833
0 0.832812 0.412083 0.065625 0.092500
1 0.598125 0.088750 0.077500 0.090833
3 0.401562 0.567083 0.101875 0.112500
0 0.414687 0.325833 0.055625 0.091667
3 0.724688 0.637917 0.081875 0.114167
0 0.479063 0.497500 0.063125 0.085000
0 0.062187 0.862500 0.060625 0.080000
0 0.210625 0.959583 0.050000 0.074167
0 0.403750 0.190833 0.048750 0.075000
0 0.493125 0.698750 0.060000 0.075833
0 0.144687 0.856667 0.061875 0.078333
1 0.074688 0.139167 0.078125 0.098333
1 0.627812 0.905000 0.080625 0.100000
0 0.154688 0.915833 0.053125 0.066667
0 0.510625 0.117500 0.056250 0.073333
0 0.550000 0.402500 0.055000 0.066667
0 0.498750 0.482917 0.058750 0.087500
1 0.930312 0.741250 0.096875 0.134167
0 0.430937 0.239583 0.049375 0.059167
0 0.534375 0.168333 0.057500 0.078333
