0 0.936562 0.542500 0.075625 0.098333
0 0.819688 0.380833 0.063125 0.076667
0 0.932187 0.705000 0.068125 0.080000
0 0.579375 0.640417 0.078750 0.097500
0 0.857812 0.832917 0.071875 0.080833
0 0.513750 0.717500 0.063750 0.090000
0 0.711562 0.702917 0.076875 0.092500
0 0.633750 0.946667 0.067500 0.086667
5 0.917500 0.269583 0.061250 0.075833
0 0.791875 0.865417 0.080000 0.092500
0 0.843750 0.300417 0.067500 0.085833
0 0.149375 0.801250 0.067500 0.080833
0 0.061250 0.904583 0.066250 0.085833
0 0.686875 0.628333 0.065000 0.081667
0 0.885625 0.397500 0.061250 0.081667
0 0.051875 0.766667 0.075000 0.106667
0 0.840938 0.456250 0.071875 0.089167
0 0.872500 0.737500 0.071250 0.101667
0 0.645625 0.572917 0.073750 0.079167
0 0.833438 0.132083 0.065625 0.080833
0 0.916562 0.633333 0.085625 0.078333
0 0.589688 0.253333 0.058125 0.085000
0 0.359063 0.515000 0.058125 0.076667
0 0.107500 0.689167 0.075000 0.103333
0 0.087500 0.833750 0.065000 0.080833
0 0.704375 0.858750 0.065000 0.095833
0 0.789375 0.717500 0.087500 0.115000
0 0.141250 0.637917 0.072500 0.095833
0 0.812500 0.220417 0.085000 0.105833
0 0.259688 0.554167 0.066875 0.110000
0 0.925312 0.132917 0.076875 0.097500
0 0.328125 0.218750 0.080000 0.100833
0 0.091563 0.066250 0.070625 0.092500
0 0.310937 0.402083 0.071875 0.100833
0 0.154062 0.871250 0.080625 0.080833
0 0.556250 0.815000 0.068750 0.086667
0 0.585625 0.164583 0.076250 0.087500
0 0.942500 0.422500 0.063750 0.085000
0 0.646250 0.125833 0.077500 0.108333
0 0.939063 0.354167 0.069375 0.081667
0 0.779687 0.327500 0.055625 0.076667
0 0.578750 0.742500 0.065000 0.095000
0 0.117500 0.189583 0.078750 0.090833
0 0.592187 0.883333 0.063125 0.081667
0 0.966562 0.045833 0.066875 0.083333
5 0.502188 0.276250 0.080625 0.092500
0 0.397188 0.867500 0.071875 0.096667
0 0.365625 0.781667 0.076250 0.101667
0 0.596562 0.738333 0.071875 0.098333
0 0.254688 0.194583 0.079375 0.107500
0 0.448125 0.351250 0.063750 0.082500
0 0.522813 0.354583 0.073125 0.097500
0 0.614375 0.399167 0.080000 0.096667
0 0.760625 0.404583 0.056250 0.077500
4 0.730938 0.797083 0.105625 0.110833
0 0.218125 0.079583 0.070000 0.094167
0 0.885625 0.046250 0.073750 0.085833
0 0.708750 0.250417 0.067500 0.099167
0 0.392188 0.388750 0.066875 0.097500
0 0.194688 0.175833 0.055625 0.073333
0 0.624687 0.484583 0.075625 0.097500
0 0.558750 0.228750 0.070000 0.092500
0 0.296563 0.605417 0.071875 0.087500
0 0.244375 0.285000 0.077500 0.090000
0 0.699375 0.355833 0.071250 0.101667
0 0.667188 0.930833 0.076875 0.108333
0 0.612500 0.080000 0.070000 0.091667
1 0.547500 0.930417 0.076250 0.124167
1 0.326250 0.850417 0.101250 0.110833
1 0.197187 0.701250 0.076875 0.115833
1 0.187188 0.060417 0.088125 0.120833
1 0.530312 0.051667 0.105625 0.090000
1 0.779375 0.164583 0.077500 0.144167
0 0.215938 0.786250 0.073125 0.064167
0 0.261250 0.716667 0.060000 0.078333
0 0.290312 0.490000 0.069375 0.096667
0 0.411562 0.459167 0.064375 0.083333
0 0.259375 0.624167 0.067500 0.106667
0 0.264688 0.671250 0.074375 0.084167
0 0.701250 0.407083 0.065000 0.090833
0 0.574375 0.369167 0.057500 0.075000
0 0.549375 0.098750 0.061250 0.087500
0 0.347187 0.349167 0.065625 0.103333
0 0.059687 0.093750 0.086875 0.097500
0 0.263125 0.320833 0.077500 0.081667
