0 0.400938 0.945417 0.075625 0.095833
0 0.415312 0.232083 0.070625 0.097500
0 0.330000 0.896250 0.077500 0.100833
0 0.040000 0.698333 0.070000 0.096667
0 0.784687 0.537500 0.065625 0.085000
0 0.146563 0.523750 0.078125 0.102500
0 0.641875 0.051667 0.077500 0.101667
0 0.107500 0.410833 0.080000 0.108333
0 0.780937 0.702500 0.075625 0.101667
0 0.806250 0.117917 0.081250 0.107500
0 0.188750 0.332500 0.076250 0.103333
0 0.901563 0.781250 0.079375 0.107500
0 0.687500 0.863750 0.085000 0.099167
0 0.659687 0.717083 0.069375 0.104167
0 0.294375 0.462083 0.073750 0.090833
0 0.722500 0.276667 0.076250 0.101667
0 0.627500 0.937917 0.068750 0.090833
0 0.381563 0.092083 0.089375 0.100833
0 0.583438 0.523750 0.071875 0.102500
0 0.384375 0.611250 0.077500 0.105833
0 0.550000 0.392500 0.082500 0.106667
0 0.425312 0.723750 0.079375 0.105833
0 0.435937 0.437083 0.074375 0.094167
0 0.488125 0.622083 0.076250 0.104167
0 0.292500 0.622500 0.073750 0.105000
0 0.538125 0.217917 0.076250 0.105833
0 0.853437 0.400000 0.075625 0.105000
0 0.661875 0.599167 0.076250 0.108333
0 0.080937 0.195000 0.073125 0.111667
0 0.135313 0.160833 0.073125 0.113333
0 0.486250 0.355000 0.072500 0.093333
0 0.293125 0.276667 0.053750 0.108333
0 0.870625 0.055417 0.078750 0.105833
6 0.350625 0.267917 0.068750 0.150833
