0 0.080312 0.162083 0.074375 0.109167
2 0.591250 0.595833 0.093750 0.121667
2 0.697500 0.279583 0.090000 0.100833
0 0.129688 0.197083 0.081875 0.060833
0 0.138750 0.068333 0.073750 0.081667
0 0.164687 0.123333 0.069375 0.090000
0 0.240937 0.150000 0.080625 0.088333
0 0.462187 0.067917 0.075625 0.104167
0 0.263437 0.262083 0.081875 0.090833
0 0.186875 0.265833 0.076250 0.093333
0 0.110000 0.327917 0.066250 0.094167
0 0.035937 0.342917 0.071875 0.099167
0 0.050313 0.372500 0.076875 0.095000
0 0.142187 0.422083 0.075625 0.097500
0 0.293750 0.353333 0.071250 0.091667
0 0.384062 0.426250 0.065625 0.109167
0 0.367188 0.420833 0.083125 0.095000
0 0.476562 0.286667 0.075625 0.093333
0 0.545000 0.267083 0.066250 0.097500
0 0.482500 0.394167 0.066250 0.086667
0 0.475313 0.488750 0.075625 0.085833
0 0.247812 0.495833 0.074375 0.095000
0 0.123125 0.508750 0.071250 0.097500
0 0.053437 0.544167 0.073125 0.098333
0 0.415938 0.603333 0.074375 0.081667
0 0.559063 0.497917 0.071875 0.100833
0 0.151562 0.613750 0.076875 0.099167
0 0.108125 0.654583 0.081250 0.090833
0 0.044687 0.710417 0.074375 0.104167
0 0.120938 0.752500 0.075625 0.095000
0 0.343125 0.705833 0.076250 0.098333
0 0.276875 0.675000 0.063750 0.121667
0 0.262813 0.773333 0.073125 0.095000
0 0.238125 0.744167 0.070000 0.120000
0 0.188125 0.782917 0.071250 0.100833
0 0.163438 0.840000 0.064375 0.083333
0 0.219375 0.948750 0.080000 0.095833
0 0.565000 0.710417 0.067500 0.104167
0 0.513750 0.664167 0.063750 0.110000
0 0.485625 0.677917 0.083750 0.057500
0 0.462813 0.751250 0.071875 0.105833
0 0.461562 0.889583 0.071875 0.092500
0 0.504062 0.875000 0.073125 0.100000
0 0.532500 0.791250 0.072500 0.104167
0 0.578750 0.387917 0.073750 0.092500
0 0.579375 0.360417 0.075000 0.092500
0 0.628125 0.303750 0.061250 0.094167
0 0.646563 0.282917 0.069375 0.100833
0 0.740938 0.230000 0.083125 0.110000
0 0.854062 0.050417 0.073125 0.094167
0 0.917813 0.108750 0.073125 0.109167
0 0.815625 0.225833 0.071250 0.096667
0 0.866563 0.177917 0.074375 0.109167
0 0.944063 0.192917 0.075625 0.104167
0 0.899062 0.276250 0.069375 0.100833
0 0.746875 0.302917 0.063750 0.102500
0 0.682813 0.500417 0.081875 0.104167
0 0.835313 0.353333 0.069375 0.085000
0 0.903750 0.375000 0.070000 0.093333
0 0.843125 0.435833 0.066250 0.083333
0 0.899687 0.467083 0.065625 0.094167
0 0.921875 0.510417 0.081250 0.097500
0 0.897188 0.732500 0.068125 0.096667
0 0.739062 0.531250 0.084375 0.087500
0 0.734375 0.577500 0.072500 0.091667
0 0.692813 0.735417 0.070625 0.092500
0 0.742812 0.695417 0.079375 0.102500
0 0.768437 0.750833 0.073125 0.101667
0 0.755313 0.834167 0.080625 0.088333
0 0.710938 0.947917 0.078125 0.100833
0 0.767813 0.938333 0.074375 0.106667
0 0.895938 0.892500 0.085625 0.090000
0 0.872188 0.918750 0.073125 0.100833
