0 0.108750 0.627083 0.076250 0.082500
0 0.364687 0.071667 0.084375 0.098333
0 0.783750 0.293333 0.080000 0.106667
0 0.545625 0.476250 0.076250 0.104167
0 0.531875 0.153750 0.067500 0.102500
0 0.374375 0.710833 0.076250 0.088333
0 0.072188 0.113333 0.068125 0.083333
0 0.284062 0.591250 0.074375 0.099167
0 0.906875 0.552917 0.075000 0.102500
0 0.072188 0.912500 0.078125 0.096667
0 0.778125 0.812917 0.075000 0.095833
0 0.588750 0.302500 0.070000 0.098333
0 0.350625 0.804167 0.075000 0.098333
0 0.261875 0.102500 0.075000 0.111667
0 0.600000 0.536250 0.072500 0.105833
0 0.141250 0.876250 0.076250 0.104167
0 0.653750 0.594583 0.075000 0.102500
0 0.167813 0.750417 0.074375 0.112500
0 0.363750 0.203750 0.075000 0.109167
0 0.899687 0.854167 0.070625 0.101667
0 0.113437 0.537083 0.063125 0.114167
0 0.480625 0.891250 0.067500 0.099167
0 0.732500 0.664167 0.077500 0.110000
0 0.519375 0.676667 0.072500 0.093333
0 0.180000 0.078750 0.076250 0.107500
0 0.673125 0.312500 0.082500 0.106667
0 0.681562 0.800833 0.066875 0.088333
0 0.886563 0.723750 0.079375 0.109167
0 0.217500 0.258333 0.080000 0.101667
0 0.740625 0.167917 0.071250 0.109167
0 0.813438 0.629583 0.073125 0.107500
0 0.439063 0.096667 0.074375 0.098333
0 0.839063 0.340417 0.070625 0.100833
0 0.650000 0.915833 0.071250 0.110000
0 0.297500 0.462917 0.071250 0.097500
0 0.623125 0.120417 0.072500 0.094167
0 0.233125 0.789583 0.072500 0.107500
0 0.493125 0.332917 0.065000 0.090833
0 0.714688 0.081250 0.066875 0.090833
0 0.466250 0.785833 0.077500 0.100000
0 0.210000 0.632500 0.071250 0.093333
0 0.863750 0.770417 0.080000 0.099167
0 0.769062 0.473750 0.088125 0.099167
0 0.442188 0.717500 0.071875 0.100000
3 0.097187 0.278333 0.088125 0.115000
0 0.837187 0.470833 0.068125 0.086667
0 0.239375 0.697500 0.070000 0.101667
0 0.330937 0.950417 0.070625 0.095833
0 0.748750 0.436250 0.072500 0.109167
0 0.166563 0.236667 0.074375 0.101667
0 0.287500 0.099167 0.060000 0.100000
0 0.670625 0.938333 0.068750 0.096667
0 0.445937 0.670417 0.070625 0.104167
0 0.624062 0.520417 0.055625 0.084167
0 0.466250 0.264583 0.051250 0.117500
0 0.822187 0.420417 0.071875 0.084167
0 0.800000 0.176667 0.061250 0.088333
3 0.860625 0.210000 0.081250 0.145000
0 0.054062 0.310417 0.068125 0.082500
