0 0.390313 0.108750 0.058125 0.089167
0 0.918438 0.052083 0.064375 0.080833
0 0.385625 0.507500 0.067500 0.088333
0 0.365938 0.214583 0.075625 0.089167
0 0.640625 0.201250 0.071250 0.105833
0 0.301563 0.458333 0.073125 0.103333
0 0.850313 0.210417 0.061875 0.084167
0 0.834688 0.128750 0.068125 0.080833
0 0.339687 0.607917 0.076875 0.105833
0 0.781250 0.215833 0.078750 0.098333
0 0.050000 0.165000 0.055000 0.078333
0 0.088750 0.238333 0.075000 0.098333
0 0.593125 0.776250 0.080000 0.100833
0 0.432812 0.187083 0.064375 0.087500
0 0.473438 0.609583 0.073125 0.100833
0 0.712187 0.882083 0.074375 0.104167
0 0.710313 0.170000 0.069375 0.086667
0 0.355312 0.042917 0.066875 0.070833
0 0.181562 0.148333 0.068125 0.083333
5 0.602500 0.907500 0.072500 0.093333
0 0.618750 0.449583 0.073750 0.090833
0 0.911250 0.237500 0.056250 0.071667
0 0.636250 0.363333 0.073750 0.088333
0 0.487812 0.139583 0.059375 0.069167
0 0.699375 0.400417 0.073750 0.099167
0 0.463125 0.090000 0.067500 0.085000
0 0.286562 0.300000 0.069375 0.091667
0 0.490312 0.432083 0.065625 0.079167
0 0.931562 0.615833 0.073125 0.101667
0 0.965625 0.502083 0.060000 0.074167
0 0.643750 0.052083 0.068750 0.084167
0 0.937187 0.325000 0.069375 0.086667
0 0.347813 0.177083 0.063125 0.079167
0 0.092813 0.352917 0.070625 0.085833
0 0.550000 0.526250 0.075000 0.102500
0 0.093125 0.653333 0.076250 0.096667
0 0.511563 0.063333 0.055625 0.083333
0 0.244375 0.789167 0.076250 0.100000
0 0.631875 0.075000 0.073750 0.101667
0 0.926875 0.432083 0.070000 0.084167
0 0.105625 0.113333 0.072500 0.083333
0 0.834063 0.047083 0.056875 0.067500
0 0.953438 0.706250 0.076875 0.087500
0 0.185625 0.447917 0.080000 0.089167
0 0.342500 0.727917 0.071250 0.100833
0 0.774687 0.148750 0.054375 0.079167
1 0.738750 0.061667 0.086250 0.111667
1 0.821250 0.610000 0.075000 0.140000
1 0.233750 0.286250 0.073750 0.089167
1 0.235000 0.430417 0.087500 0.105833
0 0.184062 0.084167 0.068125 0.088333
0 0.042500 0.112500 0.062500 0.085000
0 0.902188 0.520417 0.056875 0.077500
0 0.780312 0.049167 0.059375 0.095000
0 0.708438 0.143333 0.079375 0.086667
0 0.508437 0.502500 0.061875 0.086667
0 0.441250 0.467500 0.055000 0.073333
0 0.062187 0.283333 0.068125 0.075000
0 0.275625 0.036667 0.063750 0.073333
0 0.225938 0.074583 0.066875 0.059167
0 0.390313 0.666667 0.055625 0.075000
0 0.255937 0.879167 0.069375 0.073333
0 0.191250 0.931250 0.073750 0.079167
0 0.295938 0.916667 0.059375 0.100000
0 0.238750 0.959583 0.061250 0.079167
0 0.319375 0.822500 0.063750 0.096667
0 0.095000 0.897083 0.062500 0.075833
0 0.348438 0.401250 0.050625 0.080833
0 0.397500 0.413333 0.052500 0.083333
0 0.575000 0.457083 0.062500 0.097500
