0 0.100625 0.753333 0.086250 0.118333
0 0.204063 0.908750 0.079375 0.104167
0 0.823750 0.485000 0.080000 0.095000
0 0.872500 0.565000 0.075000 0.105000
0 0.847812 0.112917 0.076875 0.092500
0 0.071250 0.424583 0.072500 0.095833
1 0.515938 0.430000 0.081875 0.121667
0 0.735938 0.510833 0.068125 0.095000
0 0.466562 0.895000 0.079375 0.101667
0 0.938750 0.522083 0.061250 0.065833
0 0.943125 0.609167 0.077500 0.090000
0 0.764687 0.160833 0.085625 0.108333
0 0.762188 0.684167 0.078125 0.106667
0 0.151562 0.833333 0.073125 0.098333
0 0.665312 0.687500 0.075625 0.106667
0 0.923750 0.363750 0.068750 0.080833
0 0.902813 0.455833 0.076875 0.096667
0 0.079687 0.867083 0.080625 0.110833
0 0.224688 0.320000 0.066875 0.101667
0 0.257188 0.672083 0.069375 0.097500
0 0.052812 0.071250 0.073125 0.092500
0 0.143125 0.234167 0.072500 0.083333
0 0.209375 0.770417 0.062500 0.100833
0 0.059062 0.330833 0.068125 0.093333
0 0.153438 0.918750 0.070625 0.072500
0 0.137813 0.403750 0.060625 0.097500
0 0.843437 0.241667 0.071875 0.100000
0 0.104375 0.527917 0.078750 0.100833
0 0.141875 0.495833 0.061250 0.078333
0 0.516563 0.318333 0.080625 0.106667
0 0.703750 0.113750 0.070000 0.094167
0 0.563125 0.912500 0.081250 0.111667
0 0.256875 0.591667 0.055000 0.080000
0 0.275938 0.236250 0.074375 0.105833
0 0.200937 0.442917 0.068125 0.092500
0 0.296250 0.824583 0.056250 0.084167
0 0.285938 0.445417 0.083125 0.102500
0 0.572500 0.660000 0.075000 0.110000
0 0.817500 0.728333 0.065000 0.096667
0 0.824375 0.630833 0.076250 0.108333
0 0.031875 0.584583 0.062500 0.092500
0 0.834063 0.910417 0.068125 0.100833
0 0.600625 0.784583 0.073750 0.100833
1 0.132812 0.308750 0.089375 0.114167
1 0.917813 0.212083 0.065625 0.104167
1 0.554375 0.054583 0.078750 0.109167
1 0.543438 0.240833 0.051875 0.071667
1 0.803125 0.586250 0.076250 0.117500
0 0.235937 0.223750 0.065625 0.109167
0 0.864375 0.197083 0.055000 0.080833
0 0.950000 0.232500 0.062500 0.070000
0 0.789687 0.051667 0.065625 0.100000
0 0.365000 0.278333 0.061250 0.096667
0 0.905625 0.917917 0.062500 0.082500
0 0.591562 0.698750 0.073125 0.089167
0 0.549687 0.760417 0.066875 0.109167
0 0.390313 0.830833 0.059375 0.068333
0 0.196563 0.582917 0.064375 0.079167
0 0.380312 0.945000 0.065625 0.078333
0 0.252500 0.765833 0.072500 0.105000
0 0.095312 0.925000 0.068125 0.081667
0 0.247500 0.501667 0.077500 0.086667
0 0.355000 0.913750 0.071250 0.087500
0 0.337187 0.877917 0.066875 0.084167
0 0.194688 0.542083 0.063125 0.092500
0 0.634375 0.074583 0.065000 0.089167
0 0.607812 0.064583 0.065625 0.089167
