0 0.323750 0.875417 0.062500 0.075833
0 0.683125 0.180000 0.060000 0.080000
0 0.232500 0.945833 0.062500 0.075000
0 0.210313 0.802083 0.061875 0.080833
0 0.321875 0.711250 0.060000 0.077500
0 0.266875 0.580000 0.068750 0.083333
0 0.105938 0.626667 0.070625 0.081667
0 0.205625 0.302500 0.077500 0.090000
0 0.547500 0.101250 0.061250 0.072500
0 0.158125 0.862500 0.072500 0.081667
0 0.457500 0.782083 0.075000 0.082500
0 0.603125 0.640833 0.061250 0.081667
0 0.515625 0.710833 0.075000 0.076667
0 0.365625 0.832917 0.058750 0.089167
0 0.704375 0.462083 0.060000 0.079167
0 0.494688 0.293750 0.063125 0.087500
0 0.041875 0.693750 0.055000 0.079167
0 0.427187 0.155417 0.070625 0.077500
0 0.422187 0.951250 0.063125 0.089167
0 0.534687 0.381667 0.065625 0.085000
0 0.193438 0.720833 0.060625 0.078333
0 0.937187 0.304167 0.056875 0.083333
0 0.778750 0.066250 0.058750 0.084167
0 0.607187 0.790833 0.055625 0.083333
0 0.417500 0.510417 0.071250 0.077500
0 0.196875 0.634583 0.063750 0.079167
0 0.404687 0.703333 0.061875 0.073333
0 0.060312 0.942083 0.059375 0.080833
0 0.310000 0.472083 0.073750 0.074167
3 0.771563 0.351250 0.059375 0.092500
0 0.285938 0.386667 0.073125 0.078333
0 0.457188 0.351250 0.069375 0.085833
0 0.207187 0.501667 0.068125 0.066667
0 0.635312 0.866250 0.080625 0.094167
0 0.506875 0.581667 0.053750 0.071667
0 0.742500 0.128333 0.062500 0.070000
0 0.053750 0.091667 0.066250 0.093333
0 0.474687 0.106667 0.060625 0.086667
0 0.653438 0.267500 0.058125 0.073333
0 0.843750 0.796667 0.056250 0.108333
0 0.222812 0.143333 0.074375 0.076667
0 0.581875 0.527917 0.078750 0.069167
0 0.380000 0.620417 0.067500 0.090833
0 0.388125 0.441667 0.060000 0.076667
0 0.624062 0.398750 0.058125 0.070833
0 0.096250 0.133750 0.067500 0.087500
0 0.793750 0.829583 0.055000 0.099167
0 0.598437 0.420417 0.051875 0.080833
0 0.407500 0.587917 0.071250 0.090833
0 0.569063 0.831250 0.070625 0.089167
0 0.056250 0.833750 0.060000 0.075833
0 0.046250 0.186667 0.055000 0.088333
0 0.521563 0.784583 0.054375 0.092500
0 0.825000 0.214583 0.052500 0.065833
0 0.330000 0.648750 0.065000 0.077500
