0 0.141250 0.079167 0.055000 0.076667
0 0.207187 0.104167 0.050625 0.080000
0 0.051250 0.230833 0.060000 0.081667
0 0.291563 0.666667 0.061875 0.090000
0 0.268750 0.451667 0.063750 0.080000
0 0.670000 0.343333 0.061250 0.080000
0 0.881875 0.384583 0.066250 0.084167
0 0.255000 0.583750 0.057500 0.084167
0 0.595313 0.512083 0.058125 0.077500
0 0.202500 0.202083 0.071250 0.090833
0 0.569375 0.366667 0.060000 0.083333
0 0.233437 0.769167 0.068125 0.088333
0 0.054688 0.117917 0.061875 0.077500
0 0.278125 0.843333 0.066250 0.096667
0 0.767188 0.203333 0.064375 0.080000
0 0.682813 0.850417 0.068125 0.089167
0 0.843437 0.120417 0.069375 0.090833
0 0.245938 0.268333 0.069375 0.080000
0 0.666562 0.525000 0.063125 0.095000
0 0.203125 0.368750 0.072500 0.092500
0 0.623437 0.795000 0.071875 0.091667
0 0.514687 0.310417 0.066875 0.089167
0 0.858750 0.468750 0.073750 0.095833
0 0.172500 0.765833 0.063750 0.083333
1 0.696875 0.200000 0.078750 0.106667
0 0.441250 0.302500 0.075000 0.093333
0 0.772188 0.072083 0.070625 0.097500
0 0.678438 0.097500 0.063125 0.096667
0 0.788125 0.710833 0.065000 0.091667
0 0.576875 0.946667 0.071250 0.075000
0 0.050625 0.637917 0.062500 0.072500
0 0.528750 0.555000 0.060000 0.073333
0 0.820000 0.320417 0.068750 0.090833
0 0.724375 0.363333 0.058750 0.096667
0 0.146875 0.272500 0.062500 0.078333
0 0.489687 0.402500 0.074375 0.096667
0 0.107813 0.783333 0.068125 0.095000
0 0.762813 0.842083 0.080625 0.085833
0 0.604062 0.391667 0.069375 0.085000
0 0.452188 0.476250 0.065625 0.089167
0 0.871250 0.716250 0.063750 0.084167
0 0.830000 0.801667 0.068750 0.091667
0 0.577812 0.602500 0.066875 0.093333
0 0.711875 0.743750 0.060000 0.089167
0 0.077500 0.866250 0.058750 0.085833
0 0.199063 0.482917 0.071875 0.089167
0 0.660000 0.257500 0.067500 0.086667
0 0.291563 0.421667 0.061875 0.101667
1 0.086875 0.703333 0.091250 0.096667
0 0.113125 0.334167 0.057500 0.076667
0 0.045312 0.356667 0.061875 0.071667
0 0.895625 0.873333 0.067500 0.078333
0 0.966875 0.413750 0.065000 0.087500
0 0.940937 0.555833 0.058125 0.081667
0 0.595938 0.713333 0.076875 0.090000
0 0.858437 0.845000 0.069375 0.088333
0 0.089688 0.410000 0.055625 0.088333
0 0.710000 0.635000 0.066250 0.081667
0 0.395625 0.352917 0.067500 0.080833
1 0.775312 0.283333 0.080625 0.110000
0 0.919687 0.716250 0.059375 0.082500
0 0.635938 0.889583 0.061875 0.105833
0 0.354687 0.410000 0.065625 0.085000
0 0.965625 0.915417 0.067500 0.097500
0 0.894062 0.531250 0.069375 0.074167
0 0.619062 0.276250 0.063125 0.075833
0 0.377500 0.476250 0.076250 0.092500
0 0.259688 0.956667 0.066875 0.085000
0 0.482812 0.050417 0.068125 0.087500
0 0.544687 0.230417 0.070625 0.090833
0 0.193438 0.512083 0.071875 0.092500
0 0.550000 0.156667 0.071250 0.096667
0 0.155312 0.403333 0.070625 0.085000
0 0.883750 0.935417 0.072500 0.079167
0 0.065625 0.948333 0.061250 0.088333
0 0.966562 0.605833 0.061875 0.078333
1 0.418438 0.088750 0.085625 0.089167
0 0.694688 0.699583 0.070625 0.075833
0 0.657500 0.538333 0.058750 0.085000
