0 0.457813 0.869583 0.066875 0.082500
0 0.673438 0.123333 0.073125 0.081667
0 0.390313 0.298333 0.063125 0.088333
0 0.806562 0.387917 0.066875 0.087500
0 0.162188 0.475833 0.060625 0.101667
0 0.820625 0.825000 0.056250 0.088333
0 0.106875 0.524583 0.060000 0.090833
0 0.788438 0.118750 0.058125 0.084167
0 0.947187 0.611250 0.060625 0.080833
0 0.617188 0.317917 0.065625 0.097500
0 0.918438 0.205000 0.068125 0.101667
0 0.206875 0.391250 0.065000 0.099167
0 0.508125 0.816667 0.071250 0.085000
0 0.905625 0.442917 0.063750 0.077500
0 0.937813 0.789583 0.059375 0.087500
0 0.615313 0.870417 0.068125 0.080833
0 0.755938 0.513333 0.063125 0.090000
0 0.722812 0.261667 0.064375 0.088333
0 0.854062 0.172500 0.060625 0.088333
0 0.871250 0.263333 0.057500 0.078333
0 0.176250 0.893333 0.067500 0.101667
0 0.871250 0.906667 0.060000 0.081667
0 0.662188 0.210417 0.063125 0.090833
0 0.697500 0.482917 0.056250 0.082500
0 0.466250 0.186667 0.061250 0.081667
0 0.926875 0.699167 0.061250 0.081667
0 0.671250 0.388333 0.060000 0.085000
0 0.510625 0.060417 0.065000 0.097500
0 0.379688 0.896667 0.059375 0.083333
0 0.434688 0.402083 0.060625 0.087500
0 0.054688 0.057917 0.069375 0.075833
0 0.340313 0.706667 0.063125 0.101667
0 0.245000 0.910833 0.063750 0.091667
0 0.578125 0.722500 0.061250 0.083333
0 0.165937 0.279583 0.061875 0.095833
0 0.732812 0.075000 0.066875 0.088333
0 0.559688 0.245417 0.065625 0.097500
0 0.057813 0.460417 0.065625 0.082500
0 0.885000 0.819167 0.062500 0.076667
0 0.811250 0.554167 0.071250 0.078333
0 0.621250 0.621250 0.068750 0.084167
0 0.807500 0.917917 0.055000 0.080833
0 0.478438 0.333333 0.066875 0.091667
0 0.728750 0.600833 0.063750 0.090000
0 0.253125 0.480417 0.067500 0.094167
0 0.809375 0.478333 0.057500 0.078333
0 0.105000 0.115000 0.070000 0.096667
0 0.495937 0.939583 0.068125 0.089167
0 0.586250 0.954167 0.058750 0.080000
0 0.387813 0.676250 0.073125 0.092500
0 0.743125 0.176250 0.066250 0.079167
0 0.195937 0.803750 0.056875 0.082500
0 0.196250 0.688333 0.068750 0.093333
0 0.647500 0.716250 0.065000 0.087500
0 0.102500 0.877500 0.063750 0.088333
0 0.773438 0.755000 0.064375 0.101667
0 0.045312 0.209583 0.066875 0.074167
0 0.432188 0.232917 0.066875 0.089167
0 0.100312 0.654167 0.083125 0.075000
0 0.963437 0.118333 0.058125 0.085000
0 0.231875 0.303333 0.066250 0.086667
0 0.749687 0.922917 0.050625 0.094167
0 0.620313 0.500417 0.066875 0.090833
0 0.829375 0.632917 0.075000 0.079167
0 0.468750 0.547917 0.066250 0.090833
0 0.170937 0.565833 0.073125 0.071667
0 0.927813 0.953750 0.066875 0.090833
0 0.649687 0.798750 0.070625 0.080833
0 0.546875 0.445000 0.063750 0.076667
0 0.655937 0.919583 0.065625 0.079167
0 0.404062 0.750000 0.085625 0.076667
0 0.326250 0.497917 0.080000 0.080833
0 0.296875 0.071667 0.063750 0.083333
0 0.957812 0.520833 0.058125 0.083333
0 0.610313 0.800417 0.063125 0.077500
0 0.336875 0.379583 0.062500 0.094167
0 0.253437 0.246667 0.070625 0.080000
0 0.391875 0.797500 0.077500 0.086667
0 0.393125 0.116667 0.065000 0.090000
0 0.578125 0.639583 0.081250 0.085833
0 0.395937 0.602917 0.058125 0.074167
1 0.884687 0.352500 0.099375 0.118333
