0 0.098437 0.285000 0.071875 0.100000
0 0.844688 0.176250 0.074375 0.085833
0 0.623125 0.819583 0.080000 0.094167
0 0.541875 0.714583 0.070000 0.102500
0 0.675625 0.942500 0.077500 0.103333
0 0.558125 0.122500 0.077500 0.111667
0 0.537813 0.903333 0.070625 0.095000
0 0.043750 0.215000 0.087500 0.115000
0 0.706250 0.095833 0.068750 0.098333
0 0.216562 0.932500 0.081875 0.096667
0 0.586875 0.354583 0.071250 0.094167
0 0.371875 0.367083 0.066250 0.092500
0 0.694063 0.498750 0.075625 0.095833
0 0.878750 0.762083 0.078750 0.099167
0 0.727500 0.335000 0.075000 0.108333
0 0.947187 0.434167 0.080625 0.106667
0 0.677188 0.714167 0.078125 0.098333
0 0.963437 0.894167 0.071875 0.105000
0 0.407187 0.120417 0.063125 0.089167
0 0.308437 0.250000 0.081875 0.103333
0 0.751250 0.842917 0.068750 0.104167
0 0.775937 0.453750 0.079375 0.099167
0 0.341875 0.844583 0.075000 0.105833
0 0.660312 0.391250 0.066875 0.099167
0 0.208125 0.475417 0.076250 0.102500
0 0.333125 0.535000 0.076250 0.103333
0 0.826875 0.679583 0.075000 0.095833
1 0.197813 0.294583 0.079375 0.159167
0 0.081875 0.837500 0.078750 0.095000
0 0.104063 0.077917 0.066875 0.092500
0 0.908125 0.549167 0.072500 0.100000
0 0.419063 0.772083 0.068125 0.094167
0 0.158125 0.181667 0.066250 0.091667
0 0.827500 0.397083 0.077500 0.095833
0 0.303125 0.602500 0.071250 0.091667
3 0.384688 0.634167 0.080625 0.115000
0 0.924063 0.913333 0.081875 0.115000
0 0.499688 0.228750 0.074375 0.100833
0 0.483750 0.780000 0.062500 0.115000
0 0.049063 0.711667 0.055625 0.121667
0 0.405313 0.325833 0.063125 0.105000
0 0.479375 0.401250 0.065000 0.125833
3 0.871563 0.345417 0.080625 0.157500
