0 0.677813 0.345417 0.064375 0.097500
0 0.556875 0.080833 0.065000 0.088333
0 0.047188 0.654167 0.068125 0.073333
0 0.869062 0.343750 0.063125 0.079167
0 0.888437 0.928333 0.071875 0.100000
0 0.760000 0.370000 0.067500 0.106667
0 0.115312 0.448750 0.065625 0.094167
0 0.452188 0.465417 0.074375 0.099167
0 0.492188 0.685417 0.079375 0.097500
0 0.583125 0.197917 0.080000 0.095833
0 0.934375 0.665833 0.081250 0.113333
0 0.197813 0.498750 0.070625 0.080833
0 0.369688 0.360000 0.071875 0.100000
0 0.205313 0.150417 0.078125 0.095833
0 0.871250 0.511250 0.072500 0.115833
0 0.151562 0.680000 0.061875 0.103333
0 0.329062 0.268333 0.074375 0.108333
0 0.895938 0.262500 0.068125 0.091667
0 0.871250 0.627500 0.075000 0.105000
0 0.683750 0.820417 0.068750 0.110833
0 0.131250 0.528750 0.083750 0.084167
0 0.471875 0.548333 0.080000 0.091667
0 0.160000 0.091667 0.086250 0.083333
0 0.276250 0.789583 0.081250 0.099167
0 0.743437 0.073750 0.079375 0.092500
0 0.933438 0.832083 0.090625 0.080833
0 0.583125 0.288750 0.081250 0.092500
0 0.680625 0.476667 0.062500 0.125000
0 0.728750 0.736667 0.080000 0.098333
0 0.185938 0.392917 0.078125 0.110833
0 0.898125 0.421667 0.071250 0.113333
0 0.196250 0.816250 0.093750 0.092500
0 0.542188 0.397917 0.086875 0.115833
0 0.570312 0.498333 0.084375 0.103333
0 0.387500 0.638750 0.080000 0.114167
0 0.092813 0.961250 0.094375 0.077500
0 0.560625 0.589167 0.070000 0.123333
0 0.053437 0.224167 0.084375 0.078333
