0 0.702812 0.435417 0.078125 0.095833
0 0.211250 0.717083 0.080000 0.095833
0 0.935000 0.176250 0.075000 0.087500
0 0.708438 0.529167 0.076875 0.101667
0 0.737812 0.308333 0.076875 0.103333
0 0.883125 0.318750 0.080000 0.104167
0 0.659062 0.146250 0.065625 0.094167
0 0.108750 0.722083 0.072500 0.090833
0 0.446875 0.593750 0.071250 0.092500
0 0.045312 0.689167 0.071875 0.093333
0 0.498125 0.344583 0.078750 0.100833
0 0.701875 0.625000 0.061250 0.078333
0 0.735000 0.097917 0.053750 0.085833
0 0.189062 0.791667 0.079375 0.083333
0 0.850625 0.071667 0.082500 0.106667
0 0.289687 0.620000 0.073125 0.091667
0 0.316875 0.712917 0.077500 0.102500
0 0.274687 0.818750 0.074375 0.097500
0 0.806875 0.853750 0.075000 0.112500
0 0.351562 0.192083 0.074375 0.112500
0 0.502500 0.921250 0.078750 0.105833
0 0.597812 0.680417 0.078125 0.094167
0 0.422187 0.691250 0.060625 0.090833
0 0.227813 0.890000 0.074375 0.098333
0 0.319688 0.777917 0.074375 0.092500
0 0.596250 0.136667 0.053750 0.083333
0 0.039062 0.211250 0.071875 0.110833
0 0.875000 0.218750 0.067500 0.090833
0 0.762813 0.645000 0.071875 0.090000
0 0.590938 0.360833 0.070625 0.096667
0 0.116875 0.811250 0.072500 0.100833
0 0.535625 0.216250 0.068750 0.084167
0 0.677813 0.267500 0.058125 0.088333
0 0.404062 0.362500 0.076875 0.110000
0 0.389375 0.902083 0.071250 0.104167
0 0.662813 0.338750 0.070625 0.087500
0 0.782188 0.176667 0.078125 0.091667
0 0.068437 0.050833 0.071875 0.096667
0 0.615313 0.829167 0.078125 0.115000
0 0.452500 0.797917 0.071250 0.089167
0 0.206875 0.940833 0.080000 0.106667
0 0.147813 0.867917 0.068125 0.094167
0 0.345938 0.865833 0.068125 0.103333
1 0.809063 0.296667 0.079375 0.068333
1 0.949063 0.682500 0.076875 0.186667
1 0.588437 0.747917 0.098125 0.144167
0 0.665000 0.290833 0.070000 0.080000
0 0.573750 0.280417 0.073750 0.092500
0 0.540625 0.131250 0.063750 0.084167
0 0.497812 0.174583 0.080625 0.095833
0 0.443750 0.278750 0.063750 0.077500
0 0.209687 0.427500 0.081875 0.085000
0 0.095625 0.886667 0.057500 0.081667
0 0.944688 0.483333 0.061875 0.098333
0 0.797500 0.752500 0.067500 0.085000
0 0.822812 0.666667 0.068125 0.080000
0 0.842812 0.705417 0.065625 0.095833
0 0.882188 0.626250 0.069375 0.120833
