0 0.180938 0.216250 0.080625 0.100833
0 0.752188 0.265833 0.079375 0.110000
0 0.620313 0.089167 0.079375 0.095000
0 0.301563 0.727500 0.081875 0.101667
0 0.091250 0.947500 0.076250 0.103333
0 0.246875 0.350833 0.077500 0.106667
0 0.756875 0.894583 0.077500 0.119167
0 0.042813 0.519583 0.084375 0.105833
0 0.402813 0.836667 0.068125 0.140000
0 0.659375 0.287917 0.071250 0.097500
0 0.612812 0.717083 0.081875 0.110833
0 0.162500 0.809583 0.082500 0.109167
0 0.322500 0.557500 0.080000 0.121667
0 0.778750 0.117917 0.072500 0.102500
0 0.605313 0.177083 0.083125 0.107500
0 0.148125 0.574583 0.066250 0.105833
0 0.455000 0.159167 0.078750 0.096667
0 0.464375 0.685417 0.080000 0.114167
0 0.302500 0.287500 0.081250 0.106667
0 0.765312 0.061250 0.071875 0.102500
0 0.934375 0.491667 0.072500 0.081667
0 0.941250 0.561250 0.080000 0.097500
0 0.329062 0.812917 0.069375 0.084167
2 0.439688 0.549583 0.066875 0.139167
0 0.320000 0.854583 0.063750 0.114167
