0 0.825000 0.849167 0.058750 0.081667
0 0.753125 0.373750 0.062500 0.084167
0 0.678438 0.714167 0.064375 0.083333
0 0.853125 0.212500 0.067500 0.086667
0 0.714688 0.304583 0.068125 0.085833
0 0.590625 0.697500 0.061250 0.098333
0 0.306563 0.227500 0.064375 0.083333
0 0.439063 0.655833 0.058125 0.080000
0 0.147187 0.435000 0.055625 0.083333
0 0.363125 0.634167 0.060000 0.086667
0 0.637188 0.529583 0.063125 0.084167
0 0.938125 0.710000 0.067500 0.086667
0 0.245938 0.402500 0.068125 0.086667
0 0.583125 0.574583 0.065000 0.069167
0 0.734688 0.887083 0.076875 0.104167
0 0.208437 0.666667 0.061875 0.095000
0 0.283438 0.743750 0.061875 0.084167
0 0.726875 0.640833 0.067500 0.073333
0 0.218125 0.230833 0.058750 0.083333
0 0.048438 0.517083 0.060625 0.085833
0 0.354063 0.927083 0.056875 0.100833
0 0.652500 0.912500 0.063750 0.068333
0 0.489687 0.264583 0.056875 0.082500
0 0.533125 0.515833 0.061250 0.085000
0 0.090313 0.254583 0.056875 0.062500
0 0.118125 0.672083 0.057500 0.089167
0 0.390625 0.715417 0.060000 0.077500
0 0.958125 0.630833 0.063750 0.078333
0 0.792813 0.947500 0.066875 0.095000
0 0.216562 0.766667 0.058125 0.085000
0 0.531875 0.875417 0.061250 0.090833
0 0.765000 0.710417 0.070000 0.079167
0 0.440937 0.328333 0.059375 0.083333
0 0.515625 0.380417 0.063750 0.080833
0 0.781563 0.225417 0.066875 0.079167
0 0.690000 0.380417 0.060000 0.084167
0 0.405625 0.579167 0.065000 0.078333
0 0.471562 0.740417 0.056875 0.060833
0 0.881250 0.707083 0.068750 0.087500
0 0.552813 0.755417 0.059375 0.074167
0 0.211562 0.575417 0.058125 0.077500
0 0.806562 0.635833 0.061875 0.076667
0 0.497500 0.466667 0.072500 0.096667
0 0.456562 0.527917 0.064375 0.094167
0 0.372812 0.375417 0.076875 0.087500
0 0.184688 0.164167 0.058125 0.073333
0 0.669687 0.592083 0.058125 0.080833
0 0.150625 0.240000 0.068750 0.081667
0 0.814063 0.355417 0.071875 0.100833
0 0.337500 0.818333 0.065000 0.108333
0 0.638750 0.646667 0.056250 0.078333
0 0.948125 0.272917 0.066250 0.072500
0 0.050000 0.051250 0.070000 0.092500
0 0.650312 0.268750 0.063125 0.090833
0 0.163125 0.827500 0.063750 0.076667
0 0.140000 0.907500 0.066250 0.095000
0 0.892188 0.355417 0.055625 0.082500
0 0.448750 0.193333 0.060000 0.105000
0 0.077813 0.937500 0.060625 0.078333
0 0.295000 0.432917 0.063750 0.084167
0 0.856563 0.930833 0.061875 0.096667
0 0.290625 0.918333 0.067500 0.096667
0 0.813438 0.132083 0.075625 0.099167
0 0.263437 0.500000 0.065625 0.090000
0 0.695312 0.455000 0.064375 0.076667
0 0.800937 0.456250 0.055625 0.074167
0 0.780937 0.287083 0.060625 0.077500
0 0.914062 0.883333 0.070625 0.101667
0 0.302187 0.621250 0.059375 0.079167
0 0.727812 0.551667 0.068125 0.095000
0 0.580313 0.482500 0.065625 0.088333
0 0.879687 0.787500 0.065625 0.078333
0 0.484063 0.150000 0.065625 0.066667
0 0.158750 0.056250 0.060000 0.089167
0 0.320625 0.152083 0.066250 0.084167
0 0.618750 0.080000 0.080000 0.091667
0 0.075625 0.603333 0.072500 0.093333
0 0.622188 0.393750 0.055625 0.069167
0 0.172813 0.924583 0.060625 0.087500
0 0.644687 0.161667 0.059375 0.080000
0 0.276875 0.046250 0.065000 0.077500
0 0.755313 0.560417 0.060625 0.079167
0 0.200937 0.838750 0.069375 0.082500
0 0.563438 0.227083 0.068125 0.090833
0 0.109687 0.569583 0.063125 0.084167
0 0.113437 0.115000 0.058125 0.081667
0 0.727187 0.094167 0.076875 0.080000
0 0.467813 0.866667 0.061875 0.098333
0 0.122500 0.348750 0.062500 0.102500
0 0.408125 0.828333 0.050000 0.076667
0 0.527500 0.621250 0.061250 0.075833
0 0.060000 0.459167 0.066250 0.080000
0 0.069375 0.370833 0.063750 0.083333
0 0.068437 0.180000 0.054375 0.085000
0 0.160312 0.285833 0.069375 0.095000
0 0.550625 0.092500 0.071250 0.093333
0 0.048750 0.723750 0.062500 0.099167
0 0.620938 0.787917 0.083125 0.070833
0 0.235625 0.888333 0.070000 0.083333
0 0.249688 0.313750 0.054375 0.077500
0 0.841875 0.306250 0.075000 0.100833
0 0.575625 0.142917 0.052500 0.079167
0 0.674687 0.806250 0.076875 0.079167
0 0.418125 0.079167 0.061250 0.090000
0 0.886875 0.133333 0.068750 0.086667
0 0.223438 0.489583 0.061875 0.072500
0 0.238750 0.151667 0.070000 0.101667
0 0.402500 0.276667 0.061250 0.093333
0 0.876250 0.287917 0.062500 0.090833
0 0.386875 0.470833 0.060000 0.083333
0 0.392813 0.222083 0.054375 0.074167
0 0.599375 0.186250 0.066250 0.094167
0 0.916250 0.502083 0.070000 0.077500
0 0.742188 0.187500 0.080625 0.110000
0 0.701250 0.215417 0.060000 0.075833
0 0.579375 0.320833 0.066250 0.090000
0 0.413750 0.939167 0.055000 0.085000
0 0.854375 0.049583 0.057500 0.075833
0 0.961562 0.190833 0.063125 0.080000
0 0.565625 0.292083 0.068750 0.089167
0 0.763125 0.822083 0.067500 0.079167
0 0.069062 0.830417 0.075625 0.069167
0 0.335938 0.312917 0.056875 0.079167
0 0.292812 0.318333 0.061875 0.090000
0 0.292812 0.110417 0.049375 0.069167
0 0.253125 0.951250 0.061250 0.077500
0 0.931875 0.207500 0.070000 0.083333
1 0.854062 0.461667 0.116875 0.166667
0 0.785625 0.473750 0.062500 0.074167
0 0.706562 0.066667 0.058125 0.068333
0 0.480000 0.547500 0.060000 0.078333
0 0.295000 0.653333 0.058750 0.073333
0 0.352812 0.778333 0.059375 0.093333
0 0.461562 0.901667 0.051875 0.096667
0 0.443437 0.929167 0.058125 0.091667
0 0.427812 0.810417 0.064375 0.062500
0 0.546562 0.862083 0.061875 0.077500
0 0.538438 0.769583 0.065625 0.080833
0 0.641563 0.822500 0.071875 0.068333
0 0.502188 0.667917 0.058125 0.074167
0 0.387813 0.498750 0.050625 0.084167
0 0.907500 0.787083 0.050000 0.060833
0 0.828750 0.640417 0.057500 0.072500
0 0.911250 0.382083 0.060000 0.097500
0 0.969375 0.548750 0.058750 0.075833
0 0.943750 0.477500 0.061250 0.078333
0 0.967812 0.402500 0.058125 0.081667
0 0.932813 0.914583 0.063125 0.072500
0 0.761875 0.756250 0.070000 0.079167
0 0.728750 0.784167 0.060000 0.093333
0 0.039375 0.790417 0.067500 0.087500
0 0.142813 0.555417 0.054375 0.082500
0 0.032188 0.840833 0.061875 0.081667
0 0.032188 0.682083 0.061875 0.090833
0 0.097187 0.089583 0.060625 0.079167
0 0.375000 0.117500 0.061250 0.081667
0 0.177813 0.083333 0.064375 0.093333
0 0.122813 0.152500 0.060625 0.076667
0 0.223438 0.319167 0.058125 0.066667
0 0.094062 0.286250 0.056875 0.074167
0 0.041875 0.175417 0.061250 0.075833
0 0.104063 0.375417 0.063125 0.075833
0 0.882812 0.099167 0.063125 0.088333
0 0.946562 0.152083 0.061875 0.075833
0 0.839375 0.083333 0.052500 0.080000
0 0.674375 0.158750 0.057500 0.074167
0 0.727812 0.201667 0.055625 0.080000
0 0.606875 0.345833 0.060000 0.066667
0 0.540625 0.391250 0.047500 0.077500
0 0.631875 0.428333 0.050000 0.076667
0 0.615938 0.460000 0.054375 0.073333
0 0.721875 0.460000 0.061250 0.078333
0 0.586250 0.603333 0.058750 0.080000
0 0.533438 0.665833 0.064375 0.090000
0 0.203437 0.467083 0.053125 0.072500
0 0.580313 0.048333 0.074375 0.078333
0 0.505313 0.165000 0.064375 0.078333
0 0.390937 0.197917 0.055625 0.072500
0 0.410000 0.108333 0.065000 0.083333
0 0.346562 0.383333 0.066875 0.066667
0 0.311875 0.342500 0.058750 0.080000
0 0.644375 0.305000 0.062500 0.080000
0 0.030000 0.280833 0.060000 0.081667
0 0.773125 0.565833 0.051250 0.068333
