0 0.610625 0.361250 0.060000 0.077500
0 0.354375 0.116667 0.062500 0.073333
0 0.351250 0.728750 0.061250 0.079167
0 0.740313 0.524167 0.061875 0.080000
0 0.126875 0.411250 0.070000 0.087500
0 0.135937 0.647917 0.071875 0.090833
6 0.856563 0.622917 0.076875 0.090833
0 0.257500 0.072083 0.067500 0.089167
0 0.524062 0.072917 0.063125 0.084167
0 0.957500 0.798750 0.066250 0.075833
0 0.515625 0.713333 0.058750 0.086667
0 0.618437 0.634167 0.070625 0.100000
0 0.842812 0.429167 0.064375 0.095000
0 0.762813 0.743750 0.068125 0.089167
0 0.190312 0.431250 0.059375 0.082500
0 0.255625 0.281250 0.063750 0.087500
0 0.230000 0.559167 0.058750 0.085000
0 0.529375 0.164167 0.058750 0.075000
0 0.306250 0.380833 0.063750 0.068333
0 0.505000 0.338750 0.063750 0.079167
0 0.601875 0.676667 0.067500 0.090000
0 0.892813 0.210417 0.054375 0.074167
0 0.890000 0.547917 0.060000 0.082500
0 0.080625 0.485417 0.061250 0.087500
0 0.803125 0.790833 0.067500 0.095000
0 0.217188 0.139583 0.060625 0.077500
0 0.525625 0.532500 0.080000 0.095000
0 0.047500 0.839583 0.060000 0.077500
0 0.089375 0.706667 0.075000 0.086667
0 0.727812 0.150833 0.070625 0.098333
3 0.952812 0.221250 0.080625 0.112500
0 0.258125 0.624583 0.061250 0.074167
0 0.285625 0.862500 0.063750 0.078333
1 0.243438 0.489583 0.079375 0.089167
0 0.675312 0.540000 0.051875 0.071667
0 0.123125 0.265833 0.065000 0.083333
0 0.810312 0.925417 0.063125 0.080833
0 0.485625 0.810000 0.057500 0.078333
0 0.105313 0.113333 0.059375 0.088333
0 0.253437 0.929167 0.071875 0.075000
0 0.335000 0.656250 0.058750 0.074167
0 0.134375 0.051667 0.060000 0.081667
0 0.204375 0.825417 0.073750 0.085833
0 0.035312 0.198333 0.054375 0.070000
0 0.726562 0.643750 0.058125 0.082500
0 0.739688 0.261667 0.060625 0.070000
0 0.768125 0.822500 0.070000 0.078333
0 0.172813 0.593750 0.073125 0.087500
0 0.485312 0.180833 0.063125 0.081667
0 0.193125 0.670000 0.063750 0.075000
0 0.433437 0.781667 0.060625 0.080000
0 0.816562 0.590833 0.069375 0.100000
0 0.148750 0.167083 0.066250 0.082500
0 0.505625 0.633333 0.051250 0.073333
0 0.558438 0.393750 0.069375 0.064167
0 0.788750 0.412917 0.061250 0.092500
0 0.842187 0.834167 0.065625 0.073333
0 0.259375 0.327083 0.061250 0.080833
0 0.860000 0.861250 0.062500 0.077500
0 0.184062 0.768333 0.055625 0.073333
0 0.731250 0.340833 0.072500 0.083333
0 0.212188 0.308333 0.051875 0.075000
0 0.755000 0.659167 0.061250 0.068333
1 0.080000 0.148750 0.076250 0.119167
0 0.415938 0.037500 0.058125 0.075000
0 0.741250 0.189167 0.073750 0.070000
1 0.779687 0.345833 0.078125 0.093333
0 0.143750 0.309583 0.051250 0.084167
0 0.176875 0.362917 0.055000 0.069167
0 0.868125 0.934583 0.048750 0.065833
0 0.028125 0.734583 0.056250 0.054167
