0 0.781563 0.482917 0.081875 0.109167
0 0.936875 0.201667 0.065000 0.085000
0 0.661875 0.366667 0.058750 0.080000
0 0.652500 0.289583 0.073750 0.084167
0 0.602812 0.422500 0.075625 0.101667
0 0.369375 0.752917 0.070000 0.109167
0 0.923750 0.749583 0.081250 0.099167
0 0.908125 0.068333 0.075000 0.098333
0 0.735000 0.318333 0.067500 0.085000
0 0.725313 0.240000 0.065625 0.073333
0 0.845938 0.710833 0.079375 0.111667
0 0.199063 0.777083 0.079375 0.119167
0 0.628125 0.171250 0.052500 0.089167
0 0.449688 0.600417 0.071875 0.094167
0 0.817187 0.612917 0.076875 0.092500
0 0.752188 0.692083 0.061875 0.074167
0 0.719063 0.777083 0.058125 0.092500
0 0.400313 0.846667 0.060625 0.085000
0 0.153750 0.402500 0.075000 0.083333
1 0.611250 0.890417 0.120000 0.160833
1 0.272188 0.077500 0.101875 0.116667
0 0.152188 0.049167 0.069375 0.075000
1 0.211875 0.425833 0.052500 0.103333
1 0.135937 0.457917 0.101875 0.115833
1 0.812187 0.180417 0.069375 0.110833
1 0.923438 0.512083 0.099375 0.105833
1 0.426875 0.208750 0.095000 0.125833
1 0.525000 0.347500 0.106250 0.113333
1 0.493125 0.432500 0.096250 0.125000
0 0.574375 0.114167 0.057500 0.081667
0 0.701875 0.117917 0.072500 0.077500
0 0.818750 0.320000 0.062500 0.081667
0 0.068125 0.410000 0.065000 0.083333
0 0.556875 0.244583 0.073750 0.089167
0 0.678438 0.214583 0.059375 0.077500
0 0.542500 0.457083 0.076250 0.082500
0 0.535312 0.511667 0.068125 0.083333
0 0.518437 0.595833 0.070625 0.081667
0 0.530937 0.664583 0.068125 0.075833
1 0.461562 0.685417 0.101875 0.109167
1 0.478125 0.862083 0.103750 0.119167
0 0.413750 0.888333 0.065000 0.096667
0 0.588437 0.222917 0.049375 0.090833
0 0.846250 0.097500 0.061250 0.085000
0 0.852187 0.152917 0.049375 0.087500
0 0.805312 0.059167 0.066875 0.085000
0 0.677813 0.050417 0.066875 0.077500
0 0.623437 0.052917 0.070625 0.094167
0 0.501875 0.093333 0.063750 0.085000
0 0.396562 0.317500 0.068125 0.083333
0 0.685000 0.858750 0.063750 0.092500
0 0.738437 0.945000 0.069375 0.073333
