0 0.173437 0.667083 0.071875 0.085833
0 0.383437 0.513750 0.073125 0.104167
0 0.644375 0.207083 0.073750 0.100833
0 0.389062 0.862500 0.065625 0.088333
0 0.700625 0.600833 0.065000 0.083333
0 0.700000 0.601667 0.053750 0.070000
0 0.344375 0.792083 0.073750 0.084167
0 0.546562 0.180000 0.070625 0.096667
0 0.088125 0.205833 0.072500 0.106667
0 0.767188 0.562917 0.058125 0.069167
0 0.846875 0.539583 0.070000 0.082500
0 0.513437 0.891250 0.063125 0.089167
0 0.136563 0.280833 0.081875 0.100000
0 0.489375 0.330833 0.070000 0.098333
0 0.767500 0.693333 0.067500 0.086667
0 0.911250 0.679583 0.067500 0.082500
0 0.099375 0.826250 0.068750 0.097500
0 0.935625 0.347917 0.062500 0.089167
0 0.458437 0.820417 0.064375 0.084167
0 0.048750 0.069583 0.076250 0.099167
0 0.710000 0.103750 0.067500 0.079167
0 0.585000 0.424583 0.065000 0.089167
0 0.451562 0.902917 0.070625 0.085833
0 0.691250 0.461667 0.057500 0.076667
0 0.742812 0.884583 0.074375 0.082500
0 0.515312 0.601667 0.065625 0.083333
0 0.454375 0.500000 0.071250 0.090000
0 0.234687 0.734583 0.061875 0.082500
0 0.577500 0.877917 0.071250 0.089167
0 0.145625 0.402500 0.072500 0.078333
0 0.884687 0.258750 0.075625 0.092500
0 0.624687 0.687500 0.071875 0.091667
0 0.524375 0.730000 0.070000 0.080000
0 0.624062 0.926667 0.068125 0.076667
0 0.439688 0.735000 0.071875 0.096667
0 0.248125 0.571250 0.071250 0.075833
0 0.381875 0.939583 0.081250 0.090833
0 0.158750 0.871667 0.073750 0.105000
0 0.597812 0.804167 0.058125 0.070000
0 0.762813 0.261667 0.064375 0.093333
0 0.797813 0.941250 0.061875 0.085833
0 0.535000 0.305000 0.076250 0.081667
0 0.467813 0.687500 0.075625 0.098333
0 0.810625 0.301250 0.065000 0.075833
0 0.245312 0.485417 0.074375 0.090833
0 0.720313 0.211667 0.064375 0.125000
0 0.173125 0.475833 0.072500 0.086667
0 0.337813 0.103750 0.078125 0.107500
0 0.858750 0.728333 0.061250 0.076667
0 0.809063 0.733333 0.063125 0.095000
0 0.918438 0.423333 0.054375 0.080000
0 0.692813 0.270833 0.076875 0.093333
0 0.476562 0.266250 0.080625 0.099167
0 0.535000 0.390000 0.070000 0.091667
0 0.906875 0.579167 0.068750 0.083333
0 0.095000 0.619167 0.068750 0.106667
0 0.196250 0.793750 0.070000 0.092500
0 0.568750 0.280417 0.067500 0.089167
0 0.582812 0.707500 0.076875 0.088333
0 0.069375 0.504583 0.066250 0.085833
0 0.749062 0.787083 0.058125 0.079167
0 0.950000 0.527083 0.066250 0.082500
0 0.108750 0.519583 0.068750 0.097500
0 0.580625 0.542500 0.058750 0.070000
0 0.576250 0.652500 0.077500 0.103333
0 0.698438 0.799583 0.075625 0.092500
1 0.405313 0.156250 0.094375 0.109167
0 0.712812 0.764167 0.059375 0.081667
0 0.599063 0.811667 0.073125 0.076667
0 0.460313 0.123750 0.065625 0.077500
0 0.791562 0.440000 0.059375 0.066667
0 0.407813 0.408750 0.060625 0.087500
0 0.303438 0.649583 0.073125 0.087500
0 0.746563 0.352917 0.058125 0.070833
0 0.237187 0.426250 0.076875 0.097500
0 0.774375 0.562917 0.057500 0.082500
0 0.298438 0.601667 0.070625 0.085000
0 0.267500 0.657083 0.075000 0.094167
0 0.040938 0.767083 0.081875 0.107500
0 0.623125 0.513333 0.061250 0.063333
0 0.382812 0.397917 0.080625 0.099167
0 0.474375 0.438333 0.076250 0.105000
1 0.954688 0.714167 0.070625 0.098333
1 0.070625 0.749583 0.073750 0.105833
1 0.031875 0.127917 0.062500 0.079167
