0 0.089688 0.112083 0.078125 0.105833
0 0.822500 0.776667 0.083750 0.111667
0 0.399687 0.172500 0.078125 0.106667
0 0.267813 0.385417 0.080625 0.099167
0 0.732500 0.901250 0.081250 0.104167
0 0.859375 0.599583 0.080000 0.104167
0 0.798125 0.207500 0.078750 0.103333
0 0.500625 0.357917 0.080000 0.092500
0 0.539375 0.173333 0.085000 0.105000
0 0.742812 0.536667 0.074375 0.106667
0 0.861563 0.708750 0.084375 0.099167
0 0.263125 0.502917 0.083750 0.102500
0 0.280313 0.699167 0.089375 0.080000
0 0.608125 0.455833 0.075000 0.093333
0 0.447188 0.649583 0.074375 0.114167
0 0.099375 0.337917 0.076250 0.107500
0 0.755000 0.397083 0.088750 0.099167
0 0.646563 0.565000 0.083125 0.110000
0 0.679688 0.480000 0.066875 0.111667
0 0.153750 0.068750 0.076250 0.109167
0 0.751563 0.227500 0.073125 0.120000
1 0.312500 0.790417 0.091250 0.140833
0 0.809375 0.376667 0.082500 0.108333
0 0.281250 0.613750 0.077500 0.099167
0 0.140937 0.805417 0.079375 0.124167
0 0.772813 0.466667 0.073125 0.098333
0 0.080312 0.510000 0.084375 0.108333
0 0.171563 0.502500 0.079375 0.111667
0 0.136250 0.533750 0.078750 0.097500
0 0.112812 0.611250 0.104375 0.072500
0 0.114687 0.646250 0.071875 0.107500
