0 0.141563 0.645000 0.076875 0.103333
0 0.750938 0.150000 0.078125 0.111667
0 0.158750 0.302917 0.081250 0.115833
0 0.824375 0.702083 0.085000 0.102500
0 0.727187 0.765000 0.080625 0.108333
0 0.325937 0.511667 0.073125 0.098333
0 0.626563 0.852083 0.070625 0.092500
0 0.798750 0.058333 0.080000 0.110000
0 0.532188 0.740000 0.071875 0.101667
0 0.840000 0.335833 0.082500 0.101667
0 0.862812 0.618333 0.084375 0.098333
0 0.401562 0.494167 0.076875 0.101667
0 0.656875 0.514583 0.085000 0.109167
0 0.127500 0.389583 0.078750 0.092500
0 0.142187 0.472917 0.079375 0.102500
0 0.052500 0.910833 0.071250 0.105000
0 0.748125 0.316667 0.072500 0.103333
0 0.922500 0.160417 0.070000 0.100833
0 0.865313 0.899583 0.080625 0.104167
0 0.115000 0.556250 0.092500 0.104167
0 0.715313 0.577083 0.071875 0.104167
0 0.950937 0.369583 0.080625 0.112500
0 0.313125 0.283750 0.086250 0.089167
0 0.366875 0.401250 0.081250 0.100833
0 0.440937 0.364583 0.086875 0.102500
0 0.212812 0.493750 0.075625 0.105833
0 0.223750 0.301667 0.056250 0.113333
0 0.210313 0.414583 0.071875 0.095833
0 0.650000 0.207083 0.071250 0.104167
0 0.429688 0.697083 0.091875 0.109167
0 0.122500 0.825000 0.062500 0.096667
0 0.587187 0.211667 0.083125 0.128333
0 0.092500 0.737500 0.070000 0.100000
3 0.302500 0.183750 0.091250 0.110833
0 0.155000 0.951250 0.076250 0.097500
0 0.309063 0.089167 0.088125 0.083333
