0 0.506250 0.846667 0.070000 0.090000
0 0.087500 0.118750 0.066250 0.080833
0 0.644687 0.301250 0.065625 0.079167
0 0.696250 0.803333 0.072500 0.093333
0 0.865313 0.846250 0.075625 0.092500
0 0.768750 0.792917 0.063750 0.080833
0 0.194062 0.884583 0.063125 0.089167
0 0.067500 0.495833 0.047500 0.070000
0 0.461562 0.455417 0.061875 0.082500
0 0.314375 0.188333 0.072500 0.098333
0 0.315312 0.455000 0.068125 0.088333
0 0.797188 0.172917 0.074375 0.095833
0 0.570312 0.612917 0.050625 0.082500
0 0.763125 0.065000 0.060000 0.080000
0 0.945937 0.685833 0.061875 0.086667
0 0.896250 0.295833 0.075000 0.088333
0 0.504687 0.236667 0.069375 0.101667
0 0.723125 0.507500 0.066250 0.086667
0 0.725000 0.588333 0.073750 0.091667
0 0.427812 0.390000 0.068125 0.085000
0 0.123750 0.508750 0.067500 0.087500
0 0.604688 0.955417 0.059375 0.072500
1 0.239063 0.114583 0.079375 0.099167
0 0.464375 0.726667 0.062500 0.088333
0 0.375312 0.652917 0.064375 0.074167
0 0.611875 0.200417 0.066250 0.085833
0 0.583438 0.801250 0.063125 0.085833
0 0.180312 0.426250 0.060625 0.075833
0 0.110312 0.297083 0.064375 0.080833
1 0.397813 0.306250 0.083125 0.100833
0 0.053750 0.402917 0.062500 0.089167
0 0.283438 0.380000 0.060625 0.080000
0 0.618125 0.875417 0.066250 0.077500
0 0.254375 0.850833 0.062500 0.085000
0 0.399687 0.096667 0.069375 0.085000
0 0.452813 0.567083 0.063125 0.082500
0 0.569375 0.458750 0.065000 0.067500
0 0.356875 0.537917 0.057500 0.080833
0 0.735938 0.678750 0.059375 0.082500
0 0.897813 0.199167 0.068125 0.083333
0 0.566875 0.266250 0.070000 0.075833
0 0.292187 0.664167 0.061875 0.073333
0 0.055938 0.305000 0.054375 0.085000
0 0.794375 0.702500 0.058750 0.081667
0 0.243438 0.265833 0.071875 0.086667
0 0.145000 0.730417 0.061250 0.060833
0 0.956562 0.050000 0.065625 0.090000
0 0.433125 0.239583 0.073750 0.084167
0 0.295625 0.567083 0.072500 0.084167
0 0.255937 0.502500 0.061875 0.080000
0 0.966250 0.552917 0.066250 0.087500
0 0.161250 0.354583 0.061250 0.072500
0 0.460313 0.309167 0.054375 0.080000
0 0.682187 0.715833 0.055625 0.080000
0 0.084687 0.567500 0.068125 0.086667
0 0.103125 0.662083 0.060000 0.069167
0 0.581250 0.529167 0.083750 0.061667
0 0.174687 0.626250 0.078125 0.089167
0 0.897500 0.392500 0.047500 0.063333
0 0.943438 0.409583 0.059375 0.064167
1 0.139063 0.792083 0.084375 0.095833
0 0.194688 0.042917 0.059375 0.079167
0 0.282813 0.779167 0.053125 0.065000
0 0.394062 0.174167 0.056875 0.070000
0 0.472813 0.802500 0.070625 0.071667
1 0.325000 0.895417 0.080000 0.114167
0 0.425000 0.497917 0.048750 0.069167
0 0.487500 0.368333 0.048750 0.068333
0 0.741875 0.925000 0.050000 0.060000
0 0.260625 0.721667 0.062500 0.075000
0 0.245312 0.180000 0.058125 0.083333
0 0.714688 0.882500 0.050625 0.078333
0 0.135313 0.573333 0.055625 0.058333
0 0.029375 0.750833 0.057500 0.058333
0 0.039062 0.818750 0.069375 0.077500
0 0.027813 0.869583 0.054375 0.065833
0 0.291875 0.855417 0.076250 0.082500
0 0.185312 0.697917 0.059375 0.092500
0 0.223125 0.690417 0.046250 0.065833
