0 0.822812 0.058750 0.074375 0.092500
0 0.434375 0.400000 0.065000 0.083333
0 0.394375 0.859167 0.073750 0.095000
0 0.372500 0.355833 0.071250 0.093333
0 0.909062 0.867917 0.069375 0.100833
0 0.711875 0.745000 0.080000 0.100000
0 0.800312 0.802500 0.076875 0.100000
0 0.346562 0.662083 0.074375 0.107500
0 0.308437 0.255833 0.070625 0.091667
0 0.737187 0.245417 0.071875 0.095833
0 0.423125 0.755833 0.067500 0.103333
0 0.191562 0.390000 0.071875 0.085000
0 0.860938 0.238333 0.066875 0.098333
0 0.563438 0.420000 0.074375 0.101667
0 0.668750 0.213750 0.072500 0.117500
0 0.868750 0.692083 0.068750 0.094167
0 0.803750 0.305417 0.078750 0.107500
0 0.261250 0.211250 0.067500 0.089167
0 0.219062 0.152500 0.070625 0.081667
0 0.959688 0.934583 0.068125 0.094167
0 0.933125 0.515833 0.076250 0.088333
0 0.899687 0.327083 0.056875 0.080833
0 0.507500 0.749583 0.077500 0.090833
0 0.432500 0.140000 0.071250 0.091667
0 0.063750 0.822917 0.055000 0.104167
0 0.524062 0.092500 0.063125 0.086667
0 0.044687 0.248333 0.070625 0.111667
0 0.215312 0.775833 0.071875 0.098333
0 0.569375 0.190000 0.067500 0.086667
0 0.135625 0.751667 0.078750 0.096667
0 0.086563 0.546667 0.081875 0.096667
0 0.064375 0.451250 0.073750 0.094167
0 0.060312 0.726667 0.075625 0.088333
0 0.108125 0.296250 0.075000 0.097500
0 0.859688 0.497083 0.069375 0.094167
0 0.951875 0.284167 0.063750 0.091667
1 0.286250 0.802083 0.083750 0.115833
0 0.304375 0.746250 0.073750 0.097500
0 0.559063 0.694583 0.061875 0.095833
0 0.620000 0.576250 0.062500 0.097500
0 0.957812 0.216250 0.074375 0.095833
0 0.823438 0.572083 0.073125 0.095833
0 0.063125 0.633750 0.073750 0.082500
0 0.424375 0.533750 0.073750 0.104167
0 0.154062 0.081250 0.059375 0.109167
3 0.717812 0.566667 0.105625 0.093333
0 0.194062 0.816250 0.078125 0.100833
0 0.925625 0.604167 0.060000 0.103333
0 0.477500 0.834167 0.056250 0.100000
0 0.421563 0.575000 0.075625 0.093333
0 0.210313 0.069583 0.061875 0.079167
0 0.729688 0.646250 0.073125 0.085833
0 0.202500 0.246667 0.052500 0.113333
0 0.333125 0.931250 0.053750 0.119167
1 0.154688 0.276250 0.069375 0.152500
0 0.696562 0.643750 0.075625 0.097500
0 0.899062 0.831250 0.056875 0.089167
