0 0.072813 0.072083 0.073125 0.095833
2 0.783750 0.382917 0.115000 0.109167
0 0.226250 0.055833 0.062500 0.086667
0 0.417187 0.052083 0.074375 0.100833
0 0.557187 0.085833 0.056875 0.113333
0 0.641250 0.063750 0.071250 0.102500
0 0.715625 0.046667 0.066250 0.093333
0 0.415312 0.187500 0.075625 0.108333
0 0.476562 0.269167 0.075625 0.111667
0 0.632812 0.210000 0.063125 0.093333
0 0.565312 0.242917 0.073125 0.100833
0 0.681875 0.281250 0.061250 0.090833
0 0.420938 0.337917 0.076875 0.095833
0 0.468750 0.395833 0.070000 0.090000
0 0.545625 0.362083 0.072500 0.112500
0 0.951875 0.070417 0.067500 0.105833
0 0.879687 0.077083 0.076875 0.099167
0 0.834063 0.146667 0.084375 0.081667
0 0.932500 0.197083 0.067500 0.099167
0 0.957187 0.288333 0.075625 0.090000
0 0.950625 0.435000 0.091250 0.091667
0 0.935937 0.759583 0.075625 0.095833
0 0.716250 0.630417 0.072500 0.107500
0 0.866563 0.842917 0.076875 0.105833
0 0.878125 0.935000 0.066250 0.085000
0 0.761563 0.887083 0.078125 0.104167
0 0.645000 0.936667 0.066250 0.091667
0 0.592500 0.706250 0.070000 0.100833
0 0.546250 0.628333 0.080000 0.096667
0 0.378437 0.543333 0.074375 0.108333
0 0.304063 0.502500 0.069375 0.095000
0 0.232813 0.467917 0.075625 0.099167
0 0.076875 0.625000 0.067500 0.083333
0 0.165313 0.610417 0.080625 0.102500
0 0.061875 0.710833 0.080000 0.088333
0 0.260937 0.641667 0.074375 0.095000
0 0.415938 0.674583 0.081875 0.095833
0 0.140000 0.732917 0.076250 0.100833
0 0.174375 0.752917 0.067500 0.099167
0 0.142500 0.828750 0.087500 0.095833
0 0.231875 0.805417 0.086250 0.097500
0 0.221250 0.840417 0.070000 0.094167
0 0.343750 0.781250 0.081250 0.097500
0 0.314063 0.837500 0.080625 0.091667
0 0.369063 0.920000 0.074375 0.093333
0 0.460938 0.824583 0.075625 0.094167
0 0.544063 0.851250 0.075625 0.102500
0 0.477187 0.931667 0.066875 0.088333
