0 0.701562 0.259167 0.084375 0.101667
0 0.456562 0.721250 0.075625 0.099167
0 0.597500 0.192500 0.077500 0.103333
0 0.770000 0.209583 0.072500 0.099167
0 0.638437 0.055000 0.063125 0.076667
0 0.779062 0.485833 0.069375 0.080000
0 0.906875 0.314583 0.073750 0.102500
0 0.293750 0.285417 0.073750 0.087500
0 0.338750 0.843750 0.075000 0.095833
0 0.066250 0.617500 0.071250 0.090000
0 0.067812 0.487917 0.079375 0.097500
0 0.944688 0.640417 0.080625 0.097500
0 0.382188 0.190417 0.073125 0.092500
0 0.822812 0.067917 0.074375 0.099167
0 0.729688 0.131667 0.083125 0.083333
0 0.516875 0.809167 0.086250 0.106667
0 0.452500 0.585833 0.071250 0.091667
0 0.051562 0.772500 0.064375 0.093333
0 0.771875 0.335417 0.067500 0.105833
0 0.553750 0.098333 0.073750 0.105000
0 0.860938 0.087083 0.076875 0.092500
0 0.549375 0.297917 0.075000 0.102500
0 0.077188 0.134167 0.069375 0.095000
0 0.165937 0.739167 0.076875 0.096667
0 0.432188 0.358333 0.070625 0.085000
0 0.770000 0.832917 0.066250 0.102500
0 0.828438 0.302083 0.075625 0.105833
0 0.278750 0.128750 0.065000 0.092500
0 0.256563 0.371667 0.071875 0.090000
0 0.406875 0.824167 0.068750 0.091667
0 0.496563 0.320000 0.068125 0.101667
0 0.783438 0.061667 0.074375 0.103333
0 0.650937 0.922500 0.070625 0.091667
0 0.341250 0.744583 0.082500 0.089167
0 0.163750 0.411667 0.072500 0.098333
0 0.191250 0.162083 0.066250 0.085833
0 0.553750 0.951250 0.065000 0.097500
0 0.290312 0.606667 0.069375 0.083333
0 0.339062 0.186250 0.074375 0.094167
0 0.597500 0.595000 0.061250 0.106667
0 0.479687 0.081250 0.066875 0.104167
0 0.820000 0.588333 0.067500 0.091667
0 0.929375 0.486250 0.071250 0.079167
0 0.877188 0.791667 0.064375 0.096667
2 0.532813 0.613750 0.086875 0.122500
0 0.269375 0.933750 0.056250 0.110833
0 0.967812 0.732083 0.064375 0.099167
0 0.934375 0.352917 0.070000 0.089167
0 0.305312 0.511250 0.066875 0.090833
0 0.731563 0.554583 0.078125 0.104167
0 0.824688 0.790833 0.055625 0.100000
0 0.281875 0.071250 0.063750 0.112500
3 0.608437 0.336667 0.096875 0.130000
0 0.890312 0.416667 0.076875 0.085000
0 0.145937 0.235000 0.085625 0.088333
0 0.335313 0.432917 0.071875 0.074167
0 0.518125 0.700833 0.062500 0.106667
0 0.184688 0.421250 0.065625 0.100833
0 0.465000 0.102917 0.071250 0.092500
0 0.285625 0.469167 0.072500 0.096667
0 0.662500 0.179167 0.065000 0.083333
2 0.737812 0.787917 0.124375 0.112500
0 0.700313 0.864583 0.061875 0.070833
