0 0.809375 0.122917 0.068750 0.090833
0 0.750625 0.226667 0.063750 0.090000
0 0.860938 0.564583 0.066875 0.100833
0 0.743125 0.747500 0.062500 0.108333
0 0.301250 0.817917 0.068750 0.090833
0 0.149688 0.773750 0.061875 0.095833
0 0.903438 0.326667 0.063125 0.098333
0 0.181250 0.912083 0.066250 0.105833
0 0.226875 0.712500 0.067500 0.096667
0 0.488438 0.832500 0.063125 0.098333
0 0.644687 0.551667 0.075625 0.113333
6 0.395000 0.906667 0.072500 0.106667
0 0.743125 0.925833 0.068750 0.108333
0 0.065625 0.689167 0.065000 0.090000
0 0.079687 0.791667 0.074375 0.111667
0 0.957187 0.149583 0.066875 0.130833
0 0.380000 0.571250 0.056250 0.100833
0 0.958750 0.785000 0.073750 0.093333
0 0.635938 0.372083 0.071875 0.109167
0 0.794687 0.782083 0.060625 0.104167
0 0.436250 0.160417 0.072500 0.105833
0 0.492812 0.167500 0.061875 0.120000
0 0.287187 0.393750 0.073125 0.090833
0 0.861875 0.828333 0.053750 0.136667
0 0.431250 0.225833 0.062500 0.110000
