0 0.293750 0.313750 0.083750 0.097500
0 0.818750 0.108750 0.076250 0.112500
0 0.903125 0.610833 0.063750 0.093333
0 0.599688 0.293750 0.078125 0.107500
0 0.893437 0.148750 0.078125 0.100833
0 0.901250 0.777083 0.081250 0.102500
0 0.455937 0.943750 0.073125 0.099167
0 0.366563 0.867500 0.074375 0.096667
0 0.910000 0.240833 0.076250 0.101667
0 0.929688 0.406667 0.074375 0.090000
0 0.553750 0.536667 0.080000 0.095000
0 0.739688 0.895000 0.070625 0.098333
0 0.113437 0.905417 0.066875 0.090833
0 0.435625 0.820833 0.072500 0.105000
0 0.578125 0.114167 0.081250 0.100000
0 0.543750 0.277083 0.077500 0.104167
0 0.220312 0.130000 0.089375 0.096667
0 0.617812 0.720417 0.063125 0.085833
0 0.439063 0.517917 0.083125 0.099167
0 0.750313 0.201250 0.076875 0.097500
0 0.057813 0.745833 0.070625 0.096667
0 0.647188 0.812083 0.076875 0.100833
0 0.275313 0.054167 0.078125 0.095000
0 0.538750 0.637917 0.067500 0.087500
0 0.640312 0.420000 0.068125 0.085000
0 0.546562 0.058750 0.080625 0.110833
0 0.479687 0.672500 0.073125 0.106667
0 0.235313 0.871250 0.079375 0.092500
3 0.858437 0.695417 0.089375 0.120833
0 0.163438 0.725417 0.073125 0.094167
0 0.784062 0.789167 0.069375 0.085000
0 0.909687 0.510000 0.079375 0.101667
0 0.118125 0.071667 0.070000 0.100000
0 0.793125 0.546250 0.066250 0.097500
0 0.873437 0.489583 0.074375 0.100833
0 0.339375 0.162917 0.083750 0.094167
0 0.710938 0.578333 0.063125 0.105000
0 0.751875 0.683750 0.076250 0.114167
0 0.251875 0.571667 0.103750 0.075000
0 0.812187 0.836667 0.060625 0.100000
