0 0.366250 0.672083 0.072500 0.087500
0 0.153125 0.129167 0.067500 0.090000
0 0.395937 0.525833 0.066875 0.090000
0 0.869375 0.183750 0.060000 0.084167
0 0.910937 0.902083 0.054375 0.075833
0 0.572812 0.888750 0.066875 0.109167
0 0.912500 0.737083 0.060000 0.074167
0 0.099062 0.283750 0.068125 0.075833
0 0.600000 0.659167 0.065000 0.093333
0 0.806562 0.466250 0.063125 0.084167
0 0.960313 0.454583 0.069375 0.095833
0 0.854062 0.400833 0.070625 0.085000
0 0.734062 0.150000 0.063125 0.088333
0 0.688750 0.530000 0.060000 0.088333
0 0.278438 0.306667 0.071875 0.088333
0 0.300000 0.057500 0.061250 0.091667
0 0.528750 0.584583 0.062500 0.082500
0 0.738125 0.375417 0.071250 0.074167
0 0.405313 0.883333 0.061875 0.075000
0 0.888750 0.552500 0.072500 0.078333
0 0.445000 0.490833 0.057500 0.081667
0 0.793438 0.127917 0.064375 0.092500
0 0.659062 0.767083 0.059375 0.089167
0 0.331250 0.289583 0.057500 0.080833
0 0.754375 0.828333 0.071250 0.098333
3 0.187188 0.394167 0.086875 0.118333
0 0.600938 0.457083 0.066875 0.080833
0 0.848125 0.322500 0.065000 0.070000
0 0.661875 0.672500 0.066250 0.086667
1 0.213750 0.711250 0.086250 0.094167
0 0.500938 0.263333 0.068125 0.086667
0 0.332500 0.142500 0.062500 0.066667
0 0.477500 0.625833 0.066250 0.091667
0 0.963437 0.871667 0.058125 0.080000
0 0.612500 0.570833 0.055000 0.073333
0 0.245000 0.057083 0.048750 0.069167
0 0.465938 0.102500 0.063125 0.078333
0 0.043437 0.495417 0.068125 0.067500
0 0.516875 0.755000 0.070000 0.088333
0 0.606875 0.796667 0.056250 0.078333
3 0.104688 0.661250 0.085625 0.104167
0 0.689063 0.700000 0.066875 0.091667
0 0.509375 0.818750 0.060000 0.089167
0 0.033125 0.120417 0.065000 0.085833
0 0.369063 0.942083 0.065625 0.079167
0 0.916875 0.672500 0.063750 0.068333
0 0.634375 0.497917 0.058750 0.082500
0 0.304063 0.665000 0.058125 0.093333
0 0.255000 0.625000 0.058750 0.081667
0 0.357500 0.201667 0.055000 0.090000
0 0.165313 0.950000 0.058125 0.080000
0 0.502500 0.400000 0.055000 0.080000
0 0.882812 0.628750 0.059375 0.067500
0 0.433437 0.935833 0.054375 0.071667
0 0.093125 0.902917 0.070000 0.097500
0 0.813750 0.875000 0.073750 0.075000
0 0.273438 0.777083 0.065625 0.080833
0 0.252188 0.164167 0.056875 0.068333
0 0.155312 0.040417 0.065625 0.077500
0 0.046250 0.423750 0.055000 0.084167
1 0.489375 0.497083 0.070000 0.102500
0 0.028438 0.700000 0.055625 0.080000
0 0.172187 0.784167 0.064375 0.081667
0 0.758750 0.298333 0.090000 0.101667
0 0.070625 0.734583 0.062500 0.074167
0 0.137187 0.922500 0.053125 0.095000
1 0.590000 0.139583 0.075000 0.129167
0 0.556562 0.107500 0.050625 0.090000
0 0.498750 0.176667 0.056250 0.123333
0 0.495937 0.963333 0.066875 0.073333
0 0.132500 0.750833 0.068750 0.103333
0 0.029063 0.867917 0.058125 0.084167
0 0.787188 0.964167 0.071875 0.071667
0 0.850938 0.958750 0.059375 0.079167
