0 0.795937 0.537917 0.078125 0.097500
0 0.238437 0.335833 0.061875 0.088333
0 0.453437 0.069167 0.063125 0.096667
0 0.317500 0.907917 0.071250 0.099167
0 0.901563 0.387500 0.071875 0.103333
0 0.696875 0.169583 0.071250 0.107500
0 0.400938 0.759167 0.066875 0.093333
0 0.664062 0.882917 0.071875 0.100833
0 0.614375 0.692083 0.062500 0.089167
0 0.460000 0.507083 0.066250 0.089167
0 0.310937 0.129583 0.065625 0.087500
0 0.589063 0.792083 0.061875 0.084167
0 0.843437 0.272500 0.078125 0.110000
0 0.136875 0.312500 0.060000 0.085000
0 0.956875 0.257917 0.065000 0.090833
0 0.858437 0.156667 0.068125 0.086667
0 0.523750 0.886250 0.065000 0.089167
0 0.703125 0.778333 0.072500 0.088333
0 0.945937 0.827083 0.073125 0.090833
0 0.540312 0.388750 0.073125 0.099167
0 0.280313 0.630417 0.069375 0.084167
0 0.510938 0.294167 0.068125 0.090000
0 0.875625 0.714583 0.073750 0.089167
0 0.830313 0.642917 0.059375 0.079167
0 0.089375 0.671250 0.070000 0.099167
0 0.090938 0.075833 0.060625 0.080000
0 0.570312 0.075833 0.066875 0.093333
0 0.949688 0.454583 0.066875 0.084167
0 0.058750 0.312917 0.067500 0.089167
0 0.753125 0.286250 0.070000 0.092500
0 0.136875 0.155833 0.071250 0.103333
0 0.224375 0.217500 0.053750 0.068333
0 0.895000 0.799583 0.062500 0.079167
0 0.813125 0.795833 0.071250 0.108333
0 0.168125 0.680833 0.058750 0.080000
0 0.594063 0.262083 0.068125 0.087500
0 0.185938 0.115833 0.069375 0.096667
0 0.338438 0.798750 0.064375 0.090833
0 0.123438 0.896250 0.063125 0.094167
0 0.054688 0.601667 0.074375 0.100000
0 0.168750 0.426667 0.067500 0.081667
0 0.396562 0.569583 0.075625 0.110833
0 0.161250 0.782917 0.088750 0.100833
0 0.377188 0.514167 0.064375 0.093333
0 0.069687 0.437083 0.069375 0.105833
0 0.799687 0.857500 0.059375 0.085000
0 0.441875 0.246667 0.056250 0.081667
0 0.738750 0.350000 0.067500 0.071667
0 0.574063 0.156667 0.074375 0.080000
0 0.055313 0.167500 0.064375 0.071667
0 0.178125 0.578333 0.073750 0.085000
0 0.812187 0.396667 0.073125 0.105000
0 0.963437 0.547500 0.069375 0.073333
0 0.849063 0.928750 0.068125 0.080833
0 0.759062 0.094583 0.070625 0.095833
0 0.490000 0.213333 0.080000 0.093333
0 0.208125 0.473750 0.083750 0.075833
0 0.100312 0.776250 0.074375 0.070833
0 0.196875 0.632500 0.070000 0.063333
0 0.196250 0.940833 0.078750 0.095000
0 0.901250 0.050833 0.058750 0.101667
0 0.610625 0.172500 0.073750 0.098333
0 0.521563 0.186250 0.070625 0.074167
0 0.931250 0.941250 0.063750 0.087500
1 0.542188 0.511667 0.093125 0.130000
0 0.042813 0.212500 0.068125 0.078333
