0 0.614062 0.263333 0.060625 0.083333
0 0.848750 0.232083 0.061250 0.084167
0 0.469062 0.091667 0.064375 0.080000
0 0.258750 0.641667 0.055000 0.078333
0 0.690937 0.546250 0.064375 0.087500
0 0.132812 0.080000 0.068125 0.078333
0 0.517188 0.410833 0.069375 0.095000
0 0.482187 0.713750 0.068125 0.090833
0 0.272188 0.732083 0.063125 0.090833
0 0.223438 0.598750 0.053125 0.067500
0 0.235937 0.511667 0.070625 0.068333
0 0.370312 0.218333 0.074375 0.091667
0 0.411875 0.291667 0.056250 0.073333
0 0.259688 0.297500 0.055625 0.083333
0 0.295312 0.849583 0.061875 0.094167
0 0.846875 0.937917 0.077500 0.089167
0 0.894375 0.866667 0.063750 0.078333
0 0.479375 0.332500 0.071250 0.080000
0 0.682813 0.103333 0.068125 0.078333
0 0.344062 0.579167 0.064375 0.105000
0 0.725938 0.312083 0.078125 0.092500
0 0.761875 0.851667 0.081250 0.108333
0 0.771875 0.396667 0.076250 0.090000
0 0.526875 0.178333 0.065000 0.086667
0 0.941250 0.545417 0.058750 0.104167
0 0.101562 0.188750 0.064375 0.085833
0 0.842812 0.072917 0.068125 0.095833
0 0.492500 0.884167 0.071250 0.093333
0 0.170313 0.292917 0.063125 0.090833
0 0.627188 0.430417 0.066875 0.087500
0 0.464687 0.782500 0.065625 0.100000
0 0.120313 0.554167 0.074375 0.075000
0 0.222812 0.410000 0.071875 0.088333
0 0.832187 0.494167 0.063125 0.078333
0 0.882812 0.186250 0.068125 0.087500
0 0.236563 0.066667 0.064375 0.080000
0 0.907188 0.638333 0.065625 0.091667
0 0.495937 0.241667 0.085625 0.086667
0 0.871250 0.561667 0.060000 0.091667
0 0.575625 0.465417 0.060000 0.089167
0 0.855625 0.670833 0.048750 0.076667
0 0.239375 0.380833 0.073750 0.098333
0 0.941875 0.830833 0.062500 0.081667
0 0.151250 0.537917 0.061250 0.089167
0 0.158438 0.373333 0.060625 0.080000
0 0.342187 0.639583 0.064375 0.092500
0 0.893437 0.735417 0.069375 0.089167
4 0.285938 0.074583 0.090625 0.107500
0 0.427500 0.591667 0.071250 0.086667
0 0.231250 0.952083 0.066250 0.089167
0 0.102813 0.375417 0.059375 0.074167
0 0.052187 0.840417 0.066875 0.084167
0 0.385937 0.571250 0.068125 0.094167
1 0.502812 0.617083 0.111875 0.114167
3 0.790000 0.202500 0.061250 0.126667
0 0.074688 0.126250 0.064375 0.092500
0 0.100312 0.945417 0.078125 0.084167
0 0.755625 0.461250 0.077500 0.089167
0 0.852812 0.769583 0.071875 0.090833
0 0.971250 0.913750 0.057500 0.077500
0 0.830937 0.152500 0.044375 0.080000
0 0.795312 0.512500 0.064375 0.091667
