0 0.453125 0.590833 0.067500 0.100000
0 0.338438 0.106250 0.060625 0.079167
0 0.892813 0.059167 0.068125 0.093333
0 0.194688 0.412083 0.066875 0.090833
0 0.917188 0.221250 0.073125 0.095833
0 0.115625 0.190417 0.065000 0.087500
0 0.845000 0.274583 0.071250 0.097500
0 0.439688 0.924583 0.058125 0.080833
0 0.502812 0.790000 0.070625 0.101667
0 0.587812 0.203333 0.070625 0.095000
0 0.798438 0.128333 0.060625 0.083333
0 0.400938 0.764167 0.061875 0.086667
0 0.259062 0.595833 0.064375 0.086667
0 0.347500 0.675000 0.060000 0.081667
0 0.501250 0.520000 0.063750 0.081667
0 0.670000 0.884583 0.063750 0.092500
0 0.734688 0.534583 0.063125 0.087500
0 0.287813 0.845417 0.070625 0.092500
0 0.297500 0.735833 0.068750 0.100000
0 0.371563 0.576667 0.068125 0.091667
0 0.160312 0.067500 0.076875 0.115000
0 0.843750 0.375000 0.068750 0.078333
0 0.183125 0.693750 0.071250 0.092500
0 0.516250 0.665000 0.071250 0.098333
0 0.872812 0.716250 0.061875 0.079167
0 0.738437 0.412083 0.068125 0.095833
0 0.916250 0.439583 0.073750 0.092500
0 0.755313 0.926667 0.056875 0.078333
0 0.714375 0.111667 0.070000 0.098333
0 0.443437 0.187083 0.063125 0.092500
0 0.117188 0.539167 0.088125 0.101667
0 0.508437 0.255000 0.068125 0.085000
0 0.555312 0.294583 0.078125 0.094167
0 0.586875 0.716250 0.078750 0.109167
0 0.776563 0.821667 0.066875 0.093333
0 0.840938 0.904167 0.055625 0.100000
0 0.634687 0.124583 0.066875 0.080833
0 0.898750 0.795417 0.051250 0.074167
0 0.960313 0.421667 0.073125 0.098333
0 0.760312 0.780000 0.065625 0.096667
0 0.443437 0.311667 0.059375 0.086667
0 0.164062 0.280000 0.065625 0.093333
0 0.160938 0.807500 0.091875 0.101667
0 0.894375 0.877083 0.057500 0.074167
0 0.180625 0.236250 0.068750 0.100833
0 0.659062 0.152083 0.070625 0.092500
1 0.446250 0.439167 0.090000 0.138333
0 0.024375 0.924167 0.042500 0.080000
