0 0.634687 0.331250 0.073125 0.100833
0 0.233125 0.238333 0.066250 0.105000
0 0.250312 0.352500 0.084375 0.105000
0 0.396250 0.852083 0.070000 0.110833
0 0.624062 0.757083 0.071875 0.099167
0 0.870313 0.452083 0.076875 0.104167
0 0.063125 0.055833 0.071250 0.098333
0 0.693125 0.897500 0.080000 0.110000
0 0.045625 0.728750 0.070000 0.094167
0 0.133750 0.757500 0.073750 0.101667
0 0.836562 0.174167 0.076875 0.105000
0 0.710625 0.717083 0.068750 0.087500
4 0.840938 0.712083 0.071875 0.095833
0 0.125625 0.267083 0.075000 0.097500
0 0.273125 0.670417 0.070000 0.115833
0 0.894687 0.551667 0.073125 0.095000
0 0.295625 0.455417 0.075000 0.115833
0 0.950313 0.491667 0.076875 0.095000
0 0.637500 0.639167 0.075000 0.120000
0 0.403125 0.422917 0.085000 0.094167
0 0.528438 0.850417 0.065625 0.095833
0 0.349062 0.554583 0.065625 0.114167
0 0.945937 0.793333 0.065625 0.101667
0 0.908438 0.614167 0.083125 0.106667
0 0.872188 0.639583 0.068125 0.112500
