0 0.590938 0.485417 0.080625 0.094167
0 0.426563 0.062083 0.081875 0.097500
0 0.078750 0.108333 0.080000 0.101667
0 0.611563 0.230000 0.068125 0.075000
0 0.515938 0.480833 0.076875 0.093333
0 0.256250 0.257083 0.073750 0.095833
0 0.864688 0.565417 0.069375 0.100833
0 0.181250 0.532500 0.078750 0.106667
0 0.769375 0.425833 0.078750 0.100000
0 0.427812 0.766667 0.074375 0.098333
0 0.671562 0.945417 0.074375 0.107500
0 0.593437 0.337917 0.068125 0.085833
0 0.466250 0.338333 0.078750 0.101667
0 0.764687 0.284167 0.079375 0.096667
0 0.640312 0.617500 0.070625 0.098333
0 0.392188 0.387917 0.083125 0.100833
0 0.891250 0.880417 0.071250 0.097500
0 0.424375 0.622083 0.078750 0.104167
0 0.297812 0.153333 0.066875 0.108333
0 0.249688 0.727500 0.075625 0.090000
0 0.696250 0.054583 0.065000 0.094167
0 0.361563 0.195417 0.065625 0.094167
0 0.937187 0.819583 0.074375 0.090833
0 0.953438 0.105417 0.075625 0.094167
0 0.313437 0.634167 0.064375 0.128333
0 0.265937 0.808333 0.079375 0.093333
0 0.909375 0.730417 0.071250 0.109167
0 0.441250 0.473750 0.073750 0.110833
0 0.575000 0.616250 0.067500 0.100833
0 0.801875 0.923333 0.081250 0.098333
0 0.273750 0.081667 0.076250 0.101667
0 0.235313 0.920833 0.076875 0.093333
0 0.323125 0.925833 0.060000 0.095000
0 0.761250 0.586250 0.075000 0.109167
0 0.924375 0.375000 0.068750 0.095000
0 0.086563 0.746667 0.075625 0.093333
0 0.825625 0.140833 0.078750 0.075000
0 0.506250 0.112500 0.082500 0.100000
0 0.933438 0.948750 0.074375 0.099167
0 0.116250 0.484167 0.065000 0.093333
0 0.156875 0.667500 0.068750 0.091667
0 0.692500 0.800417 0.078750 0.095833
0 0.393750 0.512917 0.063750 0.085833
0 0.374375 0.752500 0.078750 0.098333
0 0.647500 0.725000 0.081250 0.090000
0 0.243750 0.657500 0.075000 0.100000
0 0.743750 0.600000 0.063750 0.095000
0 0.938438 0.579583 0.074375 0.102500
0 0.059375 0.926667 0.071250 0.098333
0 0.614062 0.525417 0.079375 0.097500
0 0.810625 0.054167 0.065000 0.093333
0 0.495000 0.162917 0.075000 0.099167
0 0.727500 0.697500 0.075000 0.113333
0 0.846250 0.304167 0.083750 0.095000
0 0.653750 0.143750 0.068750 0.094167
0 0.639062 0.775417 0.063125 0.097500
0 0.347813 0.077500 0.074375 0.090000
0 0.514375 0.625833 0.058750 0.115000
0 0.400000 0.874583 0.056250 0.097500
0 0.472500 0.572500 0.071250 0.093333
0 0.940937 0.439583 0.069375 0.097500
0 0.121563 0.844167 0.071875 0.091667
0 0.941562 0.060417 0.070625 0.100833
0 0.177500 0.378750 0.068750 0.095833
0 0.354687 0.843333 0.078125 0.096667
0 0.214375 0.901250 0.080000 0.080833
0 0.355312 0.633750 0.076875 0.112500
0 0.677813 0.567083 0.061875 0.112500
1 0.820312 0.218750 0.096875 0.105833
0 0.372188 0.697917 0.071875 0.074167
0 0.621875 0.133750 0.075000 0.092500
0 0.929375 0.654583 0.076250 0.105833
3 0.298750 0.365417 0.093750 0.137500
0 0.869687 0.669583 0.066875 0.067500
0 0.149062 0.879167 0.074375 0.098333
0 0.088750 0.771250 0.071250 0.112500
0 0.252812 0.536667 0.056875 0.106667
0 0.898438 0.801250 0.073125 0.105833
0 0.285313 0.560833 0.046875 0.106667
0 0.968750 0.495000 0.055000 0.095000
0 0.175000 0.353750 0.073750 0.097500
0 0.129062 0.882083 0.066875 0.097500
