0 0.440312 0.505833 0.065625 0.086667
0 0.211562 0.592083 0.059375 0.090833
0 0.215312 0.764167 0.074375 0.096667
0 0.360000 0.791667 0.060000 0.096667
0 0.312500 0.500833 0.068750 0.103333
0 0.105938 0.700417 0.070625 0.104167
0 0.618750 0.245417 0.081250 0.085833
0 0.756563 0.893333 0.076875 0.093333
0 0.461250 0.926667 0.081250 0.085000
0 0.711250 0.339583 0.077500 0.105833
1 0.370625 0.330833 0.092500 0.095000
0 0.140625 0.349583 0.062500 0.090833
0 0.608437 0.477917 0.081875 0.089167
0 0.466875 0.415000 0.065000 0.105000
0 0.499688 0.689583 0.070625 0.090833
0 0.127812 0.075833 0.068125 0.085000
0 0.273125 0.905000 0.063750 0.091667
0 0.575000 0.082917 0.063750 0.109167
0 0.323125 0.111250 0.063750 0.090833
4 0.457813 0.849167 0.081875 0.088333
0 0.919063 0.693750 0.068125 0.104167
0 0.065312 0.217500 0.063125 0.083333
0 0.649687 0.182500 0.074375 0.093333
0 0.670625 0.638333 0.071250 0.100000
0 0.383750 0.124583 0.061250 0.105833
0 0.101875 0.558750 0.068750 0.092500
0 0.580313 0.642500 0.080625 0.080000
0 0.215000 0.285833 0.066250 0.101667
0 0.302812 0.618750 0.074375 0.107500
0 0.113437 0.300417 0.058125 0.082500
0 0.087813 0.899167 0.078125 0.093333
0 0.223125 0.500833 0.058750 0.085000
0 0.393437 0.412917 0.083125 0.079167
0 0.915000 0.796250 0.082500 0.087500
0 0.031563 0.913750 0.060625 0.079167
0 0.842187 0.539167 0.074375 0.110000
0 0.848750 0.643333 0.088750 0.098333
0 0.789687 0.463750 0.069375 0.100833
0 0.809375 0.789167 0.093750 0.086667
0 0.147187 0.503333 0.081875 0.096667
