0 0.388750 0.658333 0.080000 0.103333
0 0.768125 0.633333 0.081250 0.106667
0 0.800312 0.730833 0.079375 0.100000
0 0.533438 0.810417 0.094375 0.097500
0 0.473125 0.340000 0.077500 0.086667
0 0.110312 0.106667 0.084375 0.115000
0 0.217812 0.893333 0.080625 0.103333
0 0.110937 0.307917 0.080625 0.105833
0 0.518437 0.556667 0.079375 0.101667
1 0.684063 0.776667 0.096875 0.121667
0 0.912188 0.413333 0.076875 0.110000
0 0.634687 0.350417 0.068125 0.087500
0 0.252500 0.604583 0.085000 0.095833
0 0.069687 0.514583 0.069375 0.095833
0 0.388750 0.122083 0.075000 0.092500
0 0.097812 0.783333 0.085625 0.103333
0 0.382188 0.205417 0.080625 0.097500
0 0.520938 0.270833 0.081875 0.090000
0 0.370000 0.423750 0.090000 0.095833
0 0.611563 0.879167 0.076875 0.096667
0 0.055313 0.405000 0.078125 0.123333
1 0.515625 0.412917 0.092500 0.114167
0 0.790625 0.428333 0.076250 0.108333
0 0.769062 0.955417 0.074375 0.087500
0 0.920312 0.214167 0.071875 0.135000
0 0.627500 0.130833 0.078750 0.106667
0 0.434375 0.460000 0.076250 0.110000
2 0.266562 0.316250 0.098125 0.139167
0 0.740313 0.241250 0.074375 0.124167
0 0.609062 0.572917 0.089375 0.107500
0 0.328437 0.322917 0.055625 0.114167
0 0.362812 0.545000 0.093125 0.108333
1 0.553125 0.170000 0.097500 0.125000
0 0.100937 0.877083 0.089375 0.092500
0 0.578750 0.089583 0.090000 0.084167
0 0.787813 0.100000 0.091875 0.103333
0 0.268437 0.694167 0.095625 0.095000
0 0.853750 0.408750 0.072500 0.124167
0 0.468750 0.059583 0.087500 0.104167
0 0.879062 0.954167 0.089375 0.091667
0 0.344375 0.816667 0.072500 0.096667
0 0.288125 0.831250 0.087500 0.097500
0 0.266562 0.514583 0.069375 0.100833
