0 0.410313 0.082917 0.071875 0.090833
0 0.343125 0.500000 0.063750 0.083333
0 0.082187 0.494583 0.075625 0.087500
0 0.211250 0.057083 0.067500 0.084167
0 0.418750 0.255417 0.058750 0.077500
0 0.601875 0.472083 0.076250 0.075833
0 0.365625 0.662917 0.080000 0.090833
0 0.254063 0.617083 0.063125 0.105833
0 0.736875 0.247917 0.077500 0.097500
0 0.236250 0.819583 0.057500 0.085833
0 0.781563 0.162500 0.073125 0.098333
0 0.661250 0.658333 0.058750 0.101667
0 0.902500 0.520417 0.075000 0.094167
0 0.575000 0.386250 0.060000 0.102500
0 0.655625 0.879167 0.071250 0.078333
0 0.079062 0.210417 0.066875 0.107500
0 0.151250 0.778333 0.055000 0.090000
0 0.405313 0.796667 0.059375 0.100000
0 0.391875 0.913750 0.075000 0.099167
0 0.388125 0.372917 0.070000 0.097500
0 0.824063 0.464167 0.078125 0.095000
0 0.917500 0.305000 0.060000 0.103333
0 0.366563 0.576250 0.071875 0.092500
0 0.580625 0.071667 0.058750 0.090000
0 0.490000 0.479167 0.070000 0.086667
0 0.720625 0.767500 0.066250 0.105000
0 0.444063 0.462917 0.058125 0.085833
0 0.220625 0.912083 0.073750 0.084167
0 0.757500 0.433750 0.065000 0.089167
0 0.460000 0.314167 0.062500 0.085000
0 0.080312 0.725000 0.068125 0.093333
0 0.187812 0.625417 0.069375 0.089167
0 0.714063 0.098750 0.055625 0.087500
0 0.353125 0.805833 0.053750 0.125000
0 0.272188 0.347500 0.063125 0.085000
0 0.099687 0.622500 0.073125 0.090000
0 0.609688 0.752083 0.075625 0.097500
0 0.160938 0.408333 0.054375 0.101667
0 0.325313 0.411250 0.076875 0.084167
0 0.070312 0.335833 0.065625 0.093333
0 0.614375 0.139583 0.072500 0.094167
0 0.942813 0.905833 0.065625 0.101667
0 0.160000 0.198750 0.068750 0.095833
0 0.534687 0.594583 0.074375 0.104167
0 0.457500 0.578333 0.070000 0.098333
0 0.735938 0.070417 0.066875 0.079167
0 0.524062 0.236667 0.090625 0.096667
0 0.214688 0.440000 0.056875 0.106667
0 0.660312 0.363333 0.069375 0.118333
0 0.294063 0.259583 0.056875 0.105833
0 0.217188 0.239167 0.071875 0.098333
0 0.236875 0.324583 0.065000 0.094167
0 0.898750 0.903333 0.041250 0.103333
0 0.618750 0.561250 0.065000 0.095833
0 0.298750 0.825833 0.070000 0.078333
0 0.184688 0.391667 0.043125 0.101667
0 0.468750 0.384167 0.056250 0.085000
0 0.486563 0.672500 0.058125 0.088333
0 0.840313 0.597083 0.079375 0.099167
0 0.774687 0.772917 0.059375 0.102500
0 0.144687 0.156667 0.081875 0.091667
0 0.329375 0.882917 0.066250 0.089167
0 0.278125 0.875417 0.052500 0.102500
0 0.790000 0.729583 0.046250 0.122500
0 0.910937 0.431250 0.079375 0.087500
0 0.925312 0.837500 0.075625 0.078333
0 0.419375 0.403750 0.072500 0.090833
