0 0.904687 0.595000 0.068125 0.086667
0 0.126875 0.095417 0.068750 0.089167
0 0.405938 0.365417 0.064375 0.090833
0 0.258437 0.057500 0.066875 0.091667
0 0.333750 0.542083 0.071250 0.085833
0 0.800312 0.232917 0.074375 0.089167
0 0.108750 0.534583 0.072500 0.100833
0 0.557813 0.214583 0.071875 0.092500
0 0.469375 0.400417 0.075000 0.099167
0 0.626250 0.542083 0.080000 0.094167
0 0.874062 0.064167 0.074375 0.096667
0 0.853125 0.440000 0.087500 0.086667
0 0.466562 0.542083 0.076875 0.087500
0 0.892813 0.687083 0.088125 0.097500
0 0.660000 0.377917 0.085000 0.099167
0 0.296563 0.687083 0.085625 0.102500
0 0.156875 0.828333 0.067500 0.091667
0 0.416563 0.591667 0.078125 0.123333
0 0.059687 0.216250 0.074375 0.100833
0 0.306250 0.635417 0.076250 0.085833
0 0.920937 0.785000 0.083125 0.105000
3 0.187500 0.485833 0.091250 0.105000
0 0.137187 0.798750 0.076875 0.097500
