0 0.272188 0.758333 0.063125 0.086667
0 0.759375 0.131250 0.077500 0.109167
0 0.230625 0.282917 0.083750 0.105833
0 0.347813 0.078750 0.083125 0.099167
0 0.410938 0.486667 0.068125 0.071667
0 0.534062 0.635417 0.075625 0.104167
0 0.554688 0.471667 0.079375 0.113333
0 0.510312 0.547917 0.076875 0.095833
0 0.334062 0.719583 0.086875 0.105833
0 0.251250 0.181250 0.078750 0.104167
0 0.293438 0.487500 0.066875 0.093333
0 0.171250 0.103750 0.076250 0.107500
0 0.410625 0.770417 0.082500 0.095833
0 0.608125 0.327500 0.063750 0.098333
0 0.300938 0.614583 0.073125 0.095833
0 0.083437 0.662083 0.069375 0.087500
0 0.767500 0.770833 0.067500 0.088333
0 0.457500 0.655000 0.075000 0.095000
0 0.231250 0.832500 0.058750 0.081667
0 0.304688 0.845000 0.053125 0.078333
0 0.738125 0.343333 0.072500 0.101667
0 0.944063 0.539583 0.078125 0.099167
0 0.711250 0.836250 0.070000 0.095833
0 0.081250 0.803750 0.066250 0.092500
0 0.072500 0.468750 0.077500 0.107500
0 0.468438 0.077500 0.073125 0.093333
0 0.484375 0.382917 0.073750 0.095833
0 0.855625 0.436667 0.078750 0.103333
0 0.382500 0.175417 0.070000 0.105833
0 0.320000 0.219167 0.080000 0.100000
0 0.264375 0.908750 0.071250 0.090833
1 0.889375 0.230417 0.095000 0.077500
0 0.545000 0.371250 0.070000 0.097500
0 0.258750 0.359167 0.058750 0.071667
0 0.415312 0.618333 0.060625 0.091667
0 0.162188 0.259167 0.066875 0.110000
0 0.166250 0.781667 0.075000 0.093333
0 0.636250 0.839583 0.073750 0.097500
0 0.390625 0.101250 0.072500 0.089167
0 0.452813 0.284583 0.061875 0.079167
0 0.315625 0.346250 0.063750 0.085833
0 0.336562 0.552083 0.073125 0.094167
1 0.400625 0.891250 0.088750 0.099167
1 0.812187 0.294167 0.100625 0.096667
1 0.903750 0.799583 0.128750 0.072500
1 0.117188 0.630417 0.063125 0.087500
4 0.075000 0.566667 0.098750 0.103333
0 0.156250 0.812917 0.077500 0.095833
0 0.155312 0.879583 0.066875 0.087500
0 0.213125 0.945000 0.060000 0.075000
0 0.213125 0.183750 0.073750 0.089167
0 0.693125 0.067083 0.071250 0.087500
0 0.384375 0.281667 0.062500 0.081667
0 0.214375 0.417083 0.081250 0.095833
0 0.217500 0.483333 0.078750 0.078333
0 0.058125 0.422500 0.071250 0.085000
0 0.137500 0.435833 0.072500 0.066667
0 0.919063 0.393333 0.068125 0.098333
0 0.948438 0.306667 0.070625 0.093333
0 0.588750 0.912917 0.081250 0.092500
0 0.603437 0.952083 0.070625 0.082500
0 0.332188 0.324583 0.065625 0.092500
0 0.359687 0.863750 0.055625 0.090833
0 0.375625 0.582083 0.075000 0.084167
0 0.476562 0.789583 0.075625 0.099167
0 0.489687 0.839583 0.068125 0.079167
0 0.217812 0.040833 0.064375 0.080000
0 0.562187 0.737917 0.060625 0.095833
0 0.617188 0.745000 0.063125 0.096667
