0 0.189062 0.050000 0.081875 0.085000
0 0.116875 0.886667 0.075000 0.090000
0 0.242500 0.704583 0.073750 0.080833
0 0.125312 0.705417 0.079375 0.092500
0 0.775625 0.519167 0.073750 0.071667
0 0.245938 0.324583 0.078125 0.094167
0 0.863437 0.735417 0.100625 0.095833
0 0.748750 0.396667 0.077500 0.091667
0 0.198125 0.480833 0.068750 0.110000
0 0.645312 0.705417 0.071875 0.100833
0 0.264062 0.142917 0.094375 0.087500
0 0.395937 0.393750 0.079375 0.094167
0 0.948125 0.589583 0.088750 0.092500
0 0.361875 0.522083 0.098750 0.084167
0 0.585000 0.506250 0.082500 0.092500
0 0.654687 0.097083 0.084375 0.095833
0 0.809688 0.455417 0.081875 0.094167
0 0.725625 0.327917 0.103750 0.065833
0 0.050000 0.838750 0.097500 0.085833
6 0.485625 0.715833 0.086250 0.111667
0 0.487187 0.954167 0.085625 0.091667
