0 0.250625 0.452083 0.060000 0.077500
0 0.262188 0.587500 0.058125 0.078333
0 0.870313 0.260000 0.058125 0.085000
0 0.436250 0.297083 0.075000 0.087500
0 0.428438 0.177083 0.063125 0.089167
0 0.198437 0.295833 0.065625 0.095000
0 0.224062 0.634583 0.078125 0.079167
0 0.077500 0.301250 0.068750 0.095833
0 0.428750 0.860000 0.070000 0.108333
0 0.500000 0.675000 0.056250 0.073333
4 0.890625 0.364583 0.071250 0.094167
0 0.119063 0.452083 0.071875 0.099167
0 0.161562 0.558333 0.073125 0.098333
0 0.344687 0.518333 0.066875 0.081667
0 0.950313 0.657917 0.063125 0.092500
0 0.901875 0.612083 0.061250 0.082500
0 0.201563 0.822500 0.065625 0.095000
0 0.810000 0.407083 0.060000 0.084167
0 0.484063 0.544583 0.064375 0.082500
0 0.661563 0.827917 0.061875 0.077500
0 0.805625 0.112917 0.065000 0.075833
0 0.964063 0.555417 0.059375 0.087500
0 0.255000 0.886250 0.077500 0.105833
0 0.090938 0.938333 0.069375 0.078333
0 0.940625 0.157917 0.062500 0.077500
0 0.664687 0.179167 0.060625 0.090000
0 0.836250 0.953750 0.067500 0.087500
0 0.334062 0.368333 0.065625 0.090000
0 0.754062 0.742083 0.078125 0.079167
0 0.960938 0.272917 0.064375 0.087500
0 0.464687 0.752500 0.073125 0.091667
0 0.543125 0.622083 0.067500 0.087500
0 0.366250 0.847500 0.061250 0.085000
0 0.506563 0.396250 0.070625 0.089167
0 0.181250 0.136250 0.067500 0.084167
0 0.307812 0.268333 0.055625 0.080000
0 0.935000 0.224167 0.062500 0.075000
0 0.755313 0.914583 0.058125 0.084167
0 0.216562 0.712083 0.064375 0.080833
0 0.083437 0.790833 0.061875 0.078333
0 0.076563 0.859167 0.061875 0.075000
0 0.749687 0.355417 0.050625 0.087500
0 0.745000 0.460417 0.065000 0.095833
4 0.572187 0.895833 0.068125 0.090000
0 0.194688 0.203750 0.055625 0.072500
0 0.159062 0.751250 0.069375 0.067500
0 0.619687 0.038333 0.051875 0.075000
0 0.447500 0.363750 0.065000 0.092500
0 0.639687 0.449167 0.069375 0.098333
0 0.594688 0.844167 0.068125 0.080000
0 0.396250 0.117083 0.061250 0.075833
0 0.526250 0.880417 0.061250 0.069167
0 0.702812 0.882917 0.073125 0.099167
0 0.035625 0.169167 0.070000 0.088333
0 0.755625 0.832083 0.096250 0.072500
0 0.215625 0.791667 0.068750 0.080000
0 0.353438 0.299583 0.066875 0.082500
0 0.923125 0.806250 0.067500 0.082500
0 0.780625 0.502500 0.061250 0.091667
0 0.895000 0.766667 0.061250 0.081667
0 0.505625 0.499167 0.063750 0.075000
0 0.255312 0.281250 0.050625 0.100833
0 0.052500 0.933750 0.051250 0.095833
0 0.180625 0.112500 0.055000 0.100000
0 0.339062 0.395000 0.069375 0.086667
0 0.136563 0.042500 0.060625 0.076667
0 0.433437 0.697500 0.045625 0.085000
