0 0.840625 0.267500 0.068750 0.090000
0 0.106875 0.530833 0.072500 0.096667
0 0.727500 0.262083 0.071250 0.095833
0 0.928438 0.284167 0.080625 0.106667
0 0.061250 0.686667 0.073750 0.096667
0 0.573750 0.232083 0.065000 0.095833
0 0.548125 0.872083 0.061250 0.090833
0 0.578750 0.676250 0.072500 0.100833
0 0.717500 0.812083 0.055000 0.085833
0 0.879687 0.677083 0.074375 0.102500
0 0.604062 0.428750 0.070625 0.102500
0 0.355312 0.305000 0.060625 0.085000
0 0.327188 0.126250 0.068125 0.087500
0 0.047500 0.274583 0.060000 0.082500
0 0.921562 0.785417 0.070625 0.092500
0 0.210625 0.182917 0.076250 0.104167
0 0.622500 0.911250 0.078750 0.104167
0 0.480625 0.835000 0.068750 0.105000
0 0.802500 0.352500 0.066250 0.091667
0 0.779687 0.905000 0.071875 0.095000
0 0.447188 0.069167 0.073125 0.108333
0 0.441875 0.517083 0.070000 0.092500
0 0.647813 0.806667 0.066875 0.091667
0 0.640000 0.257500 0.078750 0.106667
0 0.944688 0.073750 0.073125 0.074167
0 0.224062 0.618333 0.064375 0.083333
0 0.744375 0.600000 0.076250 0.078333
0 0.347187 0.675833 0.060625 0.081667
0 0.411875 0.347083 0.060000 0.079167
0 0.762188 0.501250 0.089375 0.100833
0 0.442188 0.724583 0.073125 0.077500
0 0.723437 0.425417 0.079375 0.094167
0 0.504375 0.260833 0.078750 0.110000
0 0.385937 0.074167 0.061875 0.078333
0 0.384375 0.566667 0.070000 0.085000
0 0.448750 0.619167 0.072500 0.103333
0 0.158750 0.423333 0.071250 0.101667
0 0.830313 0.104583 0.070625 0.092500
0 0.160938 0.958750 0.058125 0.080833
0 0.710000 0.046250 0.067500 0.092500
0 0.417187 0.793333 0.060625 0.086667
0 0.035937 0.581250 0.068125 0.092500
0 0.335000 0.834583 0.071250 0.110833
0 0.597500 0.099583 0.083750 0.109167
0 0.960000 0.163333 0.077500 0.086667
0 0.357500 0.750417 0.072500 0.082500
0 0.747812 0.686667 0.085625 0.086667
0 0.115625 0.422083 0.071250 0.095833
0 0.829375 0.155417 0.075000 0.092500
0 0.660312 0.712500 0.075625 0.088333
0 0.426563 0.951667 0.070625 0.095000
1 0.590625 0.550000 0.092500 0.125000
