0 0.178437 0.885417 0.075625 0.097500
0 0.148125 0.090417 0.080000 0.109167
0 0.830000 0.855833 0.086250 0.113333
0 0.167187 0.792500 0.070625 0.096667
0 0.690937 0.227917 0.075625 0.087500
0 0.957187 0.474583 0.078125 0.100833
0 0.568125 0.885000 0.080000 0.113333
0 0.748437 0.408333 0.079375 0.085000
0 0.700313 0.092500 0.073125 0.111667
0 0.840938 0.082083 0.073125 0.109167
0 0.667188 0.363333 0.073125 0.093333
0 0.394062 0.110417 0.068125 0.095833
0 0.094062 0.185417 0.068125 0.099167
0 0.250625 0.116250 0.086250 0.102500
0 0.330313 0.462917 0.073125 0.099167
0 0.669063 0.553750 0.073125 0.090833
0 0.466875 0.802083 0.072500 0.097500
0 0.314688 0.824583 0.070625 0.102500
0 0.542500 0.137500 0.080000 0.103333
0 0.858750 0.954583 0.072500 0.090833
0 0.190938 0.458333 0.074375 0.093333
0 0.640312 0.463750 0.074375 0.102500
0 0.223750 0.640833 0.080000 0.100000
0 0.075000 0.527500 0.076250 0.098333
0 0.509062 0.707917 0.075625 0.094167
0 0.325000 0.116667 0.067500 0.096667
0 0.425312 0.227083 0.074375 0.105833
0 0.442812 0.056667 0.063125 0.076667
0 0.285313 0.333750 0.078125 0.099167
3 0.605938 0.283333 0.081875 0.120000
0 0.386875 0.305417 0.076250 0.102500
0 0.051250 0.050000 0.063750 0.088333
0 0.414687 0.481667 0.079375 0.105000
0 0.569688 0.764583 0.070625 0.092500
0 0.087813 0.624583 0.073125 0.090833
0 0.421875 0.869583 0.075000 0.090833
0 0.892813 0.373333 0.065625 0.098333
0 0.145625 0.357083 0.076250 0.102500
0 0.907813 0.599583 0.074375 0.105833
0 0.469687 0.915417 0.068125 0.100833
0 0.355312 0.661667 0.069375 0.096667
0 0.371875 0.928333 0.066250 0.090000
0 0.533750 0.617083 0.071250 0.095833
0 0.770625 0.050417 0.073750 0.100833
0 0.387500 0.763333 0.073750 0.106667
0 0.321562 0.672083 0.083125 0.107500
0 0.070625 0.385417 0.070000 0.095833
0 0.082812 0.199167 0.069375 0.091667
