0 0.040313 0.834167 0.074375 0.093333
0 0.427500 0.894583 0.081250 0.100833
0 0.682187 0.782083 0.076875 0.100833
0 0.659062 0.527083 0.078125 0.102500
0 0.190938 0.502500 0.071875 0.095000
0 0.957812 0.565417 0.071875 0.079167
0 0.789687 0.644167 0.075625 0.095000
0 0.398750 0.244583 0.066250 0.084167
0 0.446875 0.176667 0.075000 0.101667
0 0.253437 0.595833 0.076875 0.103333
0 0.341875 0.407083 0.068750 0.094167
0 0.655625 0.839167 0.068750 0.098333
0 0.762813 0.945000 0.081875 0.096667
0 0.291250 0.336667 0.083750 0.116667
0 0.837812 0.508750 0.079375 0.109167
0 0.433437 0.655000 0.078125 0.105000
0 0.642813 0.690833 0.084375 0.106667
0 0.364375 0.052083 0.070000 0.087500
0 0.564375 0.329583 0.075000 0.099167
0 0.585625 0.816667 0.075000 0.100000
0 0.919687 0.642500 0.069375 0.098333
0 0.819375 0.073750 0.070000 0.097500
0 0.325000 0.941250 0.075000 0.085833
0 0.952812 0.486667 0.060625 0.083333
0 0.582500 0.558750 0.073750 0.100833
0 0.774062 0.770417 0.081875 0.104167
0 0.154062 0.912500 0.074375 0.108333
0 0.541875 0.141250 0.075000 0.100833
0 0.510312 0.578333 0.070625 0.095000
0 0.514687 0.911667 0.081875 0.110000
0 0.094687 0.549583 0.080625 0.105833
0 0.485000 0.216250 0.080000 0.110833
0 0.874062 0.443333 0.071875 0.081667
0 0.100625 0.786667 0.075000 0.100000
0 0.065312 0.705417 0.076875 0.094167
0 0.245625 0.155000 0.078750 0.101667
2 0.187812 0.342083 0.070625 0.127500
0 0.289375 0.895000 0.080000 0.096667
0 0.549375 0.258750 0.080000 0.102500
0 0.955625 0.919167 0.081250 0.098333
0 0.826562 0.771250 0.064375 0.104167
0 0.379375 0.761250 0.073750 0.094167
0 0.158750 0.500833 0.070000 0.103333
0 0.919375 0.920417 0.073750 0.095833
0 0.400625 0.777500 0.068750 0.093333
