0 0.350313 0.798333 0.058125 0.078333
0 0.870000 0.840833 0.082500 0.100000
0 0.519062 0.196250 0.060625 0.085833
0 0.384375 0.165417 0.070000 0.089167
0 0.675000 0.712083 0.070000 0.094167
0 0.802813 0.252917 0.058125 0.085833
0 0.330625 0.489583 0.058750 0.087500
0 0.362187 0.635417 0.066875 0.084167
0 0.586875 0.337500 0.070000 0.093333
0 0.609375 0.693333 0.060000 0.081667
4 0.082500 0.330833 0.080000 0.106667
0 0.239687 0.851250 0.064375 0.085833
0 0.440625 0.579583 0.058750 0.089167
0 0.310000 0.699583 0.058750 0.080833
0 0.645938 0.525833 0.061875 0.090000
0 0.785937 0.134583 0.075625 0.095833
0 0.103750 0.085000 0.070000 0.083333
0 0.134063 0.249583 0.060625 0.079167
0 0.792188 0.508333 0.074375 0.093333
0 0.947187 0.162917 0.075625 0.099167
0 0.711250 0.212917 0.072500 0.094167
0 0.261875 0.119167 0.063750 0.083333
0 0.520938 0.573750 0.063125 0.084167
0 0.535000 0.460833 0.062500 0.091667
0 0.065312 0.941667 0.070625 0.098333
4 0.916562 0.329167 0.073125 0.105000
0 0.412813 0.377917 0.066875 0.094167
0 0.865000 0.256667 0.063750 0.095000
0 0.723125 0.541250 0.068750 0.099167
0 0.909062 0.409583 0.070625 0.087500
0 0.452500 0.335000 0.066250 0.100000
0 0.818750 0.055833 0.063750 0.091667
0 0.473125 0.495417 0.063750 0.082500
0 0.628125 0.157500 0.061250 0.086667
0 0.254063 0.058750 0.061875 0.094167
0 0.032188 0.078750 0.063125 0.090833
0 0.570000 0.163333 0.055000 0.096667
0 0.204375 0.063750 0.067500 0.090833
0 0.802188 0.779167 0.049375 0.113333
0 0.576562 0.635000 0.056875 0.085000
0 0.618750 0.087500 0.055000 0.106667
0 0.745000 0.778750 0.058750 0.120833
0 0.530937 0.640000 0.061875 0.086667
0 0.961875 0.950833 0.071250 0.098333
