4 0.250312 0.322500 0.075625 0.096667
0 0.081250 0.593750 0.055000 0.084167
0 0.139063 0.533333 0.061875 0.078333
0 0.239687 0.085000 0.063125 0.095000
0 0.943750 0.598333 0.061250 0.083333
0 0.248438 0.617083 0.069375 0.079167
0 0.130625 0.450417 0.060000 0.085833
0 0.771250 0.077083 0.078750 0.089167
0 0.440312 0.810833 0.069375 0.090000
0 0.650625 0.821667 0.057500 0.086667
0 0.850000 0.396667 0.055000 0.081667
0 0.434688 0.389167 0.060625 0.076667
0 0.663125 0.201250 0.068750 0.080833
0 0.054688 0.479167 0.066875 0.083333
0 0.755313 0.633750 0.063125 0.085833
4 0.536563 0.845833 0.075625 0.101667
0 0.488750 0.500417 0.056250 0.089167
0 0.266875 0.222500 0.080000 0.105000
0 0.322500 0.336250 0.066250 0.087500
0 0.405938 0.550417 0.068125 0.085833
0 0.372500 0.460833 0.055000 0.076667
0 0.236250 0.445417 0.070000 0.085833
0 0.809375 0.277917 0.065000 0.104167
0 0.342187 0.161250 0.058125 0.100833
0 0.632500 0.646667 0.065000 0.085000
0 0.080625 0.371667 0.060000 0.090000
0 0.609062 0.386250 0.068125 0.089167
0 0.927188 0.338750 0.063125 0.092500
0 0.056563 0.130417 0.069375 0.085833
0 0.795625 0.463333 0.055000 0.095000
0 0.574375 0.293333 0.061250 0.083333
0 0.208437 0.698333 0.071875 0.081667
0 0.648750 0.338750 0.060000 0.084167
0 0.534687 0.556667 0.066875 0.088333
0 0.039062 0.665000 0.068125 0.088333
0 0.690625 0.685833 0.067500 0.088333
0 0.936250 0.503750 0.071250 0.085833
0 0.124063 0.337083 0.061875 0.094167
4 0.873750 0.134583 0.078750 0.092500
0 0.677500 0.117500 0.076250 0.090000
0 0.373750 0.862083 0.073750 0.100833
0 0.329688 0.722500 0.069375 0.086667
0 0.881563 0.349583 0.060625 0.127500
0 0.527500 0.070000 0.072500 0.100000
0 0.665625 0.576250 0.076250 0.089167
0 0.716875 0.851250 0.067500 0.082500
0 0.726875 0.475833 0.066250 0.096667
0 0.800312 0.166250 0.064375 0.105833
0 0.747812 0.725417 0.065625 0.084167
0 0.373125 0.675833 0.072500 0.086667
0 0.712187 0.785833 0.064375 0.086667
0 0.054688 0.301667 0.061875 0.083333
0 0.432500 0.691250 0.067500 0.085833
0 0.600625 0.045000 0.055000 0.088333
0 0.412813 0.608333 0.084375 0.078333
