0 0.418750 0.510000 0.081250 0.106667
0 0.905312 0.742500 0.071875 0.095000
0 0.587812 0.087917 0.065625 0.104167
0 0.528125 0.076250 0.071250 0.104167
0 0.736563 0.863333 0.079375 0.100000
0 0.266562 0.497083 0.065625 0.084167
0 0.766250 0.092917 0.073750 0.090833
0 0.629062 0.510833 0.065625 0.085000
0 0.544687 0.177500 0.058125 0.086667
0 0.570000 0.520833 0.071250 0.101667
0 0.648125 0.338750 0.072500 0.109167
0 0.547813 0.657083 0.066875 0.107500
0 0.585313 0.362500 0.060625 0.091667
0 0.594375 0.762500 0.075000 0.106667
0 0.597812 0.662500 0.069375 0.110000
0 0.593437 0.431250 0.081875 0.094167
0 0.804688 0.879167 0.110625 0.118333
0 0.554375 0.315000 0.075000 0.113333
