0 0.457813 0.558750 0.061875 0.082500
0 0.890000 0.877500 0.067500 0.088333
0 0.427812 0.428333 0.058125 0.080000
0 0.754062 0.578750 0.063125 0.079167
1 0.317188 0.205833 0.078125 0.116667
0 0.415312 0.744583 0.076875 0.099167
0 0.105938 0.078333 0.081875 0.103333
0 0.157812 0.710417 0.070625 0.092500
0 0.142813 0.845000 0.069375 0.096667
0 0.206563 0.154583 0.063125 0.100833
0 0.824375 0.584583 0.070000 0.077500
0 0.208750 0.347083 0.070000 0.085833
0 0.095000 0.775000 0.071250 0.090000
0 0.332813 0.934167 0.075625 0.096667
0 0.823438 0.120000 0.070625 0.090000
0 0.355938 0.345417 0.069375 0.115833
0 0.349687 0.687500 0.060625 0.085000
0 0.170313 0.602083 0.058125 0.085833
0 0.550312 0.344583 0.050625 0.084167
0 0.186562 0.423333 0.073125 0.085000
0 0.207500 0.508333 0.072500 0.088333
0 0.610000 0.380000 0.060000 0.086667
0 0.795937 0.510833 0.073125 0.088333
0 0.947812 0.807500 0.070625 0.096667
0 0.285000 0.679583 0.060000 0.084167
0 0.700000 0.135000 0.071250 0.090000
0 0.141563 0.379167 0.059375 0.081667
0 0.591875 0.297500 0.052500 0.078333
0 0.574063 0.889167 0.074375 0.085000
0 0.553125 0.744583 0.055000 0.069167
0 0.729688 0.860417 0.065625 0.077500
0 0.538438 0.476667 0.066875 0.085000
0 0.056563 0.660833 0.061875 0.076667
0 0.950937 0.682917 0.054375 0.092500
4 0.134063 0.517083 0.071875 0.100833
0 0.905625 0.573333 0.058750 0.063333
0 0.874687 0.745833 0.059375 0.081667
0 0.888125 0.155417 0.068750 0.090833
0 0.310000 0.585000 0.070000 0.096667
0 0.514687 0.810833 0.056875 0.098333
0 0.239687 0.604167 0.069375 0.083333
0 0.429063 0.127500 0.066875 0.090000
0 0.754687 0.422083 0.056875 0.084167
0 0.115000 0.635000 0.068750 0.086667
1 0.806875 0.851667 0.075000 0.125000
0 0.910000 0.048333 0.065000 0.096667
1 0.687500 0.426250 0.085000 0.125833
0 0.625938 0.952083 0.055625 0.084167
0 0.297500 0.830417 0.062500 0.074167
0 0.670937 0.933750 0.049375 0.080833
0 0.030000 0.781250 0.055000 0.079167
1 0.507188 0.407917 0.058125 0.110833
0 0.940937 0.923333 0.049375 0.076667
0 0.881875 0.460833 0.065000 0.068333
0 0.715000 0.650000 0.050000 0.076667
0 0.922188 0.500000 0.056875 0.078333
0 0.841562 0.440000 0.061875 0.066667
0 0.751875 0.677500 0.055000 0.068333
