0 0.260625 0.248333 0.077500 0.093333
0 0.752500 0.411667 0.073750 0.101667
0 0.789375 0.227500 0.073750 0.093333
0 0.471875 0.952917 0.070000 0.092500
0 0.183438 0.629167 0.076875 0.090000
0 0.208125 0.752083 0.078750 0.095833
0 0.676875 0.722500 0.060000 0.088333
0 0.051875 0.263333 0.073750 0.100000
0 0.380312 0.050000 0.075625 0.093333
0 0.563750 0.099167 0.082500 0.100000
0 0.675937 0.878333 0.076875 0.093333
0 0.405313 0.207083 0.070625 0.099167
0 0.810937 0.542917 0.073125 0.097500
0 0.404062 0.700417 0.079375 0.099167
0 0.783750 0.665833 0.073750 0.096667
0 0.115312 0.553333 0.054375 0.091667
0 0.386562 0.368750 0.081875 0.094167
0 0.591562 0.262083 0.074375 0.107500
0 0.241563 0.522083 0.075625 0.092500
0 0.452188 0.752083 0.063125 0.087500
0 0.903750 0.625417 0.076250 0.104167
0 0.255312 0.122500 0.085625 0.098333
0 0.168750 0.082917 0.071250 0.100833
0 0.880938 0.487500 0.071875 0.113333
0 0.369063 0.766250 0.071875 0.099167
0 0.736875 0.566250 0.075000 0.107500
0 0.355312 0.852083 0.076875 0.087500
0 0.820000 0.337917 0.071250 0.089167
0 0.506875 0.057083 0.067500 0.089167
0 0.129375 0.856667 0.082500 0.110000
0 0.145937 0.470417 0.075625 0.094167
0 0.858125 0.176250 0.071250 0.105833
0 0.053750 0.497500 0.071250 0.096667
0 0.270000 0.930000 0.075000 0.088333
0 0.396875 0.942917 0.076250 0.107500
0 0.744062 0.135417 0.079375 0.092500
0 0.464375 0.122917 0.075000 0.089167
0 0.316875 0.933750 0.077500 0.100833
0 0.626875 0.566250 0.072500 0.104167
0 0.110937 0.657917 0.066875 0.117500
0 0.835625 0.774583 0.066250 0.109167
0 0.885625 0.932083 0.080000 0.099167
0 0.309688 0.682083 0.066875 0.104167
0 0.464687 0.251667 0.059375 0.096667
0 0.675000 0.483750 0.072500 0.092500
0 0.633750 0.379167 0.071250 0.103333
0 0.605313 0.397917 0.073125 0.090833
0 0.355938 0.597083 0.068125 0.092500
0 0.417812 0.489167 0.071875 0.111667
0 0.389062 0.531667 0.065625 0.080000
0 0.840313 0.729167 0.071875 0.091667
0 0.099375 0.097500 0.058750 0.090000
0 0.608750 0.876667 0.076250 0.113333
0 0.728125 0.810417 0.070000 0.104167
0 0.713750 0.322083 0.068750 0.100833
0 0.521250 0.730833 0.073750 0.121667
0 0.040000 0.616250 0.075000 0.107500
0 0.683438 0.290000 0.068125 0.103333
0 0.667500 0.630000 0.055000 0.095000
0 0.355312 0.636250 0.073125 0.087500
0 0.622500 0.820000 0.072500 0.093333
0 0.076563 0.138750 0.061875 0.107500
0 0.891563 0.509167 0.068125 0.095000
0 0.782813 0.783333 0.048125 0.105000
0 0.729062 0.846250 0.068125 0.119167
2 0.586562 0.741250 0.078125 0.144167
1 0.087813 0.412500 0.083125 0.146667
