0 0.180312 0.400833 0.054375 0.078333
0 0.230000 0.317083 0.058750 0.080833
0 0.605000 0.827917 0.072500 0.092500
0 0.848437 0.235833 0.074375 0.086667
3 0.059375 0.867917 0.080000 0.099167
0 0.779687 0.840833 0.064375 0.075000
0 0.051875 0.262500 0.060000 0.086667
0 0.745313 0.255833 0.065625 0.101667
0 0.377188 0.319167 0.076875 0.080000
0 0.278438 0.119167 0.060625 0.080000
0 0.848125 0.902917 0.066250 0.092500
0 0.466875 0.915417 0.065000 0.084167
0 0.656875 0.437500 0.070000 0.090000
0 0.542813 0.164583 0.059375 0.099167
0 0.266562 0.813333 0.069375 0.076667
0 0.884375 0.606667 0.061250 0.093333
0 0.746250 0.895417 0.075000 0.100833
0 0.949063 0.374167 0.069375 0.085000
0 0.419375 0.397083 0.057500 0.075833
0 0.485000 0.186250 0.062500 0.085833
0 0.065937 0.663333 0.066875 0.083333
0 0.670937 0.200000 0.053125 0.090000
0 0.318750 0.370833 0.061250 0.086667
0 0.215000 0.870833 0.073750 0.100000
0 0.544063 0.345833 0.073125 0.083333
0 0.289375 0.673333 0.068750 0.081667
0 0.768750 0.537500 0.070000 0.085000
0 0.542188 0.461667 0.065625 0.083333
0 0.963750 0.174583 0.056250 0.080833
0 0.679063 0.351667 0.071875 0.091667
0 0.126562 0.770000 0.069375 0.100000
0 0.911875 0.917083 0.065000 0.119167
0 0.198125 0.773750 0.067500 0.094167
0 0.529062 0.255417 0.060625 0.084167
1 0.890000 0.497500 0.073750 0.111667
0 0.927813 0.125417 0.075625 0.084167
0 0.821562 0.065000 0.059375 0.090000
0 0.590938 0.202500 0.059375 0.085000
0 0.946875 0.478750 0.048750 0.074167
4 0.847812 0.782917 0.074375 0.115833
0 0.452188 0.700417 0.065625 0.077500
0 0.518437 0.534167 0.059375 0.086667
4 0.732500 0.718333 0.078750 0.116667
0 0.567187 0.593333 0.076875 0.096667
0 0.267500 0.744583 0.070000 0.074167
0 0.053437 0.106250 0.064375 0.107500
0 0.084375 0.592500 0.063750 0.086667
0 0.959375 0.886250 0.066250 0.112500
0 0.944063 0.284167 0.069375 0.101667
0 0.673750 0.620000 0.062500 0.081667
0 0.235625 0.717083 0.070000 0.095833
0 0.220000 0.160417 0.052500 0.119167
0 0.474375 0.745833 0.080000 0.068333
0 0.817500 0.659167 0.065000 0.076667
0 0.135625 0.133750 0.067500 0.097500
0 0.143125 0.642500 0.073750 0.080000
0 0.152500 0.189167 0.068750 0.123333
6 0.441563 0.497917 0.068125 0.129167
0 0.520000 0.852917 0.047500 0.094167
0 0.387813 0.870417 0.058125 0.092500
3 0.220938 0.168750 0.084375 0.107500
0 0.255312 0.074167 0.069375 0.068333
0 0.747188 0.119167 0.049375 0.103333
0 0.594375 0.139167 0.056250 0.085000
0 0.821562 0.602500 0.064375 0.073333
0 0.373125 0.277500 0.065000 0.086667
0 0.428438 0.842083 0.044375 0.104167
0 0.484063 0.779167 0.066875 0.071667
0 0.474375 0.844167 0.058750 0.071667
0 0.729688 0.606667 0.048125 0.091667
0 0.766875 0.629583 0.047500 0.084167
0 0.626250 0.159583 0.070000 0.104167
