0 0.237813 0.104583 0.073125 0.092500
0 0.429063 0.496250 0.066875 0.082500
0 0.469687 0.755000 0.074375 0.093333
0 0.425625 0.577083 0.058750 0.080833
0 0.524375 0.446250 0.073750 0.090833
0 0.439688 0.387917 0.074375 0.102500
0 0.532500 0.547500 0.073750 0.090000
0 0.300312 0.421667 0.081875 0.096667
0 0.234063 0.623750 0.065625 0.084167
0 0.224375 0.265417 0.075000 0.089167
0 0.769687 0.520833 0.083125 0.100000
0 0.917813 0.293333 0.074375 0.080000
0 0.584688 0.780000 0.068125 0.090000
0 0.846875 0.202500 0.075000 0.086667
0 0.898438 0.557917 0.080625 0.104167
0 0.541250 0.865000 0.063750 0.081667
0 0.851875 0.880833 0.073750 0.090000
0 0.758125 0.667083 0.075000 0.089167
0 0.590313 0.483750 0.066875 0.080833
0 0.218125 0.189583 0.062500 0.077500
0 0.355000 0.337917 0.077500 0.099167
0 0.323125 0.116250 0.076250 0.090833
0 0.133750 0.462500 0.082500 0.091667
0 0.355312 0.873333 0.069375 0.100000
0 0.175625 0.060833 0.068750 0.078333
0 0.835313 0.762917 0.073125 0.094167
0 0.137500 0.114583 0.062500 0.077500
0 0.758437 0.907083 0.069375 0.080833
0 0.191875 0.947500 0.072500 0.081667
0 0.856250 0.412083 0.082500 0.099167
0 0.869375 0.643333 0.068750 0.086667
0 0.647500 0.652500 0.076250 0.100000
0 0.056875 0.365833 0.058750 0.075000
0 0.158750 0.179167 0.058750 0.078333
0 0.374063 0.762500 0.075625 0.096667
0 0.224688 0.472083 0.068125 0.092500
0 0.718437 0.462083 0.074375 0.089167
0 0.233125 0.715417 0.082500 0.092500
1 0.260000 0.845417 0.087500 0.110833
0 0.943438 0.652917 0.079375 0.102500
4 0.927500 0.805417 0.073750 0.102500
0 0.117813 0.644583 0.066875 0.087500
0 0.767813 0.128333 0.053125 0.086667
0 0.654062 0.484583 0.064375 0.085833
0 0.289375 0.047500 0.063750 0.080000
0 0.128750 0.289167 0.081250 0.085000
0 0.420312 0.852083 0.070625 0.090833
0 0.827500 0.582917 0.066250 0.087500
0 0.287813 0.203333 0.073125 0.085000
0 0.375312 0.047500 0.066875 0.095000
0 0.915312 0.742083 0.078125 0.102500
0 0.907813 0.057917 0.063125 0.075833
0 0.594375 0.893333 0.073750 0.096667
0 0.052500 0.254583 0.065000 0.099167
0 0.297500 0.751250 0.066250 0.095833
1 0.181562 0.820833 0.074375 0.088333
0 0.176875 0.352083 0.078750 0.089167
0 0.935312 0.375833 0.071875 0.091667
0 0.295938 0.284167 0.048125 0.080000
0 0.494063 0.960000 0.058125 0.078333
0 0.324688 0.835833 0.044375 0.083333
0 0.528438 0.085417 0.070625 0.100833
0 0.259062 0.322917 0.069375 0.082500
1 0.165625 0.665833 0.075000 0.120000
0 0.608750 0.933750 0.072500 0.094167
0 0.923750 0.929583 0.070000 0.084167
0 0.833125 0.053333 0.075000 0.106667
0 0.189688 0.397500 0.073125 0.088333
0 0.158750 0.876667 0.071250 0.083333
0 0.665625 0.092917 0.080000 0.092500
0 0.098750 0.210000 0.065000 0.091667
3 0.096875 0.187083 0.090000 0.104167
0 0.370312 0.914583 0.064375 0.092500
0 0.916562 0.897500 0.068125 0.091667
