0 0.887500 0.076667 0.060000 0.081667
0 0.872188 0.411667 0.071875 0.095000
0 0.824063 0.152083 0.069375 0.105833
0 0.175625 0.866667 0.066250 0.086667
0 0.832500 0.568750 0.073750 0.092500
0 0.572187 0.726667 0.061875 0.083333
0 0.339375 0.305417 0.068750 0.094167
0 0.605625 0.926667 0.077500 0.100000
0 0.954375 0.252500 0.070000 0.090000
0 0.069062 0.654583 0.081875 0.097500
0 0.730938 0.849583 0.076875 0.097500
0 0.604062 0.617917 0.075625 0.105833
0 0.347813 0.107917 0.064375 0.084167
0 0.607812 0.079167 0.063125 0.081667
0 0.206875 0.741667 0.071250 0.091667
0 0.403125 0.406250 0.073750 0.097500
0 0.461875 0.775000 0.070000 0.100000
0 0.145937 0.523750 0.069375 0.095833
0 0.328125 0.945833 0.073750 0.098333
0 0.400313 0.723750 0.064375 0.077500
0 0.565312 0.455417 0.073125 0.097500
0 0.273125 0.184583 0.063750 0.084167
0 0.731875 0.129167 0.086250 0.103333
0 0.679375 0.592500 0.060000 0.075000
0 0.097500 0.426667 0.070000 0.085000
0 0.161562 0.627083 0.079375 0.097500
0 0.081250 0.112917 0.077500 0.109167
0 0.090625 0.912500 0.077500 0.106667
0 0.242812 0.397083 0.061875 0.085833
0 0.572187 0.194167 0.060625 0.100000
0 0.412500 0.070833 0.071250 0.091667
0 0.523750 0.616250 0.065000 0.094167
0 0.604062 0.812917 0.074375 0.092500
0 0.220000 0.495417 0.076250 0.100833
0 0.603125 0.498333 0.076250 0.098333
0 0.797813 0.670417 0.060625 0.090833
0 0.859688 0.245000 0.073125 0.083333
0 0.730938 0.616667 0.055625 0.081667
0 0.630313 0.180833 0.061875 0.105000
0 0.805625 0.305000 0.081250 0.111667
0 0.177500 0.047500 0.075000 0.095000
1 0.445937 0.574583 0.105625 0.150833
1 0.536563 0.289583 0.081875 0.140833
