0 0.330000 0.405000 0.060000 0.083333
0 0.635312 0.443750 0.071875 0.097500
0 0.170000 0.481667 0.061250 0.080000
0 0.541250 0.286667 0.060000 0.090000
0 0.951875 0.477500 0.063750 0.091667
0 0.834375 0.060833 0.068750 0.098333
0 0.803750 0.847917 0.056250 0.084167
0 0.437500 0.629583 0.066250 0.090833
0 0.639375 0.591667 0.076250 0.086667
0 0.424687 0.433333 0.065625 0.086667
0 0.187188 0.603750 0.076875 0.104167
0 0.176250 0.210000 0.070000 0.083333
0 0.555312 0.744583 0.070625 0.090833
0 0.775937 0.584583 0.065625 0.092500
0 0.783125 0.178333 0.068750 0.091667
0 0.710313 0.599583 0.060625 0.094167
0 0.119063 0.677083 0.069375 0.100833
0 0.912500 0.668750 0.061250 0.079167
0 0.406562 0.715833 0.063125 0.086667
0 0.128125 0.417083 0.066250 0.100833
0 0.896875 0.429583 0.068750 0.090833
0 0.782188 0.439167 0.065625 0.096667
0 0.676875 0.057083 0.071250 0.087500
0 0.265937 0.165417 0.063125 0.079167
0 0.193438 0.133750 0.068125 0.087500
0 0.303438 0.702500 0.063125 0.088333
0 0.658125 0.268750 0.056250 0.090833
0 0.850625 0.383750 0.072500 0.102500
0 0.117813 0.831667 0.069375 0.076667
0 0.534687 0.488333 0.059375 0.088333
0 0.810625 0.222083 0.073750 0.099167
0 0.709063 0.209167 0.080625 0.111667
0 0.950625 0.122917 0.068750 0.087500
0 0.178125 0.367083 0.071250 0.092500
0 0.881563 0.222083 0.053125 0.090833
0 0.527188 0.873333 0.064375 0.085000
0 0.924063 0.262500 0.065625 0.093333
0 0.492500 0.904583 0.055000 0.089167
0 0.599375 0.212500 0.075000 0.098333
0 0.739688 0.275417 0.066875 0.095833
0 0.613125 0.300833 0.067500 0.080000
0 0.221875 0.261667 0.063750 0.070000
0 0.364063 0.270833 0.053125 0.091667
0 0.427500 0.247917 0.052500 0.105833
0 0.548750 0.939167 0.071250 0.093333
0 0.483438 0.779583 0.073125 0.092500
0 0.372812 0.047917 0.064375 0.095833
0 0.313750 0.277917 0.055000 0.099167
1 0.268750 0.299583 0.068750 0.117500
0 0.072188 0.577083 0.073125 0.100833
0 0.967812 0.263333 0.064375 0.096667
0 0.800937 0.296250 0.056875 0.109167
