0 0.372812 0.144583 0.059375 0.082500
0 0.521250 0.480000 0.061250 0.083333
0 0.616563 0.882500 0.069375 0.088333
0 0.410625 0.357083 0.062500 0.090833
0 0.147187 0.616250 0.065625 0.077500
0 0.845313 0.645833 0.070625 0.085000
4 0.899375 0.247500 0.073750 0.115000
0 0.831250 0.275833 0.066250 0.093333
0 0.080312 0.357917 0.068125 0.089167
0 0.341250 0.247917 0.058750 0.090833
0 0.708750 0.338333 0.067500 0.098333
0 0.605313 0.496250 0.075625 0.087500
0 0.490312 0.208750 0.068125 0.090833
0 0.151562 0.512083 0.064375 0.100833
4 0.202813 0.667917 0.073125 0.100833
0 0.533438 0.787500 0.073125 0.098333
0 0.111562 0.213750 0.080625 0.079167
0 0.557500 0.186250 0.062500 0.084167
0 0.094687 0.098333 0.065625 0.085000
0 0.334375 0.867917 0.073750 0.095833
0 0.359375 0.580833 0.060000 0.080000
0 0.433750 0.556250 0.080000 0.102500
0 0.937187 0.450417 0.065625 0.084167
0 0.926562 0.619583 0.070625 0.087500
0 0.632500 0.189167 0.063750 0.081667
0 0.601562 0.396667 0.055625 0.086667
0 0.880000 0.547500 0.057500 0.088333
0 0.853125 0.733750 0.055000 0.090833
0 0.076563 0.466250 0.064375 0.090833
0 0.146250 0.153750 0.060000 0.095833
0 0.786563 0.696667 0.051875 0.096667
0 0.525312 0.907083 0.066875 0.099167
0 0.637813 0.315417 0.070625 0.105833
0 0.409375 0.223750 0.055000 0.085833
0 0.108125 0.879167 0.057500 0.101667
0 0.384688 0.066667 0.079375 0.091667
0 0.478438 0.397083 0.070625 0.102500
0 0.934688 0.106667 0.065625 0.091667
0 0.690000 0.541250 0.070000 0.090833
0 0.551562 0.619167 0.068125 0.113333
0 0.662500 0.121667 0.067500 0.083333
0 0.556562 0.381250 0.060625 0.094167
0 0.483438 0.898750 0.068125 0.102500
0 0.835000 0.888333 0.055000 0.108333
0 0.693125 0.146250 0.075000 0.087500
0 0.247812 0.952083 0.068125 0.095833
0 0.458125 0.764583 0.067500 0.085833
0 0.042813 0.950417 0.071875 0.097500
