0 0.646875 0.202500 0.071250 0.088333
0 0.703750 0.702083 0.063750 0.087500
0 0.320937 0.367917 0.065625 0.077500
0 0.345000 0.679583 0.071250 0.099167
0 0.803125 0.614167 0.071250 0.085000
0 0.573438 0.604167 0.069375 0.093333
0 0.269688 0.513333 0.075625 0.086667
0 0.622812 0.917500 0.061875 0.090000
0 0.426250 0.902083 0.075000 0.075833
0 0.928750 0.444583 0.077500 0.089167
0 0.046562 0.682917 0.058125 0.082500
0 0.234375 0.457083 0.086250 0.090833
0 0.045937 0.424167 0.070625 0.088333
0 0.726250 0.861667 0.085000 0.091667
0 0.619375 0.125417 0.088750 0.079167
0 0.233125 0.382083 0.098750 0.070833
0 0.818438 0.445417 0.080625 0.095833
0 0.568438 0.525833 0.074375 0.091667
0 0.073125 0.867500 0.068750 0.093333
0 0.530312 0.334167 0.079375 0.105000
0 0.871563 0.313333 0.068125 0.108333
3 0.243438 0.812500 0.098125 0.108333
5 0.633437 0.308750 0.100625 0.109167
0 0.672188 0.958333 0.061875 0.083333
