0 0.745000 0.546667 0.063750 0.086667
0 0.148438 0.588333 0.060625 0.078333
0 0.095000 0.388333 0.068750 0.090000
0 0.758437 0.419583 0.063125 0.090833
0 0.494375 0.482500 0.067500 0.093333
0 0.606250 0.702083 0.073750 0.099167
0 0.867812 0.597500 0.076875 0.110000
0 0.100000 0.495417 0.066250 0.090833
0 0.497188 0.635417 0.068125 0.090833
0 0.565937 0.251250 0.070625 0.079167
0 0.923750 0.791250 0.067500 0.087500
0 0.946875 0.652500 0.065000 0.085000
0 0.736250 0.319583 0.065000 0.094167
0 0.675937 0.231250 0.070625 0.100833
0 0.419063 0.784167 0.064375 0.095000
0 0.444063 0.130000 0.071875 0.093333
0 0.864062 0.149583 0.060625 0.079167
0 0.932813 0.138750 0.065625 0.099167
0 0.600000 0.137917 0.060000 0.082500
0 0.770312 0.678333 0.064375 0.115000
0 0.119063 0.227500 0.073125 0.096667
0 0.157812 0.687500 0.066875 0.091667
0 0.931250 0.253750 0.075000 0.099167
0 0.513125 0.906667 0.062500 0.080000
0 0.419375 0.667083 0.070000 0.099167
0 0.170313 0.438333 0.069375 0.098333
0 0.407813 0.460417 0.074375 0.089167
0 0.946875 0.914583 0.073750 0.097500
0 0.272500 0.632500 0.061250 0.081667
0 0.832812 0.458750 0.076875 0.107500
0 0.935000 0.480000 0.060000 0.078333
0 0.233125 0.901667 0.075000 0.090000
0 0.035000 0.782917 0.060000 0.087500
0 0.687187 0.721250 0.070625 0.085833
0 0.338438 0.514583 0.066875 0.082500
0 0.466250 0.847500 0.055000 0.080000
0 0.090313 0.659167 0.059375 0.105000
0 0.719688 0.203750 0.070625 0.099167
0 0.382812 0.905000 0.063125 0.115000
0 0.212812 0.747917 0.080625 0.100833
0 0.338750 0.353750 0.073750 0.072500
0 0.247500 0.792917 0.067500 0.109167
0 0.312812 0.190833 0.064375 0.085000
0 0.558125 0.951250 0.071250 0.092500
0 0.282187 0.490417 0.041875 0.094167
0 0.222500 0.046250 0.067500 0.092500
1 0.573125 0.449583 0.088750 0.107500
5 0.808438 0.225417 0.083125 0.079167
