0 0.521250 0.657500 0.060000 0.078333
0 0.299375 0.349167 0.063750 0.081667
0 0.628437 0.301250 0.069375 0.100833
0 0.629375 0.411250 0.056250 0.077500
0 0.689688 0.621250 0.063125 0.085833
0 0.289687 0.730000 0.073125 0.100000
0 0.051875 0.533750 0.065000 0.092500
0 0.630625 0.736667 0.063750 0.083333
0 0.359375 0.680417 0.072500 0.092500
0 0.550312 0.422917 0.056875 0.085833
0 0.837812 0.117500 0.063125 0.085000
0 0.470625 0.516250 0.061250 0.077500
0 0.450313 0.392917 0.070625 0.087500
0 0.786875 0.800417 0.053750 0.074167
0 0.819688 0.203333 0.076875 0.105000
0 0.542813 0.104167 0.071875 0.096667
0 0.852187 0.277083 0.065625 0.084167
0 0.475000 0.595000 0.067500 0.081667
0 0.710313 0.105000 0.075625 0.100000
0 0.350000 0.117500 0.072500 0.095000
0 0.215312 0.834583 0.061875 0.080833
0 0.769687 0.691250 0.069375 0.092500
0 0.826250 0.419583 0.068750 0.095833
0 0.149062 0.207500 0.064375 0.078333
0 0.806562 0.325417 0.061875 0.072500
0 0.367500 0.447083 0.071250 0.087500
0 0.745313 0.936667 0.064375 0.096667
0 0.167813 0.900000 0.066875 0.093333
0 0.239063 0.945417 0.075625 0.094167
0 0.084375 0.917083 0.070000 0.089167
0 0.873125 0.567500 0.063750 0.075000
0 0.271562 0.438333 0.051875 0.073333
0 0.838125 0.712500 0.066250 0.086667
0 0.895312 0.409583 0.059375 0.090833
0 0.208750 0.194167 0.056250 0.076667
0 0.473750 0.316667 0.066250 0.076667
0 0.891875 0.756250 0.060000 0.075833
0 0.112500 0.864583 0.057500 0.074167
0 0.808750 0.043750 0.055000 0.079167
0 0.411875 0.290833 0.056250 0.078333
0 0.732500 0.807083 0.060000 0.077500
0 0.157812 0.598750 0.065625 0.082500
0 0.115312 0.810833 0.064375 0.095000
0 0.397813 0.203333 0.065625 0.090000
0 0.913438 0.697083 0.061875 0.075833
0 0.465625 0.166250 0.051250 0.070833
0 0.942500 0.632500 0.051250 0.075000
0 0.509687 0.185417 0.065625 0.070833
0 0.069687 0.155000 0.068125 0.103333
0 0.893125 0.487500 0.068750 0.081667
0 0.695937 0.738750 0.070625 0.080833
0 0.644062 0.909167 0.055625 0.071667
0 0.593437 0.897917 0.058125 0.085833
0 0.734688 0.266667 0.073125 0.086667
0 0.358750 0.244167 0.058750 0.081667
0 0.732500 0.303333 0.057500 0.081667
0 0.135000 0.668333 0.053750 0.066667
0 0.349062 0.541667 0.053125 0.080000
0 0.715938 0.854167 0.068125 0.085000
0 0.244375 0.270417 0.051250 0.075833
0 0.493125 0.462917 0.075000 0.084167
0 0.894062 0.130833 0.049375 0.075000
0 0.854062 0.638750 0.065625 0.069167
0 0.113437 0.552917 0.058125 0.082500
0 0.749375 0.056667 0.058750 0.096667
0 0.944375 0.789583 0.061250 0.077500
0 0.682813 0.165417 0.056875 0.090833
1 0.412187 0.478333 0.079375 0.095000
0 0.648750 0.135417 0.066250 0.084167
0 0.635625 0.190417 0.056250 0.072500
3 0.563750 0.845833 0.106250 0.108333
0 0.308437 0.470417 0.051875 0.105833
0 0.780000 0.126250 0.055000 0.077500
0 0.914687 0.559167 0.049375 0.083333
0 0.599375 0.172917 0.051250 0.059167
0 0.062500 0.835833 0.047500 0.076667
0 0.563125 0.891667 0.070000 0.080000
0 0.969688 0.562083 0.060625 0.087500
0 0.440312 0.245417 0.046875 0.082500
