0 0.509062 0.428750 0.071875 0.089167
0 0.601250 0.743750 0.058750 0.090833
0 0.164062 0.730000 0.068125 0.090000
0 0.931250 0.530000 0.081250 0.106667
0 0.493750 0.313333 0.075000 0.098333
0 0.417500 0.328750 0.075000 0.104167
0 0.584688 0.869583 0.075625 0.097500
0 0.472500 0.071667 0.068750 0.096667
0 0.212812 0.825000 0.073125 0.110000
0 0.705625 0.150000 0.075000 0.103333
0 0.227813 0.630833 0.068125 0.085000
0 0.567187 0.233750 0.061875 0.089167
0 0.631250 0.580833 0.080000 0.106667
0 0.050000 0.313750 0.068750 0.105833
0 0.530312 0.592500 0.073125 0.108333
0 0.736563 0.258750 0.073125 0.110833
0 0.069062 0.117083 0.065625 0.114167
0 0.535000 0.497917 0.077500 0.090833
0 0.227187 0.227083 0.064375 0.077500
0 0.113750 0.439167 0.083750 0.088333
4 0.737187 0.862917 0.079375 0.115833
4 0.206875 0.347083 0.076250 0.097500
0 0.815937 0.549583 0.074375 0.105833
0 0.784062 0.949583 0.068125 0.095833
0 0.780625 0.604167 0.078750 0.115000
0 0.301875 0.263750 0.063750 0.104167
0 0.330000 0.501250 0.071250 0.107500
0 0.240313 0.298333 0.100625 0.098333
0 0.321562 0.552500 0.065625 0.111667
