0 0.575625 0.376667 0.071250 0.093333
0 0.192812 0.154583 0.061875 0.090833
0 0.062500 0.092083 0.058750 0.080833
0 0.260000 0.281667 0.066250 0.091667
0 0.424063 0.669167 0.071875 0.088333
0 0.640312 0.165417 0.065625 0.080833
0 0.961250 0.843750 0.065000 0.084167
3 0.272188 0.756250 0.081875 0.089167
5 0.444688 0.851250 0.070625 0.102500
0 0.562813 0.115417 0.065625 0.095833
0 0.694688 0.362500 0.068125 0.088333
0 0.534687 0.780833 0.063125 0.083333
0 0.794375 0.815417 0.070000 0.095833
0 0.066875 0.856667 0.068750 0.081667
0 0.623437 0.292500 0.065625 0.078333
0 0.865000 0.226667 0.060000 0.088333
0 0.141563 0.626250 0.058125 0.075833
0 0.376250 0.523333 0.068750 0.085000
0 0.484063 0.631667 0.065625 0.083333
0 0.117188 0.706667 0.063125 0.080000
0 0.697187 0.532500 0.065625 0.076667
0 0.115625 0.398333 0.063750 0.075000
0 0.929375 0.627917 0.068750 0.095833
0 0.287500 0.197917 0.047500 0.064167
0 0.204063 0.939167 0.063125 0.086667
0 0.629062 0.083750 0.066875 0.084167
0 0.646250 0.760417 0.067500 0.075833
0 0.955937 0.286667 0.078125 0.081667
0 0.768750 0.372500 0.068750 0.095000
0 0.883125 0.065833 0.052500 0.065000
0 0.790937 0.296667 0.068125 0.090000
0 0.861250 0.127917 0.051250 0.067500
0 0.245938 0.418750 0.061875 0.085833
0 0.324688 0.147083 0.051875 0.072500
0 0.629687 0.945417 0.058125 0.069167
0 0.465313 0.163333 0.046875 0.066667
0 0.465625 0.775000 0.072500 0.086667
0 0.729062 0.615000 0.058125 0.070000
0 0.786875 0.723333 0.062500 0.076667
0 0.917188 0.677500 0.058125 0.075000
0 0.828438 0.057917 0.055625 0.074167
0 0.655312 0.884167 0.049375 0.073333
0 0.036562 0.775417 0.070625 0.082500
0 0.292500 0.374583 0.060000 0.084167
0 0.895312 0.879167 0.055625 0.085000
0 0.265937 0.487500 0.055625 0.073333
0 0.696562 0.928750 0.049375 0.072500
0 0.531563 0.928750 0.059375 0.075833
0 0.260313 0.957083 0.056875 0.067500
0 0.187188 0.449167 0.074375 0.090000
0 0.219062 0.805833 0.051875 0.063333
0 0.505313 0.914167 0.061875 0.083333
0 0.502812 0.558333 0.055625 0.075000
0 0.336562 0.359167 0.060625 0.066667
0 0.956875 0.111667 0.051250 0.068333
0 0.741875 0.897917 0.056250 0.074167
0 0.716875 0.854583 0.068750 0.075833
0 0.117188 0.329167 0.055625 0.058333
0 0.508750 0.855833 0.053750 0.071667
0 0.349687 0.403750 0.059375 0.069167
0 0.216875 0.432500 0.065000 0.090000
0 0.179063 0.240000 0.046875 0.056667
0 0.156562 0.560833 0.060625 0.060000
