0 0.150938 0.595833 0.079375 0.098333
0 0.636563 0.638333 0.083125 0.100000
0 0.366875 0.806250 0.077500 0.105833
0 0.758125 0.483750 0.075000 0.097500
0 0.961250 0.113333 0.076250 0.103333
0 0.423750 0.058750 0.076250 0.105833
0 0.850000 0.625417 0.083750 0.097500
0 0.318437 0.917500 0.083125 0.095000
0 0.822500 0.497917 0.061250 0.099167
0 0.944688 0.287500 0.070625 0.093333
0 0.681562 0.120000 0.078125 0.098333
0 0.881875 0.860833 0.063750 0.088333
0 0.807500 0.925000 0.075000 0.106667
0 0.174063 0.282500 0.071875 0.100000
0 0.101250 0.521250 0.072500 0.092500
0 0.531250 0.256250 0.075000 0.099167
0 0.131875 0.262083 0.072500 0.104167
0 0.768750 0.234583 0.077500 0.092500
0 0.600313 0.489167 0.083125 0.108333
0 0.216562 0.083333 0.076875 0.101667
0 0.799375 0.802083 0.071250 0.092500
0 0.087813 0.195833 0.083125 0.106667
0 0.697187 0.373333 0.078125 0.096667
0 0.049375 0.390417 0.078750 0.104167
0 0.400938 0.182500 0.084375 0.113333
0 0.102813 0.807500 0.074375 0.108333
0 0.686875 0.238750 0.076250 0.107500
0 0.547188 0.412083 0.075625 0.117500
0 0.725625 0.810417 0.077500 0.100833
0 0.875313 0.200833 0.088125 0.110000
0 0.327813 0.103750 0.075625 0.105833
0 0.493750 0.642917 0.082500 0.107500
0 0.413125 0.740000 0.078750 0.108333
0 0.818438 0.158333 0.068125 0.095000
0 0.164062 0.735417 0.068125 0.104167
0 0.756250 0.334167 0.082500 0.105000
0 0.760000 0.697917 0.072500 0.117500
2 0.160312 0.857083 0.059375 0.079167
0 0.900000 0.485417 0.073750 0.105833
0 0.355000 0.646250 0.085000 0.107500
0 0.830000 0.713333 0.067500 0.095000
0 0.767500 0.128750 0.067500 0.107500
0 0.646563 0.732917 0.075625 0.082500
0 0.904687 0.385417 0.078125 0.100833
