0 0.721562 0.904583 0.058125 0.087500
0 0.518125 0.252083 0.057500 0.080833
0 0.806562 0.385417 0.064375 0.085833
0 0.637813 0.632917 0.066875 0.087500
0 0.309688 0.344583 0.056875 0.080833
0 0.159375 0.815417 0.061250 0.080833
0 0.586250 0.727500 0.061250 0.080000
0 0.861875 0.283333 0.053750 0.078333
0 0.520625 0.347083 0.072500 0.085833
0 0.437812 0.169167 0.058125 0.078333
0 0.053125 0.288333 0.070000 0.100000
0 0.215938 0.388750 0.075625 0.094167
0 0.275625 0.912917 0.065000 0.080833
0 0.342500 0.435000 0.066250 0.083333
0 0.356250 0.053750 0.055000 0.077500
0 0.360938 0.577083 0.080625 0.102500
0 0.915937 0.057500 0.074375 0.090000
0 0.652500 0.311667 0.055000 0.091667
0 0.065625 0.516667 0.067500 0.096667
0 0.924063 0.370417 0.064375 0.087500
0 0.270625 0.088750 0.055000 0.092500
0 0.087813 0.776250 0.073125 0.090833
0 0.099375 0.080000 0.063750 0.096667
0 0.485938 0.787083 0.066875 0.085833
0 0.269375 0.574167 0.070000 0.081667
0 0.695312 0.747500 0.071875 0.081667
0 0.489687 0.888750 0.069375 0.094167
0 0.384375 0.381250 0.066250 0.085833
0 0.210625 0.767083 0.067500 0.080833
0 0.105625 0.606250 0.066250 0.094167
0 0.495937 0.527500 0.058125 0.078333
0 0.803438 0.933750 0.070625 0.094167
0 0.778438 0.669583 0.069375 0.089167
0 0.207813 0.078750 0.065625 0.087500
0 0.595313 0.266250 0.059375 0.097500
0 0.543125 0.908750 0.067500 0.090833
0 0.468125 0.651667 0.068750 0.086667
0 0.109687 0.882917 0.070625 0.092500
0 0.907813 0.722083 0.071875 0.089167
0 0.407187 0.801250 0.064375 0.095833
0 0.105938 0.230833 0.068125 0.103333
0 0.673750 0.118333 0.062500 0.091667
0 0.803750 0.820417 0.070000 0.099167
0 0.604062 0.123333 0.056875 0.081667
0 0.381250 0.132917 0.060000 0.084167
0 0.867188 0.834167 0.068125 0.088333
0 0.866563 0.776667 0.066875 0.076667
0 0.920000 0.204583 0.066250 0.080833
0 0.590000 0.525000 0.070000 0.085000
0 0.427812 0.624583 0.068125 0.074167
0 0.186250 0.588333 0.070000 0.088333
0 0.806875 0.262083 0.057500 0.079167
0 0.554063 0.162917 0.053125 0.124167
0 0.941875 0.701250 0.066250 0.085833
0 0.715000 0.597500 0.062500 0.100000
0 0.332500 0.132083 0.062500 0.090833
0 0.304688 0.075000 0.056875 0.101667
0 0.945625 0.110000 0.062500 0.080000
0 0.646563 0.155417 0.054375 0.079167
0 0.205937 0.932083 0.059375 0.089167
0 0.578750 0.666250 0.063750 0.072500
0 0.555000 0.575000 0.055000 0.095000
0 0.725000 0.819583 0.063750 0.080833
0 0.033438 0.616667 0.066875 0.085000
0 0.752188 0.956667 0.059375 0.081667
