0 0.393437 0.852083 0.064375 0.082500
0 0.318437 0.606250 0.066875 0.095833
0 0.857500 0.403333 0.066250 0.090000
0 0.201875 0.641667 0.068750 0.093333
0 0.043437 0.272083 0.061875 0.082500
0 0.352500 0.439167 0.066250 0.086667
0 0.488438 0.289583 0.066875 0.082500
0 0.667500 0.296250 0.063750 0.084167
0 0.744375 0.693333 0.067500 0.075000
0 0.736563 0.610000 0.071875 0.086667
0 0.098437 0.811667 0.069375 0.090000
0 0.460000 0.613750 0.070000 0.094167
0 0.439063 0.159583 0.058125 0.074167
0 0.936250 0.472917 0.072500 0.080833
0 0.632500 0.094167 0.073750 0.091667
0 0.430312 0.452083 0.069375 0.090833
0 0.563438 0.381667 0.074375 0.095000
0 0.269062 0.854583 0.059375 0.082500
0 0.436875 0.531667 0.055000 0.068333
0 0.836562 0.242083 0.075625 0.100833
0 0.143125 0.929167 0.060000 0.081667
0 0.958438 0.142917 0.073125 0.102500
0 0.730000 0.511250 0.072500 0.105833
0 0.955313 0.798333 0.085625 0.101667
0 0.578438 0.500000 0.088125 0.111667
6 0.183125 0.781667 0.091250 0.120000
3 0.715938 0.146667 0.066875 0.065000
0 0.364063 0.756667 0.083125 0.095000
0 0.129688 0.408333 0.074375 0.116667
