0 0.836875 0.584583 0.070000 0.087500
0 0.731875 0.655000 0.073750 0.095000
0 0.588750 0.665833 0.072500 0.085000
0 0.245312 0.413333 0.074375 0.100000
0 0.095000 0.305000 0.063750 0.085000
0 0.330625 0.337917 0.065000 0.084167
0 0.820312 0.373333 0.071875 0.103333
0 0.674375 0.573750 0.070000 0.095833
0 0.555625 0.865000 0.078750 0.086667
0 0.809375 0.267500 0.067500 0.088333
0 0.918125 0.481667 0.071250 0.101667
0 0.509375 0.528333 0.068750 0.080000
0 0.370000 0.585417 0.070000 0.090833
0 0.578125 0.792083 0.073750 0.069167
0 0.391250 0.826667 0.068750 0.093333
0 0.093750 0.055833 0.077500 0.101667
0 0.615313 0.599583 0.060625 0.080833
0 0.519687 0.057083 0.073125 0.077500
0 0.280625 0.744583 0.066250 0.082500
0 0.304375 0.782500 0.076250 0.090000
0 0.885000 0.374583 0.065000 0.090833
0 0.671250 0.465833 0.062500 0.100000
0 0.956562 0.134583 0.076875 0.084167
0 0.147500 0.925417 0.078750 0.077500
0 0.691250 0.130417 0.057500 0.084167
0 0.698438 0.201667 0.086875 0.088333
0 0.283438 0.630833 0.071875 0.095000
1 0.620625 0.052917 0.116250 0.094167
0 0.041875 0.670417 0.067500 0.069167
0 0.165625 0.577917 0.053750 0.079167
0 0.249688 0.593333 0.069375 0.083333
0 0.318125 0.592083 0.063750 0.079167
0 0.225625 0.688333 0.062500 0.066667
