0 0.359375 0.769167 0.061250 0.081667
0 0.708438 0.868750 0.066875 0.087500
0 0.592187 0.369583 0.065625 0.092500
0 0.513125 0.832500 0.067500 0.090000
0 0.544375 0.474167 0.071250 0.098333
0 0.820000 0.070417 0.067500 0.102500
0 0.538125 0.620000 0.070000 0.103333
0 0.455937 0.766667 0.064375 0.093333
0 0.229063 0.669167 0.070625 0.083333
0 0.860938 0.867917 0.058125 0.082500
0 0.718750 0.512083 0.070000 0.095833
0 0.501563 0.290833 0.066875 0.096667
0 0.301250 0.530417 0.077500 0.097500
4 0.851250 0.213750 0.063750 0.099167
0 0.220000 0.464167 0.067500 0.093333
0 0.256563 0.208333 0.061875 0.081667
0 0.204375 0.360833 0.060000 0.073333
0 0.737812 0.685417 0.068125 0.087500
0 0.782188 0.297083 0.056875 0.084167
0 0.120625 0.112917 0.070000 0.090833
0 0.402813 0.482500 0.064375 0.081667
0 0.916250 0.920000 0.075000 0.095000
0 0.063125 0.060833 0.071250 0.085000
0 0.293438 0.740417 0.073125 0.090833
0 0.530312 0.937083 0.065625 0.085833
0 0.295000 0.944167 0.068750 0.103333
0 0.475313 0.594583 0.069375 0.092500
0 0.057500 0.167917 0.076250 0.085833
0 0.057813 0.955833 0.054375 0.071667
1 0.918438 0.161250 0.078125 0.089167
0 0.786250 0.757083 0.070000 0.087500
0 0.569063 0.234167 0.065625 0.085000
0 0.763437 0.438750 0.063125 0.074167
0 0.855313 0.723333 0.055625 0.080000
0 0.452813 0.423333 0.064375 0.073333
0 0.834063 0.689167 0.075625 0.096667
0 0.289375 0.631250 0.062500 0.089167
1 0.308125 0.411250 0.088750 0.102500
0 0.777188 0.868750 0.068125 0.079167
0 0.183125 0.907083 0.066250 0.085833
0 0.037500 0.347500 0.053750 0.071667
4 0.785625 0.197917 0.076250 0.115833
0 0.135625 0.430000 0.057500 0.071667
0 0.540000 0.381667 0.071250 0.086667
0 0.756875 0.344167 0.067500 0.086667
0 0.508750 0.124583 0.057500 0.069167
0 0.663438 0.656667 0.058125 0.076667
0 0.614375 0.077500 0.071250 0.085000
0 0.795312 0.485833 0.069375 0.081667
0 0.123438 0.915000 0.061875 0.063333
0 0.970938 0.357500 0.058125 0.088333
0 0.424375 0.270417 0.075000 0.075833
0 0.077500 0.883333 0.065000 0.073333
0 0.180000 0.829167 0.071250 0.101667
0 0.107813 0.814583 0.073125 0.104167
0 0.673750 0.574583 0.058750 0.074167
0 0.356250 0.085000 0.051250 0.070000
0 0.230313 0.572500 0.068125 0.085000
0 0.635312 0.749167 0.060625 0.075000
0 0.281875 0.825417 0.052500 0.072500
0 0.334688 0.874167 0.050625 0.071667
0 0.631250 0.924583 0.075000 0.080833
0 0.589375 0.900417 0.062500 0.087500
0 0.398750 0.316250 0.067500 0.087500
0 0.637188 0.239167 0.064375 0.070000
0 0.143750 0.527917 0.066250 0.072500
0 0.296563 0.684167 0.070625 0.088333
0 0.395000 0.223333 0.066250 0.078333
0 0.153125 0.313333 0.056250 0.080000
0 0.915625 0.090000 0.058750 0.058333
0 0.820625 0.609167 0.055000 0.071667
0 0.355938 0.185833 0.053125 0.070000
0 0.139063 0.592917 0.074375 0.069167
0 0.084375 0.450000 0.058750 0.068333
0 0.311875 0.319583 0.062500 0.087500
0 0.343750 0.696667 0.062500 0.068333
0 0.834688 0.304583 0.055625 0.067500
0 0.144063 0.261667 0.049375 0.070000
0 0.418438 0.050417 0.046875 0.069167
0 0.899687 0.523750 0.044375 0.065833
0 0.954063 0.265833 0.061875 0.086667
2 0.574688 0.145417 0.086875 0.104167
1 0.079375 0.747917 0.137500 0.152500
0 0.038125 0.812500 0.055000 0.070000
0 0.238750 0.850417 0.057500 0.059167
0 0.434375 0.703333 0.053750 0.063333
0 0.359063 0.567500 0.040625 0.073333
0 0.968437 0.611667 0.055625 0.073333
0 0.512500 0.752500 0.052500 0.068333
0 0.477500 0.941667 0.053750 0.066667
0 0.266875 0.040417 0.052500 0.069167
0 0.120313 0.353750 0.049375 0.080833
0 0.063125 0.349167 0.051250 0.093333
0 0.102813 0.385417 0.060625 0.082500
0 0.623125 0.469583 0.052500 0.082500
0 0.658750 0.513333 0.056250 0.070000
0 0.661875 0.816250 0.050000 0.069167
0 0.578125 0.824167 0.053750 0.071667
0 0.620938 0.842917 0.053125 0.087500
1 0.930000 0.374583 0.088750 0.107500
0 0.905000 0.232917 0.055000 0.082500
0 0.213438 0.560000 0.064375 0.095000
1 0.334688 0.275833 0.096875 0.078333
0 0.869687 0.123750 0.045625 0.067500
