0 0.314688 0.349167 0.073125 0.088333
0 0.175937 0.883750 0.074375 0.095833
0 0.191562 0.729167 0.068125 0.091667
0 0.345313 0.720417 0.069375 0.092500
0 0.608437 0.664167 0.060625 0.086667
0 0.299063 0.772917 0.070625 0.094167
0 0.106563 0.658750 0.073125 0.099167
0 0.853125 0.307917 0.063750 0.100833
0 0.516563 0.164167 0.081875 0.108333
0 0.856563 0.763750 0.073125 0.097500
0 0.449375 0.825417 0.072500 0.097500
0 0.072500 0.393333 0.071250 0.110000
0 0.284062 0.080833 0.065625 0.071667
0 0.375937 0.805417 0.065625 0.099167
0 0.899062 0.589583 0.068125 0.095833
0 0.562187 0.892500 0.073125 0.078333
0 0.545000 0.334583 0.078750 0.079167
0 0.222188 0.476250 0.070625 0.102500
0 0.630313 0.311250 0.070625 0.095833
0 0.210000 0.347917 0.067500 0.097500
0 0.809063 0.508333 0.073125 0.083333
0 0.633125 0.177083 0.077500 0.080833
0 0.884375 0.112500 0.066250 0.088333
0 0.242188 0.571667 0.069375 0.080000
0 0.340313 0.563333 0.070625 0.100000
0 0.181562 0.627083 0.068125 0.092500
0 0.108125 0.315000 0.070000 0.086667
0 0.848750 0.667083 0.060000 0.082500
0 0.951250 0.532917 0.070000 0.065833
0 0.674375 0.926250 0.083750 0.072500
0 0.707500 0.739583 0.071250 0.100833
0 0.272188 0.408333 0.071875 0.091667
0 0.444375 0.579583 0.070000 0.085833
0 0.415625 0.430417 0.076250 0.099167
0 0.401562 0.637500 0.075625 0.098333
0 0.681875 0.589583 0.075000 0.100833
0 0.895000 0.042500 0.087500 0.075000
0 0.668125 0.385833 0.070000 0.098333
0 0.623437 0.557500 0.065625 0.101667
0 0.136250 0.775417 0.070000 0.095833
0 0.650312 0.267917 0.073125 0.090833
0 0.724063 0.230000 0.081875 0.093333
0 0.777813 0.952500 0.069375 0.091667
0 0.721875 0.464583 0.070000 0.104167
0 0.310312 0.162083 0.085625 0.085833
0 0.053125 0.064583 0.075000 0.095833
0 0.737812 0.695417 0.064375 0.105833
0 0.665625 0.480417 0.076250 0.100833
0 0.756563 0.270833 0.095625 0.065000
0 0.833438 0.593750 0.073125 0.107500
0 0.820000 0.066667 0.060000 0.098333
0 0.788125 0.157083 0.065000 0.085833
0 0.433125 0.245000 0.078750 0.098333
0 0.214375 0.175000 0.060000 0.083333
0 0.274687 0.675833 0.074375 0.091667
0 0.761250 0.862083 0.076250 0.092500
0 0.472813 0.522083 0.069375 0.090833
0 0.903750 0.881250 0.082500 0.099167
0 0.060000 0.570833 0.053750 0.078333
0 0.251250 0.637917 0.071250 0.095833
0 0.348125 0.913750 0.068750 0.090833
0 0.156562 0.276667 0.075625 0.080000
0 0.603750 0.047083 0.077500 0.089167
0 0.955625 0.462917 0.072500 0.084167
0 0.190312 0.057917 0.071875 0.089167
0 0.140000 0.202917 0.077500 0.089167
0 0.957187 0.416250 0.066875 0.092500
0 0.068125 0.134583 0.090000 0.085833
0 0.555312 0.591250 0.073125 0.089167
0 0.287813 0.927917 0.073125 0.099167
0 0.583438 0.480000 0.074375 0.091667
0 0.447500 0.336667 0.078750 0.105000
0 0.691250 0.862917 0.061250 0.097500
0 0.294063 0.490417 0.078125 0.099167
0 0.546250 0.545417 0.070000 0.092500
0 0.319375 0.869583 0.078750 0.079167
0 0.725938 0.831667 0.080625 0.093333
0 0.205000 0.119583 0.072500 0.082500
0 0.031563 0.325000 0.061875 0.096667
0 0.080937 0.935417 0.061875 0.095833
0 0.032188 0.565417 0.064375 0.102500
0 0.152812 0.168333 0.068125 0.096667
0 0.758437 0.159167 0.054375 0.081667
