0 0.529062 0.733750 0.063125 0.077500
0 0.420000 0.773333 0.057500 0.081667
0 0.756250 0.105417 0.070000 0.084167
0 0.847187 0.919583 0.075625 0.102500
0 0.321562 0.367917 0.059375 0.089167
0 0.210000 0.407500 0.066250 0.088333
0 0.540937 0.141250 0.073125 0.102500
0 0.229063 0.877500 0.073125 0.103333
0 0.476562 0.840833 0.069375 0.086667
0 0.880313 0.496250 0.073125 0.094167
0 0.254688 0.312917 0.065625 0.094167
0 0.627188 0.211667 0.060625 0.080000
0 0.148438 0.166667 0.071875 0.091667
0 0.450313 0.385417 0.059375 0.082500
0 0.470938 0.687917 0.066875 0.090833
0 0.715938 0.257500 0.063125 0.086667
0 0.838125 0.411667 0.073750 0.085000
0 0.792500 0.711667 0.066250 0.080000
0 0.343750 0.459167 0.065000 0.081667
0 0.050937 0.835833 0.074375 0.075000
0 0.176250 0.631667 0.080000 0.110000
0 0.885938 0.278750 0.073125 0.092500
0 0.207187 0.549583 0.065625 0.069167
0 0.800937 0.333333 0.059375 0.078333
0 0.933750 0.936250 0.067500 0.094167
0 0.567813 0.477083 0.059375 0.069167
0 0.439375 0.295000 0.070000 0.085000
0 0.592812 0.750833 0.059375 0.080000
0 0.846562 0.662500 0.064375 0.078333
0 0.502812 0.944167 0.065625 0.086667
0 0.876250 0.062500 0.063750 0.080000
0 0.621250 0.340417 0.066250 0.082500
0 0.810000 0.804167 0.053750 0.078333
0 0.433750 0.126250 0.067500 0.089167
0 0.967187 0.152917 0.060625 0.084167
0 0.175625 0.038750 0.065000 0.069167
0 0.274375 0.753750 0.062500 0.084167
0 0.077188 0.286667 0.064375 0.081667
0 0.926250 0.772083 0.060000 0.075833
0 0.797500 0.254167 0.053750 0.078333
0 0.707187 0.728333 0.061875 0.088333
0 0.602812 0.126667 0.061875 0.078333
0 0.566875 0.387083 0.072500 0.087500
0 0.522813 0.630417 0.056875 0.075833
0 0.950313 0.273333 0.068125 0.080000
0 0.425938 0.900417 0.065625 0.080833
0 0.145937 0.376250 0.060625 0.080833
4 0.405625 0.442917 0.065000 0.089167
0 0.373125 0.947917 0.072500 0.095833
0 0.720938 0.177917 0.061875 0.074167
0 0.583750 0.583750 0.065000 0.070833
0 0.492500 0.563333 0.051250 0.066667
0 0.937500 0.848333 0.071250 0.085000
0 0.675000 0.906250 0.065000 0.079167
0 0.085938 0.364167 0.050625 0.071667
0 0.850625 0.198333 0.072500 0.093333
0 0.126875 0.918750 0.067500 0.089167
0 0.328125 0.722083 0.057500 0.069167
0 0.062187 0.046250 0.071875 0.082500
0 0.487500 0.346250 0.065000 0.095833
0 0.173437 0.255000 0.053125 0.083333
0 0.384688 0.744583 0.070625 0.094167
0 0.399687 0.161667 0.073125 0.088333
0 0.175625 0.770417 0.075000 0.099167
0 0.484063 0.800000 0.064375 0.088333
0 0.931562 0.608333 0.056875 0.081667
0 0.760312 0.788333 0.050625 0.085000
0 0.168750 0.947500 0.071250 0.093333
0 0.352812 0.201250 0.056875 0.067500
0 0.547500 0.878333 0.058750 0.068333
0 0.686250 0.625833 0.052500 0.080000
0 0.232187 0.707500 0.048125 0.065000
0 0.327188 0.900000 0.054375 0.091667
0 0.335000 0.091250 0.067500 0.094167
0 0.643437 0.526667 0.068125 0.075000
0 0.640625 0.803750 0.062500 0.074167
0 0.272500 0.565417 0.048750 0.070833
0 0.157812 0.460417 0.050625 0.084167
0 0.502812 0.318750 0.061875 0.084167
0 0.776250 0.353750 0.062500 0.077500
0 0.530937 0.516667 0.058125 0.075000
0 0.594063 0.818333 0.055625 0.098333
0 0.474375 0.520833 0.062500 0.081667
0 0.366250 0.116667 0.065000 0.091667
0 0.634375 0.883750 0.047500 0.072500
0 0.813750 0.216667 0.055000 0.078333
0 0.920312 0.203333 0.048125 0.073333
0 0.373750 0.270000 0.058750 0.083333
0 0.135937 0.813333 0.056875 0.105000
1 0.746250 0.419167 0.107500 0.075000
0 0.678438 0.397500 0.056875 0.061667
0 0.687500 0.258750 0.072500 0.064167
0 0.781875 0.035833 0.056250 0.068333
0 0.779062 0.923333 0.059375 0.053333
0 0.814375 0.592917 0.051250 0.064167
0 0.415625 0.544583 0.055000 0.062500
0 0.446250 0.584583 0.045000 0.074167
0 0.632500 0.760833 0.061250 0.083333
0 0.235625 0.803750 0.052500 0.080833
0 0.750000 0.361667 0.057500 0.073333
0 0.642813 0.592917 0.059375 0.049167
0 0.585938 0.495833 0.058125 0.073333
0 0.261875 0.405833 0.051250 0.056667
