0 0.271250 0.488333 0.067500 0.095000
0 0.840000 0.181667 0.061250 0.076667
0 0.266250 0.737917 0.065000 0.077500
0 0.073125 0.366667 0.058750 0.093333
0 0.761875 0.182917 0.061250 0.082500
0 0.871563 0.466667 0.059375 0.083333
0 0.288438 0.901250 0.073125 0.099167
0 0.560937 0.273333 0.059375 0.085000
0 0.480312 0.234583 0.064375 0.090833
0 0.569375 0.599167 0.063750 0.083333
0 0.161250 0.277083 0.053750 0.077500
0 0.892813 0.678750 0.070625 0.097500
0 0.621563 0.393750 0.061875 0.082500
0 0.555000 0.523333 0.062500 0.083333
0 0.751875 0.717917 0.066250 0.114167
0 0.521250 0.690417 0.067500 0.099167
0 0.648125 0.114583 0.067500 0.089167
3 0.108750 0.095417 0.073750 0.107500
0 0.481563 0.764167 0.068125 0.083333
0 0.364063 0.607917 0.060625 0.082500
0 0.767813 0.350000 0.066875 0.078333
0 0.937500 0.481250 0.067500 0.099167
0 0.578438 0.092500 0.069375 0.091667
0 0.209687 0.548333 0.066875 0.103333
0 0.694375 0.466250 0.061250 0.085833
0 0.503437 0.406250 0.065625 0.084167
0 0.102500 0.811667 0.067500 0.093333
1 0.075938 0.257500 0.073125 0.123333
3 0.812813 0.749167 0.073125 0.115000
0 0.207187 0.241250 0.073125 0.104167
0 0.702812 0.159167 0.064375 0.100000
0 0.247812 0.309167 0.066875 0.076667
0 0.599375 0.692917 0.068750 0.099167
0 0.702812 0.590417 0.064375 0.100833
0 0.614375 0.853333 0.067500 0.091667
0 0.675937 0.226667 0.056875 0.085000
0 0.470313 0.132917 0.053125 0.092500
0 0.500938 0.555000 0.061875 0.085000
0 0.768125 0.907917 0.065000 0.084167
0 0.563750 0.827500 0.052500 0.086667
0 0.740625 0.244167 0.053750 0.085000
0 0.082812 0.426250 0.065625 0.085833
0 0.800312 0.494583 0.056875 0.102500
4 0.434688 0.882083 0.083125 0.099167
0 0.649687 0.905833 0.069375 0.090000
0 0.697812 0.750417 0.063125 0.097500
1 0.465938 0.624583 0.066875 0.107500
0 0.621250 0.283750 0.055000 0.077500
0 0.526563 0.122500 0.059375 0.100000
0 0.644375 0.618750 0.055000 0.079167
0 0.455313 0.506250 0.054375 0.097500
0 0.613437 0.197083 0.066875 0.090833
0 0.496875 0.846250 0.063750 0.092500
0 0.184062 0.788333 0.061875 0.085000
0 0.405938 0.495833 0.061875 0.088333
0 0.715625 0.389167 0.056250 0.073333
0 0.679375 0.795000 0.062500 0.096667
0 0.036250 0.870833 0.058750 0.098333
0 0.784375 0.847500 0.062500 0.080000
0 0.407813 0.457917 0.069375 0.090833
0 0.286562 0.625833 0.056875 0.071667
0 0.226250 0.817083 0.066250 0.089167
1 0.428750 0.142917 0.070000 0.142500
0 0.811875 0.044583 0.068750 0.079167
0 0.683438 0.899583 0.063125 0.085833
0 0.736563 0.460417 0.050625 0.064167
0 0.659375 0.663333 0.066250 0.090000
0 0.035937 0.038750 0.063125 0.077500
