0 0.471562 0.873750 0.064375 0.079167
0 0.775000 0.262083 0.061250 0.082500
0 0.348125 0.807917 0.073750 0.080833
0 0.252812 0.554167 0.076875 0.080000
0 0.716562 0.141250 0.051875 0.072500
0 0.605313 0.844583 0.069375 0.082500
0 0.865938 0.580000 0.061875 0.085000
0 0.936875 0.838333 0.063750 0.078333
0 0.945625 0.755000 0.060000 0.078333
0 0.287187 0.292500 0.054375 0.090000
0 0.239687 0.632500 0.065625 0.076667
0 0.678750 0.436250 0.060000 0.080833
0 0.599375 0.270000 0.067500 0.085000
0 0.774062 0.808750 0.060625 0.079167
0 0.839375 0.695417 0.072500 0.095833
0 0.807813 0.545833 0.066875 0.075000
0 0.455937 0.799167 0.053125 0.081667
0 0.196563 0.906250 0.069375 0.105833
0 0.473750 0.193333 0.061250 0.093333
0 0.261875 0.047083 0.061250 0.092500
0 0.075625 0.723333 0.065000 0.085000
0 0.498125 0.739583 0.067500 0.109167
0 0.635625 0.556250 0.065000 0.105833
0 0.403750 0.650000 0.086250 0.098333
0 0.717187 0.780833 0.066875 0.105000
0 0.166250 0.260417 0.073750 0.110833
