0 0.487187 0.769167 0.065625 0.076667
0 0.507188 0.657500 0.066875 0.083333
0 0.072813 0.577917 0.081875 0.102500
0 0.385625 0.714583 0.065000 0.089167
0 0.521250 0.833750 0.057500 0.072500
0 0.777188 0.097083 0.079375 0.104167
0 0.635312 0.326667 0.076875 0.098333
0 0.312500 0.700833 0.077500 0.093333
0 0.720313 0.809167 0.076875 0.101667
0 0.442500 0.072917 0.076250 0.100833
0 0.585625 0.837500 0.058750 0.093333
0 0.599375 0.661250 0.071250 0.099167
0 0.285938 0.611250 0.073125 0.097500
0 0.377188 0.622500 0.056875 0.066667
0 0.766563 0.914167 0.078125 0.096667
0 0.229063 0.858750 0.069375 0.089167
0 0.434375 0.367083 0.073750 0.087500
0 0.240000 0.720000 0.070000 0.075000
0 0.418438 0.781667 0.064375 0.085000
0 0.579375 0.546250 0.072500 0.090833
0 0.241250 0.148333 0.076250 0.098333
0 0.281250 0.070000 0.072500 0.095000
0 0.502188 0.225417 0.070625 0.104167
0 0.577500 0.243750 0.065000 0.090833
0 0.554688 0.723333 0.063125 0.098333
0 0.647813 0.450000 0.066875 0.086667
0 0.202813 0.206667 0.073125 0.093333
0 0.210938 0.908750 0.071875 0.097500
1 0.309063 0.385417 0.084375 0.099167
0 0.562187 0.365000 0.071875 0.083333
0 0.670937 0.694583 0.080625 0.105833
0 0.376563 0.157500 0.070625 0.088333
0 0.706562 0.331667 0.066875 0.098333
0 0.082500 0.483333 0.078750 0.096667
0 0.306563 0.823333 0.069375 0.088333
0 0.359063 0.448750 0.065625 0.090833
0 0.270625 0.864167 0.073750 0.096667
0 0.463125 0.687083 0.055000 0.090833
0 0.647188 0.185417 0.076875 0.087500
0 0.278438 0.522500 0.076875 0.096667
0 0.465938 0.211250 0.074375 0.099167
1 0.461562 0.452500 0.085625 0.110000
0 0.085625 0.811250 0.075000 0.104167
0 0.429063 0.608333 0.064375 0.083333
1 0.876250 0.325417 0.118750 0.125833
1 0.784375 0.387917 0.116250 0.137500
1 0.719063 0.604167 0.085625 0.121667
1 0.369688 0.079167 0.084375 0.101667
1 0.138437 0.337917 0.113125 0.197500
1 0.114687 0.878750 0.088125 0.092500
0 0.401562 0.227917 0.068125 0.085833
0 0.680625 0.103750 0.056250 0.089167
0 0.633750 0.101667 0.058750 0.078333
0 0.858125 0.605417 0.061250 0.087500
0 0.852812 0.857500 0.061875 0.100000
0 0.839688 0.940417 0.066875 0.087500
0 0.652188 0.801250 0.066875 0.087500
0 0.657500 0.845000 0.058750 0.085000
0 0.763125 0.745417 0.058750 0.067500
0 0.331562 0.809583 0.064375 0.092500
0 0.371563 0.929583 0.064375 0.087500
0 0.498750 0.327083 0.061250 0.080833
0 0.385000 0.454583 0.075000 0.095833
0 0.540625 0.277083 0.052500 0.072500
0 0.546875 0.441250 0.077500 0.087500
0 0.579688 0.467917 0.073125 0.090833
0 0.537500 0.535833 0.058750 0.108333
0 0.431250 0.521250 0.060000 0.072500
0 0.465938 0.551667 0.058125 0.073333
0 0.395937 0.704167 0.069375 0.088333
0 0.479375 0.874583 0.060000 0.090833
0 0.301250 0.754167 0.060000 0.075000
0 0.534687 0.941250 0.066875 0.082500
0 0.777500 0.660417 0.060000 0.084167
0 0.480625 0.367917 0.076250 0.072500
0 0.754687 0.523333 0.075625 0.076667
0 0.755938 0.573333 0.068125 0.083333
0 0.597500 0.861250 0.058750 0.092500
0 0.258750 0.087500 0.060000 0.081667
0 0.488438 0.900833 0.065625 0.083333
0 0.427812 0.909167 0.064375 0.068333
0 0.156875 0.867083 0.057500 0.084167
0 0.065312 0.952083 0.071875 0.089167
0 0.054688 0.518750 0.071875 0.095833
0 0.567187 0.683750 0.068125 0.087500
