0 0.614375 0.607083 0.077500 0.100833
0 0.240313 0.812500 0.065625 0.085000
0 0.565000 0.738750 0.072500 0.109167
0 0.577500 0.858333 0.076250 0.106667
0 0.495312 0.075417 0.081875 0.104167
0 0.409062 0.535417 0.078125 0.100833
0 0.651875 0.438333 0.066250 0.090000
0 0.832812 0.533750 0.080625 0.102500
0 0.240937 0.604583 0.083125 0.110833
0 0.339375 0.830000 0.058750 0.086667
0 0.137500 0.100833 0.075000 0.101667
0 0.650937 0.714583 0.075625 0.094167
0 0.744062 0.137917 0.065625 0.097500
0 0.746563 0.906667 0.070625 0.086667
0 0.663438 0.328750 0.080625 0.104167
0 0.318437 0.947083 0.081875 0.104167
0 0.175000 0.220000 0.082500 0.110000
0 0.109375 0.621667 0.068750 0.095000
0 0.807500 0.134167 0.066250 0.088333
0 0.162500 0.796667 0.076250 0.108333
0 0.653125 0.815000 0.076250 0.098333
0 0.102813 0.375000 0.068125 0.100000
0 0.335938 0.280417 0.069375 0.102500
0 0.176875 0.517083 0.066250 0.100833
0 0.455625 0.725000 0.060000 0.088333
0 0.405313 0.095000 0.083125 0.091667
0 0.900625 0.903750 0.076250 0.105833
0 0.267500 0.188750 0.071250 0.094167
0 0.081875 0.488750 0.075000 0.097500
0 0.401250 0.773750 0.072500 0.105833
0 0.942813 0.752500 0.071875 0.085000
0 0.235000 0.375417 0.073750 0.099167
0 0.849688 0.320417 0.073125 0.102500
0 0.957812 0.564167 0.081875 0.068333
0 0.934063 0.654167 0.074375 0.095000
0 0.734062 0.561667 0.083125 0.101667
0 0.114687 0.047917 0.066875 0.089167
0 0.679688 0.067500 0.058125 0.086667
0 0.440625 0.807083 0.067500 0.067500
0 0.294375 0.250417 0.072500 0.110833
0 0.810312 0.922500 0.064375 0.098333
0 0.035000 0.582083 0.070000 0.107500
0 0.944063 0.051667 0.081875 0.100000
0 0.301875 0.428750 0.077500 0.104167
1 0.410000 0.402083 0.080000 0.117500
