0 0.900000 0.383750 0.075000 0.109167
0 0.964688 0.890000 0.069375 0.093333
0 0.610938 0.524583 0.080625 0.100833
0 0.179375 0.188750 0.083750 0.107500
0 0.582187 0.705000 0.079375 0.088333
0 0.281562 0.879583 0.076875 0.089167
0 0.393750 0.327500 0.070000 0.101667
0 0.039688 0.810000 0.078125 0.113333
0 0.291563 0.605833 0.069375 0.106667
0 0.083125 0.913750 0.076250 0.104167
0 0.440625 0.891667 0.077500 0.093333
0 0.231250 0.647500 0.070000 0.096667
0 0.331875 0.353333 0.055000 0.100000
0 0.568750 0.250000 0.066250 0.096667
0 0.266562 0.286667 0.083125 0.106667
0 0.809688 0.665417 0.075625 0.097500
0 0.184688 0.705833 0.068125 0.086667
0 0.507500 0.652500 0.063750 0.098333
0 0.865000 0.903333 0.072500 0.098333
0 0.547500 0.918750 0.073750 0.099167
0 0.133437 0.773750 0.078125 0.092500
0 0.954063 0.108333 0.074375 0.101667
0 0.915937 0.653333 0.079375 0.093333
0 0.485312 0.305000 0.079375 0.105000
0 0.704063 0.438333 0.078125 0.095000
0 0.443437 0.278333 0.079375 0.101667
0 0.410000 0.489167 0.058750 0.116667
0 0.140000 0.641667 0.068750 0.111667
0 0.365625 0.646250 0.072500 0.107500
0 0.345000 0.158750 0.071250 0.092500
0 0.626875 0.436250 0.072500 0.079167
0 0.268750 0.173333 0.075000 0.103333
0 0.356563 0.837917 0.069375 0.095833
0 0.921250 0.775000 0.070000 0.088333
0 0.041250 0.440417 0.078750 0.107500
0 0.425938 0.800417 0.071875 0.099167
0 0.903125 0.751667 0.070000 0.098333
0 0.065000 0.664583 0.077500 0.095833
0 0.655625 0.190417 0.066250 0.102500
0 0.248438 0.445000 0.079375 0.105000
0 0.398438 0.095833 0.074375 0.103333
0 0.807813 0.276667 0.069375 0.101667
0 0.851562 0.208750 0.075625 0.104167
0 0.102813 0.363750 0.066875 0.099167
0 0.183438 0.513333 0.075625 0.103333
0 0.732187 0.715000 0.059375 0.093333
0 0.206250 0.907500 0.070000 0.095000
0 0.906563 0.285833 0.059375 0.081667
0 0.796250 0.129583 0.072500 0.085833
0 0.799687 0.952500 0.065625 0.088333
0 0.124063 0.384167 0.075625 0.105000
0 0.612812 0.956250 0.056875 0.084167
0 0.486563 0.839167 0.078125 0.091667
0 0.350625 0.947500 0.068750 0.098333
0 0.207500 0.085000 0.071250 0.105000
0 0.205937 0.506667 0.080625 0.095000
0 0.739375 0.291250 0.082500 0.125833
0 0.960938 0.511250 0.066875 0.125833
0 0.841562 0.240000 0.079375 0.100000
0 0.681875 0.359583 0.061250 0.097500
0 0.633750 0.353750 0.066250 0.119167
0 0.706250 0.182083 0.052500 0.109167
1 0.751875 0.192083 0.061250 0.149167
