0 0.405313 0.763333 0.069375 0.078333
0 0.414062 0.534583 0.068125 0.084167
0 0.829688 0.375833 0.078125 0.108333
0 0.722187 0.441667 0.069375 0.095000
0 0.716562 0.184167 0.061875 0.086667
0 0.145313 0.290417 0.074375 0.097500
0 0.503750 0.704167 0.070000 0.085000
0 0.921250 0.410000 0.071250 0.100000
0 0.070938 0.750000 0.061875 0.083333
0 0.848437 0.854583 0.065625 0.085833
0 0.325937 0.315000 0.069375 0.105000
0 0.711562 0.828333 0.075625 0.101667
0 0.342500 0.084167 0.076250 0.103333
0 0.884062 0.548750 0.078125 0.099167
0 0.225000 0.114167 0.066250 0.083333
0 0.191875 0.845417 0.061250 0.092500
0 0.565937 0.321250 0.064375 0.097500
0 0.253750 0.275833 0.070000 0.093333
0 0.227500 0.705417 0.065000 0.087500
0 0.400938 0.341667 0.065625 0.100000
0 0.583438 0.210833 0.084375 0.103333
0 0.908438 0.760833 0.068125 0.088333
0 0.484375 0.203750 0.077500 0.080833
0 0.484687 0.316250 0.070625 0.089167
0 0.639687 0.406667 0.089375 0.106667
0 0.385625 0.626250 0.071250 0.097500
0 0.637500 0.190833 0.073750 0.100000
0 0.187188 0.577083 0.074375 0.085833
0 0.371875 0.872917 0.075000 0.094167
0 0.832187 0.047500 0.071875 0.095000
0 0.730313 0.620833 0.061875 0.080000
0 0.531875 0.390833 0.076250 0.085000
0 0.141250 0.475000 0.072500 0.091667
0 0.106563 0.542500 0.071875 0.095000
0 0.936562 0.122917 0.086875 0.087500
0 0.058438 0.846250 0.079375 0.080833
0 0.067187 0.942917 0.080625 0.110833
0 0.341562 0.857917 0.071875 0.097500
0 0.965625 0.206250 0.067500 0.079167
0 0.686562 0.593750 0.078125 0.097500
0 0.167500 0.687917 0.072500 0.114167
0 0.896563 0.942917 0.078125 0.100833
1 0.531563 0.501667 0.091875 0.120000
0 0.466562 0.616250 0.058125 0.085833
0 0.799687 0.160000 0.083125 0.118333
