0 0.751250 0.613750 0.063750 0.085833
0 0.865938 0.150833 0.069375 0.098333
0 0.941875 0.328750 0.068750 0.099167
0 0.812813 0.290833 0.064375 0.083333
0 0.326562 0.240417 0.073125 0.087500
0 0.572500 0.871250 0.061250 0.082500
0 0.521875 0.754167 0.070000 0.096667
0 0.573125 0.657083 0.066250 0.087500
0 0.118438 0.141667 0.070625 0.088333
0 0.350625 0.426667 0.060000 0.080000
0 0.200625 0.495417 0.057500 0.075833
0 0.736875 0.350417 0.068750 0.094167
0 0.779687 0.712917 0.065625 0.090833
0 0.602187 0.442500 0.073125 0.098333
0 0.119375 0.403750 0.068750 0.087500
0 0.940625 0.167917 0.068750 0.085833
0 0.470625 0.216667 0.063750 0.086667
0 0.038750 0.192917 0.061250 0.077500
0 0.882188 0.471250 0.061875 0.080833
0 0.680312 0.920000 0.070625 0.095000
0 0.439688 0.073333 0.066875 0.078333
0 0.232187 0.929583 0.069375 0.099167
0 0.202813 0.658750 0.069375 0.087500
0 0.473750 0.382917 0.070000 0.089167
0 0.442812 0.902500 0.064375 0.085000
0 0.639375 0.335833 0.073750 0.081667
0 0.484687 0.655833 0.064375 0.081667
0 0.776875 0.132500 0.068750 0.080000
0 0.064375 0.862500 0.071250 0.088333
0 0.381875 0.842500 0.065000 0.078333
0 0.775000 0.213750 0.056250 0.067500
0 0.232187 0.765833 0.073125 0.090000
0 0.807187 0.056250 0.053125 0.075833
0 0.447188 0.534583 0.070625 0.089167
0 0.630938 0.861667 0.051875 0.083333
0 0.770312 0.499583 0.061875 0.082500
0 0.353125 0.897917 0.066250 0.087500
0 0.351250 0.622500 0.063750 0.091667
0 0.605000 0.124583 0.056250 0.070833
0 0.955313 0.567917 0.074375 0.084167
1 0.512188 0.880417 0.068125 0.095833
0 0.856875 0.649167 0.060000 0.101667
0 0.254688 0.526667 0.070625 0.103333
0 0.809375 0.622500 0.056250 0.080000
4 0.336875 0.058750 0.072500 0.114167
0 0.056563 0.110417 0.060625 0.079167
1 0.400000 0.661667 0.072500 0.113333
0 0.240313 0.131667 0.070625 0.086667
0 0.235000 0.418750 0.051250 0.069167
0 0.308750 0.555833 0.067500 0.090000
0 0.073125 0.650417 0.063750 0.124167
0 0.875000 0.281250 0.055000 0.072500
0 0.740313 0.192083 0.068125 0.092500
0 0.103750 0.725000 0.053750 0.068333
0 0.750938 0.950000 0.060625 0.083333
0 0.359687 0.765833 0.070625 0.076667
0 0.119375 0.902083 0.060000 0.079167
0 0.893125 0.696250 0.056250 0.074167
0 0.576562 0.284583 0.053125 0.075833
0 0.844063 0.766667 0.069375 0.083333
0 0.584375 0.737083 0.053750 0.070833
0 0.147813 0.857917 0.060625 0.079167
0 0.163438 0.082500 0.053125 0.066667
0 0.453437 0.730833 0.059375 0.071667
0 0.663438 0.750417 0.078125 0.089167
0 0.363125 0.712500 0.062500 0.086667
0 0.293438 0.916250 0.061875 0.090833
0 0.937500 0.712500 0.053750 0.076667
0 0.487812 0.598750 0.061875 0.089167
0 0.145313 0.947083 0.061875 0.085833
0 0.306563 0.473750 0.048125 0.069167
0 0.523750 0.266250 0.065000 0.077500
0 0.388437 0.122083 0.061875 0.067500
0 0.466250 0.792083 0.050000 0.065833
1 0.152812 0.589583 0.071875 0.102500
0 0.568438 0.205417 0.069375 0.085833
0 0.630313 0.222917 0.059375 0.079167
1 0.944688 0.445417 0.090625 0.105833
0 0.184062 0.590833 0.050625 0.086667
0 0.740313 0.062500 0.053125 0.075000
0 0.537813 0.344167 0.068125 0.076667
0 0.925625 0.791250 0.057500 0.064167
0 0.412813 0.374167 0.053125 0.071667
0 0.111250 0.807083 0.058750 0.090833
0 0.573750 0.948750 0.053750 0.065833
0 0.516250 0.961250 0.052500 0.072500
0 0.308750 0.742083 0.045000 0.064167
0 0.382500 0.960417 0.062500 0.077500
0 0.430625 0.958333 0.062500 0.081667
0 0.508750 0.032083 0.053750 0.064167
0 0.676250 0.034167 0.063750 0.068333
0 0.541562 0.084167 0.058125 0.073333
0 0.032500 0.040417 0.056250 0.077500
0 0.551875 0.166250 0.055000 0.067500
0 0.557187 0.377083 0.049375 0.062500
0 0.026875 0.611250 0.052500 0.079167
0 0.034688 0.760000 0.069375 0.088333
0 0.630938 0.287083 0.055625 0.072500
0 0.176875 0.422083 0.051250 0.074167
