0 0.862187 0.922500 0.080625 0.106667
0 0.959375 0.755000 0.073750 0.101667
0 0.160000 0.171667 0.075000 0.101667
0 0.645000 0.511667 0.075000 0.100000
0 0.885312 0.634167 0.074375 0.101667
0 0.463438 0.222500 0.068125 0.088333
0 0.935312 0.549583 0.068125 0.094167
0 0.629375 0.222500 0.073750 0.103333
0 0.103125 0.737500 0.077500 0.090000
0 0.518437 0.134583 0.069375 0.109167
0 0.085312 0.172500 0.071875 0.103333
0 0.221250 0.868750 0.080000 0.095833
0 0.557187 0.611667 0.073125 0.105000
0 0.121563 0.430000 0.069375 0.098333
0 0.781875 0.656667 0.077500 0.118333
0 0.229375 0.191667 0.072500 0.096667
0 0.101562 0.331667 0.073125 0.096667
0 0.322188 0.485417 0.068125 0.097500
0 0.858750 0.495417 0.080000 0.099167
0 0.536250 0.322917 0.075000 0.102500
0 0.688750 0.870000 0.076250 0.085000
0 0.218125 0.413333 0.067500 0.093333
0 0.168437 0.304167 0.073125 0.096667
0 0.491250 0.855833 0.081250 0.103333
0 0.120000 0.045000 0.075000 0.090000
0 0.632500 0.102500 0.075000 0.108333
0 0.671562 0.946250 0.079375 0.104167
0 0.164062 0.794583 0.079375 0.105833
0 0.659062 0.412083 0.073125 0.097500
0 0.703125 0.205833 0.078750 0.105000
0 0.948438 0.952917 0.070625 0.092500
0 0.445312 0.314167 0.075625 0.085000
0 0.527500 0.890417 0.075000 0.100833
0 0.408750 0.176667 0.071250 0.093333
0 0.673438 0.316250 0.070625 0.089167
0 0.088438 0.918750 0.079375 0.097500
0 0.401250 0.616250 0.072500 0.089167
0 0.753750 0.142917 0.067500 0.112500
3 0.603437 0.675833 0.103125 0.113333
0 0.793125 0.132917 0.080000 0.102500
0 0.769062 0.557500 0.066875 0.086667
0 0.930937 0.171667 0.070625 0.100000
0 0.825625 0.689167 0.063750 0.091667
0 0.775000 0.308750 0.077500 0.097500
0 0.100000 0.527083 0.070000 0.090833
0 0.075313 0.677083 0.064375 0.100833
0 0.291563 0.515417 0.073125 0.094167
0 0.351250 0.159167 0.068750 0.095000
0 0.776875 0.724583 0.072500 0.100833
0 0.903438 0.184167 0.089375 0.105000
0 0.389062 0.571250 0.068125 0.095833
0 0.355625 0.250000 0.071250 0.098333
0 0.339062 0.612917 0.066875 0.109167
0 0.078750 0.615833 0.092500 0.085000
0 0.825625 0.125000 0.072500 0.098333
