0 0.700625 0.499583 0.066250 0.087500
0 0.869375 0.067500 0.070000 0.078333
0 0.419375 0.525833 0.061250 0.086667
0 0.107188 0.257500 0.069375 0.085000
0 0.890938 0.767917 0.070625 0.089167
6 0.220000 0.847500 0.077500 0.113333
0 0.830313 0.245833 0.061875 0.085000
0 0.118750 0.674583 0.070000 0.094167
0 0.523125 0.747917 0.062500 0.077500
0 0.580625 0.654583 0.061250 0.082500
0 0.618125 0.901250 0.063750 0.082500
0 0.635312 0.502500 0.058125 0.083333
0 0.404375 0.280000 0.067500 0.075000
0 0.841562 0.825833 0.073125 0.098333
0 0.823750 0.136667 0.062500 0.078333
0 0.040938 0.106250 0.051875 0.104167
0 0.321250 0.356667 0.065000 0.091667
0 0.503125 0.326250 0.060000 0.090833
1 0.119063 0.532917 0.084375 0.104167
0 0.591250 0.746667 0.075000 0.098333
0 0.145313 0.165833 0.064375 0.083333
0 0.688438 0.744583 0.074375 0.094167
0 0.195000 0.697500 0.077500 0.080000
0 0.339375 0.645000 0.058750 0.076667
0 0.178750 0.122917 0.061250 0.090833
0 0.320000 0.158333 0.071250 0.105000
0 0.038437 0.312917 0.071875 0.089167
0 0.788750 0.324583 0.070000 0.094167
0 0.542813 0.585000 0.064375 0.095000
0 0.193125 0.776667 0.065000 0.086667
0 0.945312 0.242500 0.063125 0.073333
0 0.448437 0.345000 0.064375 0.078333
0 0.268750 0.415417 0.065000 0.085833
0 0.287187 0.602083 0.061875 0.077500
0 0.226250 0.529167 0.068750 0.080000
0 0.363750 0.460833 0.056250 0.078333
0 0.830625 0.561667 0.065000 0.080000
0 0.525000 0.931250 0.065000 0.094167
0 0.548750 0.413750 0.070000 0.084167
0 0.904375 0.592917 0.058750 0.087500
0 0.480000 0.637083 0.068750 0.092500
0 0.235313 0.062500 0.069375 0.086667
0 0.415000 0.380000 0.061250 0.075000
0 0.298750 0.681667 0.067500 0.076667
0 0.334688 0.513333 0.050625 0.076667
0 0.439688 0.128750 0.076875 0.085833
0 0.470000 0.564583 0.061250 0.074167
1 0.614688 0.128333 0.075625 0.096667
0 0.224688 0.153750 0.064375 0.117500
0 0.522500 0.244583 0.057500 0.075833
0 0.968750 0.298750 0.052500 0.077500
0 0.176875 0.461667 0.066250 0.080000
0 0.151875 0.797917 0.060000 0.085833
0 0.556875 0.084167 0.060000 0.085000
0 0.571875 0.275417 0.066250 0.084167
0 0.599688 0.206667 0.063125 0.068333
0 0.742812 0.174167 0.068125 0.061667
0 0.936875 0.951250 0.052500 0.072500
0 0.622188 0.422083 0.050625 0.069167
0 0.781875 0.238750 0.056250 0.067500
0 0.402187 0.129167 0.065625 0.078333
1 0.959688 0.125833 0.080625 0.093333
0 0.934688 0.046667 0.058125 0.075000
0 0.561875 0.175417 0.051250 0.064167
3 0.542500 0.877500 0.085000 0.123333
0 0.356250 0.230833 0.051250 0.080000
0 0.520938 0.037083 0.056875 0.072500
