0 0.090313 0.694583 0.073125 0.104167
0 0.558438 0.856250 0.076875 0.110833
0 0.635938 0.448750 0.065625 0.089167
0 0.370312 0.864583 0.080625 0.094167
0 0.685937 0.510417 0.081875 0.095833
0 0.037812 0.512500 0.074375 0.100000
0 0.897188 0.182500 0.076875 0.103333
0 0.672500 0.350833 0.082500 0.108333
0 0.798750 0.543750 0.076250 0.097500
0 0.506563 0.172083 0.075625 0.107500
0 0.766250 0.100417 0.070000 0.099167
0 0.240625 0.787917 0.077500 0.102500
0 0.912188 0.848333 0.078125 0.096667
0 0.850625 0.727500 0.068750 0.091667
0 0.918750 0.277083 0.086250 0.100833
0 0.164687 0.480417 0.068125 0.090833
0 0.785937 0.747500 0.080625 0.103333
0 0.422187 0.056667 0.078125 0.108333
0 0.041250 0.635000 0.071250 0.095000
0 0.345313 0.690833 0.080625 0.105000
0 0.168437 0.270417 0.078125 0.099167
0 0.549687 0.487917 0.070625 0.085833
0 0.705625 0.683750 0.073750 0.097500
0 0.100937 0.361667 0.070625 0.093333
0 0.287187 0.285000 0.069375 0.105000
0 0.958750 0.379583 0.078750 0.110833
0 0.425000 0.808750 0.085000 0.099167
0 0.545000 0.622083 0.081250 0.105833
0 0.366563 0.586667 0.070625 0.095000
0 0.169063 0.744583 0.071875 0.100833
0 0.837187 0.945833 0.069375 0.106667
0 0.258437 0.139167 0.078125 0.113333
0 0.211250 0.446250 0.066250 0.084167
0 0.502500 0.431667 0.073750 0.103333
0 0.290000 0.654167 0.066250 0.096667
0 0.764062 0.618333 0.079375 0.106667
0 0.243125 0.535417 0.070000 0.102500
0 0.463438 0.556250 0.076875 0.102500
0 0.345938 0.384167 0.078125 0.085000
0 0.442188 0.477083 0.089375 0.095833
0 0.338750 0.438333 0.073750 0.093333
0 0.636563 0.147917 0.068125 0.110833
0 0.293438 0.501250 0.073125 0.090833
0 0.339062 0.051667 0.078125 0.091667
0 0.578750 0.149167 0.066250 0.090000
