0 0.042188 0.364167 0.084375 0.091667
3 0.638125 0.201250 0.100000 0.115833
0 0.800312 0.282917 0.083125 0.099167
0 0.481563 0.511667 0.074375 0.101667
0 0.728125 0.696667 0.078750 0.110000
0 0.592500 0.520833 0.098750 0.085000
0 0.057813 0.875000 0.074375 0.101667
0 0.420312 0.258333 0.089375 0.086667
0 0.641563 0.101667 0.086875 0.098333
0 0.852187 0.350417 0.083125 0.090833
0 0.366250 0.469167 0.072500 0.100000
0 0.057813 0.494583 0.069375 0.089167
0 0.836250 0.768333 0.081250 0.095000
0 0.206250 0.567917 0.076250 0.107500
0 0.041875 0.580833 0.073750 0.086667
0 0.288125 0.745417 0.072500 0.102500
0 0.794375 0.083333 0.073750 0.095000
0 0.662500 0.874583 0.082500 0.110833
0 0.465313 0.424583 0.091875 0.092500
0 0.504062 0.207083 0.070625 0.089167
0 0.922188 0.095417 0.073125 0.092500
0 0.475625 0.924583 0.077500 0.110833
0 0.496250 0.724583 0.085000 0.104167
0 0.101562 0.242083 0.069375 0.110833
0 0.727187 0.409167 0.081875 0.105000
0 0.128125 0.380000 0.075000 0.098333
0 0.484687 0.309583 0.080625 0.104167
0 0.408438 0.085000 0.085625 0.108333
0 0.130000 0.602500 0.076250 0.095000
0 0.156250 0.935833 0.077500 0.108333
0 0.399375 0.196667 0.082500 0.095000
0 0.862500 0.700000 0.081250 0.101667
0 0.223438 0.167917 0.069375 0.115833
0 0.416875 0.878333 0.080000 0.120000
0 0.256563 0.422917 0.066875 0.099167
