0 0.627188 0.133333 0.069375 0.078333
0 0.554063 0.378750 0.054375 0.077500
0 0.132500 0.229167 0.061250 0.073333
0 0.589375 0.771250 0.058750 0.065833
0 0.948438 0.446250 0.069375 0.082500
0 0.225938 0.759167 0.064375 0.085000
0 0.494688 0.216667 0.063125 0.085000
0 0.731250 0.167500 0.072500 0.093333
0 0.380000 0.815833 0.057500 0.071667
0 0.072188 0.892500 0.064375 0.080000
0 0.246250 0.839583 0.062500 0.080833
0 0.559375 0.218333 0.076250 0.095000
0 0.521563 0.600833 0.069375 0.078333
0 0.726875 0.826667 0.058750 0.083333
0 0.311875 0.929167 0.065000 0.083333
0 0.547188 0.058333 0.064375 0.083333
0 0.390625 0.721667 0.062500 0.078333
0 0.537188 0.513750 0.064375 0.089167
0 0.852500 0.687083 0.060000 0.087500
0 0.967187 0.807917 0.065625 0.084167
0 0.307500 0.825833 0.061250 0.083333
0 0.528750 0.807500 0.073750 0.093333
0 0.852500 0.255833 0.048750 0.066667
0 0.732812 0.931667 0.064375 0.076667
0 0.476562 0.528750 0.051875 0.090833
0 0.244688 0.920000 0.059375 0.075000
1 0.469062 0.094167 0.086875 0.130000
0 0.408438 0.437917 0.068125 0.090833
0 0.319375 0.728333 0.063750 0.095000
0 0.439688 0.840417 0.066875 0.075833
0 0.667188 0.823750 0.066875 0.082500
0 0.829063 0.592083 0.064375 0.089167
0 0.657188 0.729167 0.063125 0.096667
0 0.592812 0.438333 0.068125 0.085000
0 0.096875 0.632917 0.065000 0.082500
0 0.385625 0.517917 0.073750 0.087500
0 0.414375 0.603333 0.068750 0.086667
0 0.849063 0.853333 0.071875 0.076667
0 0.802813 0.205833 0.076875 0.080000
0 0.909062 0.292917 0.059375 0.077500
0 0.232500 0.582917 0.061250 0.079167
5 0.144063 0.882917 0.061875 0.079167
0 0.467813 0.868750 0.075625 0.095833
1 0.141563 0.353333 0.068125 0.128333
0 0.894687 0.775417 0.068125 0.089167
0 0.487812 0.286667 0.074375 0.083333
0 0.897813 0.867500 0.065625 0.080000
0 0.921562 0.622500 0.070625 0.095000
0 0.362187 0.149583 0.066875 0.092500
0 0.919687 0.693750 0.066875 0.082500
0 0.772188 0.845417 0.063125 0.095833
0 0.094687 0.276250 0.066875 0.085833
0 0.824688 0.764583 0.060625 0.079167
0 0.686250 0.083333 0.063750 0.093333
0 0.921562 0.260417 0.063125 0.082500
0 0.730625 0.642083 0.071250 0.092500
0 0.664687 0.417083 0.061875 0.074167
1 0.151875 0.663750 0.090000 0.122500
0 0.203437 0.216667 0.064375 0.095000
0 0.153125 0.065000 0.062500 0.076667
0 0.210625 0.717500 0.065000 0.086667
0 0.044687 0.323333 0.058125 0.065000
0 0.055313 0.553333 0.070625 0.083333
0 0.758125 0.539167 0.068750 0.091667
0 0.809688 0.301250 0.070625 0.085833
0 0.646250 0.307917 0.071250 0.090833
0 0.286875 0.695417 0.063750 0.064167
0 0.213750 0.480000 0.058750 0.080000
0 0.734375 0.287917 0.075000 0.095833
0 0.722187 0.555833 0.069375 0.088333
0 0.237500 0.415000 0.060000 0.075000
0 0.216875 0.081667 0.075000 0.081667
0 0.798438 0.783750 0.076875 0.087500
0 0.326875 0.607083 0.068750 0.089167
0 0.622188 0.407500 0.076875 0.088333
0 0.624062 0.296667 0.074375 0.093333
0 0.365000 0.617917 0.065000 0.092500
1 0.400313 0.060833 0.108125 0.121667
1 0.643125 0.585000 0.091250 0.125000
1 0.241875 0.301250 0.082500 0.095833
0 0.122188 0.473333 0.063125 0.091667
0 0.292187 0.614167 0.068125 0.095000
0 0.232500 0.468750 0.072500 0.074167
0 0.192500 0.522500 0.073750 0.076667
0 0.151250 0.481250 0.061250 0.082500
0 0.127500 0.510417 0.073750 0.087500
0 0.937813 0.745417 0.068125 0.085833
0 0.698438 0.636250 0.070625 0.085833
0 0.736875 0.331667 0.075000 0.075000
0 0.687187 0.350000 0.059375 0.076667
0 0.792500 0.303750 0.058750 0.094167
0 0.198437 0.355000 0.049375 0.075000
0 0.261875 0.345417 0.061250 0.064167
0 0.255937 0.238750 0.068125 0.082500
0 0.235000 0.164583 0.056250 0.119167
0 0.614375 0.679167 0.078750 0.071667
