0 0.885000 0.190417 0.062500 0.082500
0 0.842812 0.600417 0.071875 0.089167
0 0.475313 0.227917 0.068125 0.094167
0 0.093750 0.720417 0.078750 0.092500
0 0.437812 0.616667 0.074375 0.098333
0 0.933438 0.797500 0.061875 0.103333
0 0.742500 0.569167 0.080000 0.088333
0 0.845313 0.464167 0.065625 0.081667
0 0.125312 0.367500 0.075625 0.103333
0 0.107500 0.051250 0.066250 0.079167
0 0.507188 0.629583 0.065625 0.107500
0 0.865000 0.808333 0.080000 0.100000
0 0.895938 0.904583 0.084375 0.095833
0 0.947187 0.329583 0.074375 0.079167
0 0.938125 0.587083 0.071250 0.094167
0 0.572187 0.561667 0.075625 0.100000
0 0.354687 0.604167 0.081875 0.108333
0 0.170625 0.653750 0.086250 0.090833
0 0.542500 0.253333 0.083750 0.093333
0 0.320312 0.855000 0.080625 0.101667
0 0.516563 0.731250 0.084375 0.097500
0 0.774375 0.486250 0.078750 0.099167
0 0.174375 0.502917 0.077500 0.100833
0 0.281562 0.538333 0.070625 0.086667
0 0.363750 0.163750 0.085000 0.097500
0 0.947812 0.442500 0.083125 0.096667
0 0.608437 0.685000 0.078125 0.103333
0 0.426875 0.514583 0.076250 0.107500
0 0.779375 0.917917 0.085000 0.075833
0 0.269375 0.942500 0.077500 0.098333
0 0.689688 0.145417 0.078125 0.092500
0 0.873437 0.295833 0.085625 0.100000
0 0.717500 0.073333 0.078750 0.103333
0 0.397500 0.106667 0.087500 0.091667
0 0.373437 0.542083 0.080625 0.109167
0 0.553750 0.490417 0.092500 0.069167
0 0.825313 0.701250 0.093125 0.102500
0 0.490625 0.359167 0.097500 0.120000
0 0.974063 0.153750 0.050625 0.100833
4 0.660000 0.429167 0.071250 0.096667
