0 0.222812 0.751667 0.068125 0.103333
0 0.163125 0.730833 0.062500 0.105000
0 0.851562 0.482083 0.070625 0.099167
0 0.797813 0.374583 0.075625 0.097500
0 0.225625 0.521250 0.061250 0.104167
0 0.216875 0.613750 0.066250 0.082500
0 0.123125 0.064583 0.078750 0.065833
0 0.079062 0.932083 0.069375 0.072500
0 0.491563 0.184583 0.060625 0.087500
0 0.930625 0.852083 0.076250 0.082500
0 0.075625 0.792083 0.070000 0.090833
0 0.230937 0.066667 0.074375 0.071667
0 0.809375 0.847500 0.073750 0.063333
0 0.809688 0.782083 0.076875 0.090833
0 0.158750 0.369583 0.067500 0.094167
0 0.792813 0.125833 0.076875 0.093333
0 0.865625 0.923750 0.046250 0.107500
0 0.296563 0.107500 0.081875 0.091667
0 0.676250 0.842917 0.066250 0.072500
0 0.221562 0.219583 0.083125 0.102500
0 0.296250 0.910417 0.058750 0.087500
0 0.612187 0.426667 0.064375 0.086667
0 0.714688 0.527083 0.071875 0.074167
0 0.681875 0.432500 0.078750 0.083333
0 0.257500 0.851667 0.068750 0.096667
0 0.039062 0.705000 0.071875 0.095000
0 0.201250 0.357917 0.068750 0.119167
0 0.821875 0.242917 0.062500 0.109167
0 0.430625 0.897083 0.072500 0.084167
0 0.739062 0.465417 0.063125 0.070833
0 0.848125 0.632083 0.060000 0.104167
0 0.956875 0.300000 0.085000 0.095000
0 0.774375 0.227917 0.066250 0.122500
0 0.829688 0.716250 0.071875 0.100833
0 0.713125 0.390417 0.072500 0.072500
0 0.525625 0.109583 0.068750 0.075833
0 0.467187 0.129167 0.080625 0.076667
0 0.638750 0.490833 0.073750 0.085000
0 0.317188 0.866667 0.065625 0.103333
0 0.771250 0.290417 0.080000 0.094167
0 0.715313 0.603750 0.075625 0.075833
0 0.733437 0.847083 0.058125 0.102500
0 0.910625 0.940417 0.067500 0.117500
0 0.740625 0.075417 0.091250 0.099167
0 0.772813 0.690417 0.058125 0.140833
0 0.057813 0.353333 0.091875 0.083333
0 0.706250 0.304583 0.075000 0.104167
0 0.629375 0.303333 0.062500 0.086667
0 0.105625 0.288333 0.103750 0.076667
0 0.142813 0.121250 0.111875 0.069167
0 0.784375 0.493333 0.052500 0.118333
0 0.562500 0.156250 0.076250 0.080833
0 0.819063 0.554167 0.069375 0.120000
0 0.456562 0.048750 0.115625 0.072500
0 0.634687 0.607083 0.078125 0.097500
0 0.683125 0.331250 0.077500 0.080833
0 0.065937 0.850417 0.083125 0.074167
0 0.530625 0.875833 0.080000 0.115000
0 0.774062 0.924583 0.094375 0.100833
0 0.068437 0.612500 0.085625 0.093333
0 0.113750 0.694167 0.070000 0.078333
0 0.269375 0.160000 0.098750 0.083333
0 0.717500 0.205417 0.067500 0.089167
0 0.425000 0.167917 0.065000 0.087500
0 0.175937 0.520833 0.053125 0.111667
0 0.246562 0.894167 0.066875 0.081667
0 0.915312 0.714583 0.075625 0.084167
0 0.644375 0.185417 0.071250 0.090833
0 0.680625 0.683750 0.088750 0.077500
0 0.257812 0.396667 0.065625 0.116667
0 0.698125 0.783750 0.078750 0.065833
0 0.275625 0.728333 0.056250 0.088333
0 0.682500 0.116667 0.071250 0.091667
0 0.709375 0.726667 0.062500 0.066667
0 0.512188 0.833333 0.066875 0.081667
0 0.306875 0.361250 0.071250 0.094167
0 0.707187 0.923333 0.068125 0.091667
0 0.588750 0.251667 0.065000 0.086667
0 0.963437 0.071250 0.071875 0.077500
0 0.395937 0.125000 0.074375 0.093333
0 0.252812 0.667500 0.060625 0.093333
0 0.540312 0.387500 0.098125 0.100000
0 0.906250 0.608750 0.070000 0.112500
0 0.436563 0.275833 0.076875 0.108333
0 0.623125 0.705000 0.058750 0.090000
0 0.648438 0.073333 0.068125 0.081667
0 0.245938 0.454583 0.074375 0.100833
0 0.621563 0.247500 0.065625 0.088333
0 0.688438 0.543333 0.088125 0.065000
0 0.414062 0.870417 0.063125 0.087500
0 0.548438 0.087500 0.063125 0.076667
