0 0.099375 0.446667 0.070000 0.083333
0 0.567813 0.880833 0.068125 0.093333
0 0.336250 0.897083 0.067500 0.085833
0 0.878750 0.427500 0.066250 0.086667
0 0.830313 0.631250 0.068125 0.092500
0 0.177187 0.077500 0.068125 0.085000
0 0.390625 0.218333 0.066250 0.091667
0 0.912500 0.107500 0.081250 0.103333
0 0.061875 0.329167 0.068750 0.083333
0 0.242188 0.548333 0.065625 0.081667
0 0.899062 0.523333 0.078125 0.113333
0 0.513437 0.308750 0.071875 0.087500
0 0.181562 0.687083 0.061875 0.090833
0 0.317812 0.608333 0.083125 0.090000
0 0.473750 0.852917 0.051250 0.069167
0 0.132812 0.703333 0.080625 0.090000
0 0.358438 0.141667 0.090625 0.086667
0 0.174063 0.826250 0.078125 0.104167
2 0.280000 0.496250 0.082500 0.104167
