0 0.075313 0.834167 0.069375 0.096667
0 0.859375 0.277917 0.055000 0.080833
0 0.237187 0.668333 0.068125 0.080000
0 0.897188 0.688333 0.076875 0.103333
0 0.152812 0.765417 0.066875 0.092500
0 0.651563 0.549583 0.061875 0.082500
0 0.265625 0.749167 0.075000 0.096667
0 0.684375 0.287500 0.061250 0.090000
0 0.854062 0.369583 0.070625 0.085833
0 0.714688 0.544167 0.061875 0.081667
0 0.568438 0.318333 0.070625 0.095000
0 0.107813 0.354583 0.069375 0.092500
0 0.640625 0.630417 0.057500 0.092500
0 0.249062 0.584167 0.063125 0.093333
0 0.177187 0.925833 0.064375 0.093333
0 0.798750 0.074167 0.067500 0.106667
0 0.556562 0.725000 0.069375 0.081667
0 0.430312 0.380417 0.058125 0.094167
0 0.953125 0.610833 0.067500 0.100000
0 0.830000 0.492917 0.070000 0.094167
0 0.273750 0.168750 0.062500 0.094167
0 0.650000 0.787500 0.060000 0.101667
0 0.039688 0.287083 0.068125 0.105833
0 0.759062 0.301667 0.058125 0.073333
0 0.635000 0.280417 0.060000 0.090833
0 0.900937 0.510417 0.071875 0.109167
0 0.387813 0.860833 0.058125 0.073333
0 0.755313 0.222500 0.066875 0.086667
0 0.485312 0.557917 0.061875 0.097500
0 0.150938 0.235000 0.089375 0.095000
0 0.779687 0.951667 0.069375 0.095000
0 0.366563 0.185000 0.078125 0.093333
0 0.627500 0.139167 0.058750 0.081667
0 0.565625 0.099583 0.072500 0.097500
0 0.764062 0.670000 0.064375 0.095000
0 0.559063 0.431250 0.073125 0.082500
0 0.214375 0.477083 0.078750 0.099167
0 0.386250 0.398750 0.062500 0.094167
3 0.072500 0.104583 0.093750 0.100833
0 0.544687 0.843750 0.059375 0.090833
0 0.330000 0.144583 0.052500 0.084167
0 0.236875 0.417917 0.066250 0.092500
0 0.175313 0.581250 0.069375 0.105833
0 0.664375 0.097083 0.050000 0.067500
0 0.533750 0.502500 0.063750 0.113333
0 0.194062 0.146250 0.065625 0.080833
0 0.166250 0.521667 0.086250 0.096667
0 0.494375 0.849167 0.056250 0.113333
0 0.559688 0.161667 0.078125 0.096667
0 0.310937 0.582917 0.066875 0.117500
0 0.164687 0.110833 0.059375 0.081667
0 0.591250 0.509167 0.067500 0.101667
0 0.384375 0.937500 0.081250 0.095000
0 0.681250 0.914167 0.060000 0.085000
0 0.331875 0.108750 0.063750 0.085833
