0 0.370000 0.795833 0.085000 0.095000
0 0.480000 0.355417 0.073750 0.104167
0 0.612187 0.117083 0.079375 0.112500
0 0.496875 0.839167 0.081250 0.090000
0 0.667813 0.617083 0.068125 0.087500
0 0.883125 0.689167 0.076250 0.108333
0 0.804375 0.790833 0.078750 0.101667
0 0.197500 0.477917 0.075000 0.095833
0 0.499688 0.057917 0.080625 0.097500
0 0.310312 0.210000 0.079375 0.096667
0 0.765625 0.258750 0.076250 0.097500
0 0.100312 0.440833 0.071875 0.093333
0 0.300625 0.629167 0.073750 0.105000
0 0.650625 0.523750 0.076250 0.102500
0 0.135937 0.221667 0.081875 0.098333
0 0.930937 0.745833 0.073125 0.096667
0 0.536250 0.311667 0.062500 0.096667
0 0.673125 0.880417 0.065000 0.092500
0 0.396875 0.231250 0.063750 0.110833
0 0.596250 0.255000 0.070000 0.096667
0 0.277813 0.855833 0.069375 0.095000
3 0.522188 0.516250 0.093125 0.137500
0 0.483125 0.745417 0.077500 0.100833
0 0.891250 0.175000 0.080000 0.100000
0 0.601250 0.862500 0.075000 0.101667
0 0.757812 0.617083 0.074375 0.102500
0 0.799063 0.186250 0.068125 0.099167
0 0.753750 0.705833 0.061250 0.078333
0 0.187188 0.158750 0.074375 0.090833
0 0.331250 0.733750 0.075000 0.104167
0 0.197500 0.373750 0.076250 0.095833
0 0.399687 0.693333 0.071875 0.091667
0 0.651250 0.360000 0.076250 0.096667
0 0.645938 0.439167 0.071875 0.116667
