0 0.236250 0.320417 0.066250 0.089167
0 0.403750 0.460417 0.066250 0.087500
0 0.303438 0.364583 0.071875 0.099167
0 0.673125 0.759167 0.061250 0.083333
0 0.115625 0.116667 0.071250 0.090000
0 0.848750 0.510417 0.063750 0.084167
0 0.798750 0.133750 0.063750 0.094167
0 0.191250 0.123333 0.063750 0.098333
0 0.860000 0.202083 0.062500 0.094167
0 0.391562 0.854583 0.075625 0.084167
0 0.913438 0.708333 0.068125 0.095000
0 0.825625 0.694167 0.058750 0.083333
0 0.170625 0.752083 0.067500 0.087500
0 0.359375 0.547083 0.056250 0.095833
0 0.472813 0.491250 0.064375 0.090833
0 0.729375 0.232083 0.063750 0.065833
0 0.625000 0.908750 0.063750 0.094167
0 0.702812 0.081250 0.065625 0.092500
0 0.770938 0.046667 0.061875 0.086667
0 0.184062 0.348750 0.061875 0.080833
0 0.606875 0.716667 0.062500 0.083333
0 0.585000 0.162500 0.068750 0.081667
0 0.701875 0.133750 0.061250 0.085833
0 0.931875 0.106667 0.060000 0.080000
0 0.885312 0.391667 0.069375 0.076667
0 0.297500 0.716250 0.053750 0.080833
0 0.065625 0.284583 0.062500 0.075833
0 0.460625 0.862917 0.070000 0.080833
0 0.957187 0.214583 0.061875 0.084167
0 0.197813 0.184583 0.065625 0.090833
0 0.644687 0.608750 0.059375 0.074167
0 0.068750 0.429583 0.057500 0.089167
0 0.242500 0.885417 0.046250 0.107500
0 0.077500 0.914167 0.070000 0.083333
0 0.912813 0.499167 0.053125 0.076667
0 0.335625 0.417917 0.066250 0.062500
0 0.178125 0.615833 0.058750 0.083333
0 0.944688 0.596667 0.068125 0.106667
0 0.704063 0.440417 0.059375 0.080833
0 0.495937 0.044167 0.060625 0.083333
0 0.154375 0.890833 0.062500 0.095000
0 0.543125 0.344167 0.067500 0.076667
0 0.824375 0.772083 0.070000 0.085833
0 0.841250 0.379167 0.062500 0.078333
0 0.122188 0.322917 0.055625 0.085833
0 0.410313 0.946250 0.065625 0.080833
0 0.370937 0.176667 0.065625 0.090000
0 0.272188 0.910000 0.065625 0.091667
0 0.790000 0.236250 0.065000 0.080833
0 0.569688 0.887083 0.065625 0.085833
0 0.438125 0.080417 0.070000 0.094167
0 0.040313 0.104167 0.068125 0.068333
0 0.330937 0.460833 0.059375 0.081667
0 0.295938 0.262083 0.063125 0.077500
0 0.834688 0.872083 0.058125 0.087500
0 0.704375 0.569583 0.048750 0.087500
0 0.591562 0.671667 0.063125 0.096667
0 0.820000 0.944583 0.065000 0.087500
0 0.104375 0.499167 0.057500 0.091667
0 0.510938 0.656667 0.070625 0.088333
0 0.098750 0.692917 0.050000 0.092500
0 0.447813 0.276250 0.061875 0.079167
0 0.030312 0.794583 0.060625 0.097500
0 0.102813 0.635833 0.055625 0.093333
0 0.336562 0.198333 0.068125 0.085000
0 0.707500 0.191667 0.065000 0.081667
0 0.165937 0.670000 0.065625 0.095000
0 0.535000 0.516250 0.058750 0.117500
0 0.767500 0.850833 0.053750 0.070000
0 0.903438 0.766667 0.059375 0.076667
0 0.517500 0.185000 0.050000 0.096667
0 0.711250 0.326250 0.061250 0.074167
0 0.394375 0.344583 0.065000 0.092500
0 0.157188 0.235833 0.079375 0.078333
0 0.608750 0.517083 0.062500 0.079167
0 0.900000 0.825833 0.065000 0.088333
0 0.863437 0.110417 0.053125 0.095833
0 0.367812 0.074167 0.066875 0.090000
0 0.744687 0.688333 0.060625 0.093333
0 0.693438 0.357917 0.058125 0.079167
0 0.177813 0.438333 0.060625 0.083333
0 0.966562 0.956667 0.056875 0.075000
0 0.448750 0.529167 0.068750 0.085000
0 0.748125 0.915833 0.062500 0.080000
0 0.267500 0.087083 0.067500 0.087500
0 0.240313 0.773333 0.056875 0.088333
0 0.492188 0.954583 0.083125 0.089167
0 0.960313 0.331250 0.054375 0.074167
0 0.870000 0.041667 0.071250 0.083333
0 0.415938 0.302500 0.060625 0.090000
0 0.095312 0.806667 0.058125 0.086667
0 0.030312 0.591667 0.049375 0.105000
0 0.758750 0.737500 0.063750 0.080000
0 0.446875 0.160833 0.058750 0.085000
0 0.638437 0.045833 0.053125 0.091667
0 0.079687 0.201250 0.049375 0.107500
0 0.499375 0.611667 0.071250 0.091667
0 0.793125 0.582083 0.048750 0.085833
0 0.549375 0.778750 0.047500 0.102500
0 0.036875 0.459167 0.073750 0.090000
0 0.622188 0.827917 0.058125 0.059167
4 0.427500 0.772500 0.070000 0.075000
0 0.573125 0.203750 0.065000 0.069167
0 0.231250 0.640417 0.062500 0.072500
0 0.540000 0.547917 0.057500 0.097500
0 0.640000 0.299583 0.060000 0.082500
0 0.099687 0.839167 0.054375 0.096667
0 0.898750 0.295417 0.057500 0.084167
0 0.300312 0.581667 0.046875 0.073333
0 0.322188 0.279583 0.066875 0.072500
0 0.061250 0.082083 0.042500 0.084167
0 0.032813 0.078750 0.060625 0.085833
0 0.285625 0.065833 0.060000 0.085000
0 0.277813 0.040000 0.066875 0.076667
0 0.100625 0.334583 0.058750 0.059167
0 0.162188 0.436667 0.066875 0.066667
0 0.105000 0.535417 0.055000 0.087500
0 0.036875 0.691250 0.060000 0.057500
0 0.139375 0.935417 0.056250 0.072500
0 0.165000 0.705000 0.052500 0.080000
0 0.318125 0.739167 0.061250 0.083333
0 0.225000 0.954167 0.058750 0.076667
0 0.310625 0.960000 0.047500 0.071667
0 0.439375 0.863333 0.063750 0.066667
0 0.500000 0.743333 0.060000 0.053333
0 0.513437 0.791250 0.053125 0.074167
0 0.543438 0.815417 0.053125 0.072500
0 0.644062 0.855417 0.056875 0.095833
0 0.970625 0.754583 0.056250 0.072500
0 0.962812 0.902917 0.039375 0.099167
0 0.820000 0.912500 0.057500 0.083333
0 0.905937 0.864167 0.056875 0.081667
0 0.732812 0.944583 0.054375 0.075833
0 0.797813 0.754167 0.050625 0.083333
0 0.700937 0.667917 0.044375 0.089167
0 0.564375 0.657500 0.060000 0.080000
0 0.707812 0.535000 0.058125 0.083333
0 0.420000 0.348333 0.051250 0.076667
0 0.292812 0.559167 0.056875 0.081667
0 0.249688 0.658750 0.065625 0.072500
0 0.459375 0.251667 0.067500 0.091667
0 0.314375 0.248750 0.060000 0.085833
0 0.866563 0.146667 0.041875 0.095000
0 0.625000 0.329583 0.065000 0.084167
0 0.802188 0.263750 0.055625 0.085833
0 0.585000 0.232083 0.072500 0.072500
0 0.437812 0.196250 0.053125 0.095833
0 0.515000 0.149583 0.056250 0.085833
0 0.528750 0.108333 0.048750 0.083333
0 0.799063 0.551250 0.055625 0.077500
0 0.425938 0.551667 0.063125 0.070000
0 0.632812 0.531667 0.060625 0.068333
0 0.832812 0.501250 0.056875 0.084167
0 0.685625 0.411667 0.051250 0.095000
0 0.905000 0.729167 0.043750 0.068333
0 0.408438 0.163750 0.063125 0.090833
0 0.726875 0.562500 0.060000 0.078333
0 0.966250 0.462083 0.061250 0.077500
0 0.279062 0.527917 0.095625 0.049167
