0 0.460000 0.213333 0.063750 0.080000
0 0.829063 0.202500 0.064375 0.083333
0 0.038437 0.577083 0.058125 0.082500
0 0.466562 0.488750 0.070625 0.080833
0 0.149375 0.321250 0.065000 0.089167
0 0.675937 0.090417 0.061875 0.082500
0 0.730313 0.232917 0.068125 0.079167
0 0.340625 0.285417 0.058750 0.080833
0 0.501875 0.283333 0.055000 0.081667
0 0.081562 0.250833 0.065625 0.086667
0 0.554063 0.556250 0.068125 0.085833
0 0.563750 0.706667 0.066250 0.093333
0 0.708438 0.909167 0.071875 0.093333
0 0.249375 0.694167 0.052500 0.080000
0 0.585313 0.409167 0.070625 0.088333
0 0.236563 0.393333 0.059375 0.080000
0 0.442812 0.056250 0.063125 0.077500
0 0.847500 0.848750 0.067500 0.085833
0 0.283125 0.245000 0.058750 0.076667
0 0.956562 0.217500 0.061875 0.081667
0 0.774062 0.095000 0.074375 0.076667
0 0.465313 0.127917 0.066875 0.089167
0 0.463125 0.671250 0.062500 0.062500
0 0.185625 0.112917 0.056250 0.094167
0 0.296250 0.523750 0.063750 0.089167
0 0.276875 0.624167 0.075000 0.083333
0 0.597500 0.283333 0.061250 0.081667
0 0.580937 0.490417 0.068125 0.080833
0 0.098125 0.127500 0.057500 0.073333
0 0.894375 0.268333 0.063750 0.076667
0 0.639687 0.342917 0.058125 0.082500
0 0.297500 0.733333 0.060000 0.105000
0 0.200000 0.244167 0.070000 0.080000
0 0.773125 0.322500 0.065000 0.085000
0 0.127500 0.191667 0.057500 0.066667
0 0.644062 0.436250 0.060625 0.089167
0 0.308750 0.380000 0.077500 0.098333
0 0.572187 0.802083 0.061875 0.092500
0 0.209375 0.581667 0.060000 0.088333
0 0.533125 0.160417 0.065000 0.079167
0 0.932500 0.538333 0.055000 0.081667
0 0.862187 0.340417 0.059375 0.077500
0 0.404687 0.257917 0.070625 0.084167
0 0.148750 0.917917 0.067500 0.085833
0 0.382500 0.065833 0.053750 0.090000
1 0.511563 0.754167 0.075625 0.110000
0 0.730625 0.547083 0.057500 0.075833
0 0.293125 0.150417 0.075000 0.094167
0 0.089375 0.681250 0.080000 0.084167
0 0.147187 0.566250 0.066875 0.090833
0 0.435937 0.287917 0.064375 0.077500
0 0.344687 0.202083 0.071875 0.070833
0 0.712187 0.810000 0.065625 0.076667
0 0.230313 0.198750 0.064375 0.077500
0 0.414687 0.792917 0.070625 0.099167
0 0.851562 0.658750 0.064375 0.097500
0 0.371250 0.744167 0.066250 0.080000
4 0.105625 0.765417 0.091250 0.102500
0 0.070625 0.060417 0.070000 0.082500
0 0.090625 0.341667 0.060000 0.078333
0 0.741250 0.451667 0.061250 0.065000
0 0.358438 0.077500 0.069375 0.073333
0 0.671250 0.250833 0.058750 0.068333
0 0.710313 0.657500 0.066875 0.080000
0 0.130938 0.838333 0.066875 0.076667
0 0.668750 0.188333 0.055000 0.075000
0 0.815000 0.540417 0.097500 0.105833
0 0.705625 0.416250 0.065000 0.094167
1 0.675625 0.585417 0.086250 0.105833
0 0.607812 0.145833 0.068125 0.075000
0 0.043125 0.825000 0.075000 0.091667
0 0.094687 0.604167 0.079375 0.085000
0 0.620313 0.127500 0.059375 0.086667
0 0.208750 0.912083 0.051250 0.095833
0 0.860938 0.422500 0.068125 0.081667
0 0.518125 0.050833 0.072500 0.101667
1 0.882812 0.587083 0.089375 0.084167
1 0.209687 0.499167 0.085625 0.096667
0 0.172500 0.603750 0.066250 0.087500
0 0.089375 0.885833 0.058750 0.078333
0 0.844063 0.314167 0.068125 0.076667
0 0.869687 0.460833 0.073125 0.086667
0 0.883437 0.499167 0.069375 0.085000
0 0.706250 0.722083 0.076250 0.082500
0 0.697187 0.770000 0.063125 0.093333
0 0.033438 0.327917 0.059375 0.082500
