0 0.648125 0.165000 0.076250 0.100000
0 0.587500 0.089167 0.068750 0.095000
0 0.731875 0.606667 0.068750 0.088333
0 0.776250 0.868750 0.063750 0.082500
0 0.691250 0.688333 0.076250 0.096667
0 0.445000 0.133333 0.062500 0.080000
0 0.845000 0.880000 0.073750 0.093333
0 0.589063 0.286250 0.071875 0.102500
0 0.517813 0.112917 0.065625 0.087500
0 0.111250 0.312917 0.062500 0.109167
0 0.774687 0.527083 0.069375 0.100833
0 0.864688 0.698750 0.069375 0.095833
0 0.766875 0.257917 0.072500 0.100833
0 0.790937 0.667917 0.065625 0.099167
0 0.388437 0.717083 0.066875 0.099167
0 0.350938 0.909583 0.061875 0.089167
0 0.060000 0.831667 0.072500 0.091667
0 0.792188 0.772917 0.073125 0.095833
0 0.269375 0.742500 0.078750 0.098333
0 0.300938 0.827083 0.081875 0.092500
0 0.510938 0.428333 0.074375 0.103333
0 0.670937 0.858333 0.088125 0.095000
0 0.453750 0.382500 0.068750 0.093333
0 0.564375 0.184583 0.065000 0.097500
0 0.716562 0.765417 0.078125 0.102500
0 0.241563 0.097083 0.060625 0.090833
0 0.672813 0.056250 0.060625 0.099167
0 0.388125 0.813750 0.068750 0.087500
0 0.569375 0.717500 0.082500 0.105000
0 0.870313 0.794583 0.064375 0.085833
0 0.238437 0.895833 0.070625 0.093333
0 0.873750 0.075833 0.063750 0.086667
0 0.175625 0.139167 0.075000 0.093333
0 0.653438 0.619583 0.074375 0.095833
0 0.158750 0.915417 0.082500 0.084167
0 0.148125 0.226250 0.067500 0.092500
0 0.226562 0.306667 0.063125 0.091667
0 0.711250 0.205000 0.061250 0.091667
0 0.359687 0.055833 0.063125 0.088333
0 0.405000 0.193750 0.067500 0.100833
0 0.320000 0.682083 0.065000 0.084167
0 0.683438 0.507500 0.071875 0.096667
0 0.312500 0.237083 0.066250 0.100833
0 0.851562 0.603750 0.073125 0.099167
0 0.725000 0.113750 0.070000 0.072500
0 0.601250 0.568333 0.063750 0.085000
0 0.056250 0.358750 0.066250 0.104167
0 0.553750 0.626250 0.076250 0.095833
0 0.690625 0.948333 0.077500 0.081667
0 0.173437 0.832083 0.068125 0.085833
0 0.161875 0.554583 0.062500 0.089167
0 0.786875 0.345833 0.060000 0.080000
0 0.134687 0.758333 0.065625 0.091667
0 0.443437 0.050000 0.081875 0.088333
0 0.910625 0.262083 0.067500 0.095833
0 0.408438 0.546250 0.070625 0.097500
0 0.952812 0.681667 0.073125 0.098333
0 0.543125 0.349583 0.086250 0.102500
0 0.370000 0.424167 0.076250 0.083333
0 0.351250 0.152500 0.073750 0.100000
0 0.508437 0.890833 0.068125 0.096667
0 0.437500 0.621667 0.063750 0.070000
0 0.497500 0.295000 0.071250 0.100000
0 0.250000 0.648333 0.061250 0.085000
0 0.135625 0.645417 0.060000 0.085833
0 0.810937 0.096667 0.064375 0.083333
0 0.219375 0.510833 0.063750 0.085000
0 0.785312 0.943750 0.075625 0.075833
0 0.168750 0.379583 0.073750 0.082500
0 0.467500 0.749583 0.072500 0.089167
0 0.424687 0.886667 0.064375 0.081667
0 0.631250 0.242917 0.078750 0.080833
0 0.274687 0.396667 0.068125 0.091667
0 0.624687 0.811250 0.071875 0.087500
0 0.364063 0.312083 0.070625 0.114167
0 0.960000 0.589583 0.070000 0.092500
0 0.495937 0.615417 0.058125 0.094167
0 0.552813 0.922083 0.074375 0.110833
0 0.033750 0.477083 0.067500 0.104167
0 0.855938 0.378750 0.070625 0.082500
0 0.071563 0.684167 0.061875 0.103333
0 0.924687 0.824583 0.073125 0.112500
0 0.842812 0.477917 0.074375 0.097500
0 0.967187 0.241250 0.064375 0.097500
0 0.184375 0.279167 0.078750 0.130000
