0 0.811250 0.585417 0.072500 0.110833
0 0.868437 0.095000 0.074375 0.108333
0 0.491250 0.893333 0.077500 0.095000
0 0.616875 0.365000 0.081250 0.093333
0 0.781250 0.706250 0.086250 0.112500
0 0.311250 0.853750 0.082500 0.109167
0 0.538438 0.773750 0.085625 0.107500
0 0.160938 0.200000 0.073125 0.096667
0 0.251875 0.492500 0.078750 0.111667
0 0.835313 0.945833 0.083125 0.103333
0 0.467500 0.394583 0.066250 0.094167
0 0.068437 0.068750 0.075625 0.100833
0 0.692187 0.538333 0.080625 0.078333
0 0.411562 0.459583 0.080625 0.105833
0 0.493125 0.492917 0.077500 0.092500
0 0.401250 0.273750 0.077500 0.099167
0 0.767188 0.838750 0.058125 0.107500
0 0.223750 0.277917 0.071250 0.105833
0 0.066875 0.692917 0.070000 0.085833
0 0.391562 0.075833 0.079375 0.100000
0 0.270937 0.209583 0.080625 0.102500
0 0.488125 0.207083 0.083750 0.109167
0 0.360312 0.176250 0.076875 0.100833
0 0.346875 0.760417 0.085000 0.117500
0 0.119063 0.395833 0.059375 0.103333
0 0.043125 0.917917 0.075000 0.097500
0 0.565937 0.093750 0.078125 0.085833
0 0.173125 0.079583 0.075000 0.094167
0 0.520625 0.642917 0.072500 0.102500
0 0.284687 0.128750 0.076875 0.099167
0 0.621563 0.781250 0.076875 0.109167
0 0.158438 0.844167 0.076875 0.083333
0 0.097187 0.150000 0.079375 0.101667
0 0.441250 0.795833 0.078750 0.101667
0 0.171875 0.557917 0.090000 0.114167
0 0.107500 0.487500 0.078750 0.101667
3 0.129688 0.647083 0.099375 0.119167
0 0.071563 0.263333 0.063125 0.111667
0 0.613750 0.882083 0.075000 0.104167
0 0.649062 0.111250 0.069375 0.100833
0 0.798750 0.217083 0.073750 0.102500
0 0.188125 0.654167 0.076250 0.083333
0 0.553438 0.860000 0.068125 0.093333
0 0.620313 0.139167 0.073125 0.083333
0 0.725000 0.612917 0.078750 0.097500
0 0.954375 0.905833 0.085000 0.113333
0 0.757812 0.389583 0.068125 0.089167
0 0.662500 0.610833 0.090000 0.113333
0 0.775000 0.302917 0.093750 0.115833
0 0.849063 0.314583 0.073125 0.095833
0 0.829688 0.438750 0.070625 0.094167
