0 0.190312 0.317083 0.060625 0.079167
0 0.695000 0.313750 0.073750 0.089167
4 0.264375 0.199583 0.076250 0.099167
0 0.832187 0.101667 0.065625 0.081667
0 0.746875 0.532083 0.078750 0.104167
0 0.094687 0.305417 0.060625 0.085833
0 0.120000 0.750833 0.060000 0.086667
0 0.880625 0.216667 0.058750 0.081667
0 0.840938 0.667083 0.074375 0.092500
0 0.327500 0.495000 0.067500 0.085000
0 0.874375 0.524167 0.067500 0.088333
0 0.626250 0.143333 0.070000 0.095000
0 0.618750 0.622083 0.072500 0.100833
0 0.835000 0.385000 0.075000 0.095000
0 0.174375 0.882500 0.075000 0.103333
0 0.839688 0.901250 0.070625 0.089167
0 0.338125 0.332500 0.067500 0.085000
0 0.654062 0.235000 0.066875 0.083333
0 0.651250 0.945417 0.075000 0.102500
0 0.331562 0.138333 0.071875 0.096667
0 0.402187 0.113750 0.076875 0.109167
0 0.193438 0.714167 0.066875 0.085000
0 0.473750 0.449167 0.063750 0.088333
0 0.194688 0.519167 0.071875 0.091667
0 0.143125 0.585000 0.067500 0.086667
0 0.951562 0.047500 0.064375 0.090000
0 0.396250 0.523750 0.068750 0.102500
0 0.071875 0.161667 0.071250 0.088333
0 0.240313 0.773333 0.070625 0.096667
0 0.943438 0.510000 0.061875 0.086667
0 0.105000 0.524583 0.063750 0.080833
0 0.389688 0.922500 0.064375 0.100000
0 0.613750 0.384583 0.070000 0.097500
0 0.102500 0.115833 0.057500 0.086667
0 0.751875 0.094583 0.065000 0.084167
0 0.553125 0.410000 0.065000 0.083333
0 0.475313 0.560000 0.074375 0.098333
0 0.960938 0.586250 0.071875 0.089167
0 0.613125 0.342500 0.060000 0.088333
0 0.167813 0.052083 0.075625 0.097500
0 0.408750 0.857500 0.088750 0.090000
0 0.429688 0.511250 0.068125 0.085833
0 0.437812 0.367083 0.076875 0.090833
0 0.405000 0.336667 0.060000 0.098333
0 0.719688 0.075000 0.059375 0.088333
4 0.862187 0.565417 0.084375 0.107500
0 0.961875 0.306250 0.060000 0.080833
0 0.365000 0.954583 0.075000 0.084167
0 0.560000 0.342500 0.051250 0.088333
0 0.508750 0.462917 0.058750 0.125833
