0 0.622188 0.095833 0.065625 0.078333
0 0.130312 0.365000 0.059375 0.091667
0 0.511563 0.151250 0.068125 0.095833
0 0.749062 0.306667 0.068125 0.090000
0 0.851562 0.317083 0.070625 0.090833
0 0.781250 0.645000 0.085000 0.098333
0 0.183750 0.675000 0.071250 0.093333
0 0.781875 0.376667 0.066250 0.075000
0 0.400313 0.574583 0.064375 0.079167
0 0.820937 0.573333 0.056875 0.091667
0 0.292812 0.448333 0.068125 0.093333
0 0.944688 0.328333 0.063125 0.088333
0 0.624375 0.553750 0.066250 0.095833
0 0.212500 0.294167 0.063750 0.076667
0 0.255937 0.884583 0.075625 0.089167
0 0.215000 0.575417 0.070000 0.089167
1 0.067500 0.595833 0.073750 0.118333
0 0.444375 0.145000 0.060000 0.081667
0 0.133750 0.623750 0.063750 0.080833
0 0.420000 0.800833 0.072500 0.096667
0 0.406562 0.442500 0.069375 0.085000
0 0.762813 0.877917 0.055625 0.080833
1 0.058438 0.947500 0.078125 0.100000
0 0.051250 0.437500 0.058750 0.081667
0 0.700313 0.369583 0.061875 0.094167
0 0.905625 0.640000 0.060000 0.090000
0 0.580625 0.542917 0.060000 0.090833
0 0.750000 0.450833 0.062500 0.071667
0 0.734062 0.703333 0.058125 0.075000
0 0.478750 0.536250 0.053750 0.095833
0 0.536250 0.770417 0.058750 0.060833
0 0.592812 0.208750 0.066875 0.084167
0 0.122813 0.881250 0.058125 0.080833
0 0.322500 0.850000 0.062500 0.090000
0 0.386875 0.354167 0.062500 0.086667
0 0.107188 0.693750 0.055625 0.079167
0 0.307500 0.227500 0.058750 0.080000
0 0.940937 0.945417 0.058125 0.094167
0 0.685625 0.817917 0.067500 0.080833
0 0.864062 0.235833 0.055625 0.088333
0 0.868125 0.500417 0.060000 0.079167
0 0.197813 0.835833 0.074375 0.090000
0 0.437188 0.043750 0.059375 0.077500
0 0.356250 0.502917 0.063750 0.105833
0 0.246875 0.191667 0.062500 0.078333
0 0.223438 0.105417 0.055625 0.092500
0 0.673125 0.672917 0.051250 0.072500
0 0.861250 0.898333 0.055000 0.083333
1 0.885000 0.420833 0.078750 0.121667
0 0.815625 0.900417 0.058750 0.080833
0 0.640938 0.684583 0.056875 0.089167
0 0.940000 0.847917 0.057500 0.079167
1 0.189375 0.082500 0.068750 0.121667
0 0.276562 0.292500 0.071875 0.063333
0 0.607187 0.425000 0.055625 0.088333
0 0.671875 0.765417 0.056250 0.074167
0 0.257500 0.226667 0.050000 0.066667
0 0.966250 0.518333 0.051250 0.071667
0 0.597187 0.670000 0.049375 0.071667
0 0.931250 0.533750 0.060000 0.079167
0 0.713750 0.917500 0.061250 0.076667
0 0.466875 0.727917 0.065000 0.062500
3 0.256875 0.821250 0.068750 0.109167
0 0.287500 0.350417 0.048750 0.059167
0 0.235937 0.541250 0.055625 0.067500
0 0.568125 0.406667 0.055000 0.100000
0 0.684063 0.895833 0.050625 0.068333
0 0.526250 0.719167 0.055000 0.073333
0 0.262813 0.955833 0.049375 0.070000
0 0.024063 0.874583 0.046875 0.092500
0 0.463750 0.918750 0.051250 0.069167
0 0.975000 0.654167 0.050000 0.070000
0 0.975000 0.096667 0.050000 0.090000
0 0.579375 0.639167 0.056250 0.076667
0 0.534062 0.800000 0.063125 0.076667
