0 0.654062 0.177917 0.069375 0.090833
0 0.374375 0.547083 0.072500 0.097500
0 0.402187 0.327083 0.080625 0.102500
0 0.934688 0.725833 0.073125 0.096667
0 0.841250 0.377083 0.065000 0.100833
0 0.110937 0.717083 0.080625 0.100833
0 0.910937 0.225833 0.069375 0.096667
0 0.361250 0.176250 0.078750 0.095833
0 0.148750 0.838333 0.081250 0.103333
0 0.089063 0.249583 0.079375 0.102500
0 0.485938 0.510833 0.080625 0.105000
0 0.841250 0.190000 0.072500 0.095000
0 0.546562 0.436250 0.079375 0.104167
0 0.623437 0.382917 0.069375 0.105833
3 0.743125 0.296667 0.078750 0.116667
0 0.696250 0.392083 0.077500 0.097500
0 0.704063 0.502083 0.063125 0.110833
0 0.470625 0.237500 0.081250 0.108333
0 0.229063 0.160417 0.085625 0.102500
0 0.605625 0.489583 0.070000 0.092500
0 0.786250 0.561250 0.077500 0.090833
0 0.899687 0.059167 0.070625 0.098333
3 0.229687 0.472917 0.084375 0.130833
0 0.892813 0.931250 0.079375 0.099167
0 0.583438 0.701667 0.069375 0.098333
0 0.801250 0.302500 0.052500 0.100000
0 0.673750 0.687917 0.078750 0.102500
0 0.234687 0.067083 0.076875 0.107500
0 0.279062 0.630000 0.074375 0.101667
0 0.475000 0.055833 0.078750 0.100000
0 0.650312 0.735000 0.071875 0.093333
0 0.300938 0.090833 0.076875 0.098333
0 0.099375 0.086250 0.080000 0.089167
0 0.380625 0.721250 0.062500 0.105833
0 0.719688 0.618333 0.078125 0.113333
0 0.185938 0.640417 0.073125 0.117500
0 0.364687 0.806667 0.059375 0.080000
0 0.161875 0.039583 0.076250 0.077500
0 0.900937 0.372083 0.073125 0.115833
0 0.251563 0.554167 0.075625 0.058333
0 0.298438 0.432083 0.050625 0.087500
0 0.357187 0.552083 0.073125 0.099167
0 0.272188 0.679583 0.054375 0.094167
0 0.259688 0.421667 0.056875 0.125000
