0 0.387500 0.420833 0.068750 0.091667
0 0.463438 0.123333 0.070625 0.093333
0 0.066250 0.655000 0.068750 0.098333
0 0.941250 0.215417 0.057500 0.080833
0 0.482187 0.882083 0.064375 0.082500
0 0.414062 0.833750 0.073125 0.092500
0 0.153750 0.139583 0.073750 0.092500
0 0.540625 0.377500 0.053750 0.081667
0 0.044375 0.837083 0.072500 0.095833
0 0.239687 0.120000 0.073125 0.091667
0 0.420938 0.289167 0.061875 0.083333
0 0.875000 0.645833 0.080000 0.096667
0 0.358125 0.312500 0.076250 0.100000
0 0.242188 0.379583 0.061875 0.089167
0 0.334688 0.634167 0.070625 0.108333
0 0.584688 0.921667 0.073125 0.101667
0 0.052187 0.310000 0.059375 0.075000
0 0.744062 0.572500 0.061875 0.078333
0 0.716562 0.860833 0.064375 0.086667
0 0.494688 0.192500 0.070625 0.088333
0 0.705625 0.058333 0.063750 0.081667
0 0.499063 0.721667 0.071875 0.093333
0 0.931875 0.929583 0.068750 0.102500
0 0.155000 0.753750 0.073750 0.099167
0 0.686250 0.751667 0.076250 0.098333
0 0.274062 0.485833 0.074375 0.100000
0 0.730625 0.675000 0.078750 0.115000
0 0.660312 0.363750 0.071875 0.090833
0 0.678125 0.514167 0.073750 0.096667
0 0.093750 0.471667 0.076250 0.096667
0 0.423125 0.202917 0.068750 0.090833
0 0.676875 0.230833 0.066250 0.100000
0 0.254063 0.779583 0.063125 0.097500
0 0.213750 0.449583 0.068750 0.104167
0 0.093750 0.259167 0.063750 0.080000
0 0.619687 0.264583 0.070625 0.095833
0 0.465313 0.348333 0.058125 0.085000
0 0.058438 0.141250 0.073125 0.095833
0 0.922813 0.059583 0.065625 0.087500
0 0.205937 0.802917 0.069375 0.095833
0 0.133125 0.241667 0.067500 0.091667
0 0.359063 0.772083 0.071875 0.102500
0 0.756563 0.301667 0.070625 0.083333
0 0.088438 0.064167 0.070625 0.105000
0 0.857500 0.525833 0.083750 0.078333
0 0.829063 0.057083 0.068125 0.092500
0 0.875938 0.324583 0.070625 0.075833
0 0.050000 0.916250 0.053750 0.079167
0 0.824375 0.152917 0.071250 0.075833
0 0.210938 0.538750 0.055625 0.072500
0 0.478750 0.424167 0.070000 0.090000
0 0.795312 0.218750 0.055625 0.070833
0 0.904687 0.140417 0.065625 0.077500
4 0.873750 0.273333 0.080000 0.080000
0 0.295625 0.783750 0.056250 0.087500
0 0.726875 0.245833 0.055000 0.081667
0 0.947500 0.564583 0.055000 0.119167
0 0.205313 0.903333 0.051875 0.085000
0 0.846562 0.091250 0.073125 0.077500
0 0.887500 0.206667 0.055000 0.058333
