0 0.072813 0.740417 0.064375 0.097500
0 0.765312 0.066667 0.068125 0.088333
0 0.123125 0.447500 0.071250 0.095000
0 0.485938 0.335000 0.070625 0.098333
0 0.645938 0.330417 0.075625 0.087500
0 0.205000 0.639583 0.068750 0.094167
0 0.880000 0.827500 0.066250 0.085000
0 0.351562 0.919167 0.066875 0.080000
0 0.597187 0.772917 0.061875 0.080833
0 0.931250 0.179583 0.072500 0.094167
0 0.846875 0.235417 0.075000 0.104167
0 0.541250 0.830833 0.067500 0.095000
0 0.667813 0.731667 0.068125 0.085000
0 0.404375 0.307083 0.065000 0.094167
0 0.653750 0.094583 0.075000 0.099167
0 0.338125 0.374583 0.070000 0.084167
0 0.171250 0.104167 0.067500 0.093333
0 0.788125 0.908750 0.073750 0.104167
0 0.698438 0.879167 0.059375 0.083333
0 0.095312 0.933333 0.060625 0.081667
0 0.269375 0.300417 0.071250 0.095833
0 0.141563 0.694583 0.070625 0.094167
0 0.648125 0.824167 0.062500 0.085000
0 0.123438 0.833333 0.070625 0.093333
0 0.074375 0.330417 0.061250 0.097500
0 0.468750 0.215417 0.075000 0.100833
0 0.280000 0.599167 0.075000 0.106667
0 0.942187 0.724167 0.073125 0.098333
0 0.221875 0.920417 0.073750 0.094167
0 0.338750 0.244167 0.076250 0.105000
0 0.873750 0.585833 0.063750 0.086667
0 0.045625 0.135417 0.061250 0.095833
0 0.355938 0.124583 0.068125 0.092500
0 0.600313 0.202083 0.073125 0.095833
0 0.943750 0.644583 0.065000 0.097500
0 0.476562 0.462917 0.075625 0.102500
0 0.855625 0.434167 0.085000 0.106667
0 0.870313 0.055833 0.081875 0.103333
0 0.635000 0.575833 0.066250 0.101667
0 0.066250 0.602500 0.075000 0.090000
0 0.489687 0.914583 0.073125 0.095833
0 0.316250 0.112500 0.067500 0.095000
0 0.536250 0.700417 0.056250 0.075833
0 0.039062 0.337083 0.066875 0.084167
0 0.702812 0.607500 0.061875 0.068333
0 0.691562 0.490000 0.050625 0.083333
0 0.246562 0.048333 0.083125 0.096667
0 0.402500 0.041250 0.066250 0.082500
0 0.700625 0.558750 0.061250 0.059167
1 0.829375 0.533750 0.080000 0.102500
1 0.241563 0.450417 0.094375 0.145833
0 0.731250 0.519167 0.042500 0.066667
