0 0.675000 0.375833 0.067500 0.088333
0 0.839688 0.138750 0.070625 0.085833
0 0.614375 0.298750 0.065000 0.079167
0 0.832187 0.669583 0.075625 0.075833
0 0.751875 0.687500 0.063750 0.088333
0 0.705313 0.767500 0.066875 0.083333
0 0.748125 0.389167 0.067500 0.090000
0 0.643125 0.214167 0.072500 0.090000
0 0.918750 0.473333 0.071250 0.093333
0 0.480312 0.382083 0.083125 0.084167
0 0.962187 0.543333 0.070625 0.085000
0 0.188438 0.470417 0.076875 0.105833
0 0.661563 0.110000 0.100625 0.071667
0 0.370000 0.174167 0.071250 0.090000
0 0.385937 0.302083 0.086875 0.104167
0 0.377812 0.728333 0.066875 0.093333
0 0.366563 0.382083 0.085625 0.095833
0 0.568750 0.729167 0.085000 0.111667
6 0.772500 0.258333 0.103750 0.105000
