0 0.944063 0.227500 0.074375 0.096667
0 0.241563 0.502500 0.063125 0.085000
0 0.932187 0.487917 0.059375 0.082500
0 0.505313 0.146250 0.065625 0.090833
0 0.487812 0.915417 0.075625 0.097500
0 0.490312 0.251250 0.075625 0.097500
0 0.511563 0.602083 0.065625 0.077500
0 0.730625 0.242083 0.073750 0.100833
0 0.457188 0.086250 0.071875 0.099167
0 0.673438 0.295000 0.068125 0.086667
0 0.525000 0.747083 0.067500 0.085833
0 0.626875 0.333333 0.080000 0.073333
0 0.626563 0.822083 0.065625 0.089167
0 0.125000 0.156667 0.076250 0.096667
0 0.670312 0.926667 0.061875 0.070000
0 0.610313 0.910417 0.061875 0.090833
0 0.770625 0.836667 0.088750 0.095000
5 0.327500 0.251667 0.068750 0.083333
0 0.624062 0.621250 0.063125 0.075833
0 0.685625 0.515417 0.073750 0.089167
0 0.283438 0.553750 0.058125 0.065833
0 0.269688 0.417500 0.080625 0.093333
0 0.812813 0.523333 0.071875 0.095000
0 0.442188 0.187083 0.076875 0.102500
0 0.733750 0.771667 0.072500 0.080000
5 0.811250 0.335417 0.068750 0.090833
0 0.683750 0.825000 0.065000 0.085000
0 0.415625 0.607917 0.066250 0.094167
0 0.765312 0.162917 0.071875 0.087500
0 0.678750 0.718750 0.075000 0.097500
0 0.269062 0.185833 0.068125 0.081667
0 0.514375 0.338333 0.062500 0.080000
0 0.566250 0.472083 0.052500 0.070833
0 0.555000 0.929583 0.071250 0.099167
0 0.750938 0.496250 0.069375 0.100833
0 0.146875 0.529583 0.075000 0.102500
0 0.689375 0.924167 0.071250 0.098333
0 0.752188 0.912083 0.069375 0.079167
0 0.445937 0.747917 0.068125 0.084167
0 0.634062 0.397917 0.058125 0.062500
0 0.883437 0.436667 0.064375 0.085000
0 0.283750 0.620000 0.062500 0.076667
0 0.508437 0.515000 0.048125 0.085000
0 0.470625 0.802500 0.062500 0.086667
0 0.083750 0.453333 0.075000 0.090000
0 0.456875 0.338333 0.065000 0.098333
0 0.736250 0.694167 0.047500 0.085000
0 0.864688 0.367083 0.044375 0.079167
0 0.394062 0.201250 0.070625 0.094167
0 0.391562 0.718750 0.054375 0.080833
0 0.854062 0.837083 0.074375 0.092500
0 0.321250 0.332500 0.066250 0.090000
0 0.453437 0.566667 0.068125 0.083333
0 0.304375 0.686667 0.083750 0.080000
0 0.780312 0.723333 0.055625 0.076667
0 0.896563 0.303333 0.059375 0.080000
0 0.682813 0.070833 0.088125 0.110000
0 0.626250 0.484167 0.072500 0.081667
0 0.835625 0.447500 0.075000 0.090000
0 0.406250 0.345417 0.060000 0.075833
0 0.342187 0.765000 0.056875 0.076667
0 0.398750 0.624583 0.063750 0.087500
0 0.209687 0.408750 0.055625 0.075833
0 0.680625 0.651667 0.057500 0.075000
0 0.214375 0.212500 0.076250 0.096667
4 0.580937 0.541667 0.085625 0.105000
0 0.585000 0.755000 0.060000 0.095000
0 0.609375 0.056250 0.066250 0.099167
0 0.603750 0.729167 0.077500 0.098333
0 0.777188 0.621667 0.044375 0.090000
0 0.929688 0.800000 0.058125 0.085000
0 0.499063 0.685000 0.066875 0.088333
0 0.210625 0.294583 0.072500 0.092500
0 0.730625 0.585833 0.065000 0.093333
0 0.754062 0.090833 0.068125 0.085000
0 0.877812 0.765000 0.076875 0.101667
0 0.464375 0.482500 0.053750 0.068333
0 0.430000 0.452917 0.052500 0.064167
0 0.366875 0.410000 0.065000 0.068333
0 0.294063 0.314583 0.060625 0.092500
4 0.927813 0.332500 0.090625 0.116667
4 0.067187 0.499583 0.109375 0.164167
