0 0.549063 0.860833 0.076875 0.096667
0 0.410000 0.063750 0.082500 0.094167
0 0.835313 0.391250 0.068125 0.092500
0 0.508437 0.205833 0.074375 0.095000
0 0.724063 0.634167 0.076875 0.096667
0 0.410313 0.194583 0.074375 0.100833
0 0.571562 0.157917 0.070625 0.105833
0 0.879375 0.315000 0.077500 0.098333
0 0.231563 0.664167 0.068125 0.108333
0 0.779062 0.830833 0.079375 0.103333
0 0.224375 0.395833 0.071250 0.091667
0 0.789062 0.900000 0.075625 0.105000
0 0.854688 0.177500 0.076875 0.096667
0 0.914062 0.702917 0.074375 0.097500
0 0.478125 0.894167 0.076250 0.110000
0 0.779375 0.703750 0.071250 0.115833
0 0.528125 0.763750 0.063750 0.100833
0 0.730625 0.077083 0.081250 0.120833
0 0.135625 0.166250 0.075000 0.099167
0 0.196250 0.294167 0.070000 0.093333
0 0.753125 0.264583 0.081250 0.105833
0 0.686562 0.412083 0.071875 0.094167
0 0.354375 0.722917 0.081250 0.107500
0 0.407187 0.937500 0.064375 0.100000
0 0.052500 0.222500 0.067500 0.091667
0 0.477500 0.600833 0.076250 0.098333
0 0.850625 0.610833 0.082500 0.106667
0 0.218438 0.918333 0.063125 0.101667
0 0.298438 0.394583 0.073125 0.100833
0 0.689688 0.746667 0.069375 0.101667
0 0.588437 0.632500 0.079375 0.103333
0 0.503125 0.465833 0.071250 0.091667
0 0.438125 0.813333 0.083750 0.081667
0 0.242812 0.821667 0.066875 0.103333
0 0.345000 0.918333 0.071250 0.100000
0 0.205625 0.518750 0.080000 0.094167
0 0.282813 0.709583 0.069375 0.100833
0 0.670937 0.553750 0.065625 0.107500
0 0.101562 0.663333 0.070625 0.081667
0 0.179688 0.206250 0.066875 0.092500
0 0.845000 0.704167 0.073750 0.101667
0 0.641563 0.155000 0.075625 0.088333
0 0.356875 0.477083 0.081250 0.105833
0 0.612187 0.352500 0.075625 0.108333
0 0.120313 0.255000 0.075625 0.095000
0 0.965938 0.911250 0.066875 0.094167
0 0.644062 0.070000 0.071875 0.098333
0 0.532813 0.564167 0.058125 0.100000
0 0.080625 0.452917 0.078750 0.097500
0 0.806562 0.318333 0.071875 0.120000
0 0.097812 0.909583 0.071875 0.100833
0 0.579063 0.482083 0.078125 0.092500
0 0.882812 0.081667 0.076875 0.101667
0 0.455313 0.382083 0.069375 0.089167
0 0.634687 0.877083 0.068125 0.102500
0 0.304375 0.065417 0.077500 0.095833
0 0.140937 0.422500 0.099375 0.086667
0 0.841562 0.508750 0.073125 0.095833
0 0.494063 0.373333 0.076875 0.093333
0 0.932813 0.459583 0.073125 0.092500
1 0.461562 0.713750 0.094375 0.137500
0 0.565000 0.412500 0.081250 0.096667
0 0.660000 0.779167 0.077500 0.100000
0 0.151562 0.926667 0.073125 0.118333
0 0.296875 0.877917 0.062500 0.097500
0 0.607812 0.949583 0.068125 0.090833
6 0.376563 0.285833 0.088125 0.141667
0 0.366875 0.865833 0.068750 0.105000
0 0.134375 0.572917 0.077500 0.097500
0 0.573125 0.937500 0.077500 0.096667
0 0.352187 0.827500 0.073125 0.093333
0 0.131250 0.502500 0.072500 0.073333
0 0.280938 0.947500 0.066875 0.095000
0 0.657813 0.877500 0.068125 0.095000
0 0.152500 0.588750 0.075000 0.089167
