0 0.805000 0.811250 0.077500 0.097500
0 0.426563 0.286250 0.064375 0.087500
0 0.711562 0.578750 0.069375 0.100833
0 0.847500 0.877917 0.072500 0.084167
0 0.834063 0.288750 0.066875 0.084167
0 0.318125 0.247500 0.071250 0.083333
0 0.337187 0.140833 0.058125 0.078333
0 0.657500 0.490000 0.067500 0.090000
0 0.720000 0.480417 0.071250 0.097500
0 0.310625 0.392500 0.061250 0.095000
0 0.150938 0.060000 0.085625 0.103333
0 0.682187 0.090417 0.068125 0.085833
0 0.795625 0.371250 0.067500 0.084167
0 0.730625 0.334167 0.078750 0.086667
0 0.067187 0.717500 0.076875 0.100000
0 0.400625 0.400417 0.067500 0.095833
0 0.129375 0.151250 0.062500 0.089167
0 0.775625 0.062083 0.068750 0.105833
0 0.790000 0.466667 0.078750 0.111667
0 0.766875 0.621667 0.061250 0.081667
0 0.282813 0.160417 0.063125 0.087500
0 0.372500 0.461667 0.076250 0.096667
0 0.874375 0.658750 0.067500 0.082500
0 0.601250 0.058750 0.065000 0.084167
0 0.759687 0.911667 0.070625 0.083333
0 0.393125 0.177917 0.067500 0.080833
0 0.949063 0.229167 0.071875 0.096667
0 0.877812 0.802500 0.078125 0.091667
0 0.545000 0.616667 0.072500 0.088333
0 0.548438 0.060833 0.059375 0.088333
0 0.795000 0.191250 0.067500 0.097500
0 0.217500 0.499583 0.075000 0.099167
0 0.659687 0.690000 0.069375 0.106667
0 0.442812 0.582500 0.064375 0.090000
0 0.444688 0.639167 0.068125 0.090000
0 0.680312 0.771667 0.064375 0.093333
0 0.838125 0.088750 0.067500 0.090833
0 0.895000 0.544167 0.063750 0.088333
0 0.490312 0.531667 0.075625 0.090000
0 0.600000 0.700833 0.070000 0.096667
0 0.950625 0.546667 0.070000 0.096667
0 0.441875 0.128750 0.067500 0.075833
0 0.967187 0.685000 0.060625 0.081667
0 0.432500 0.939167 0.071250 0.096667
0 0.233750 0.603750 0.063750 0.085833
0 0.542813 0.850417 0.071875 0.102500
0 0.703438 0.950000 0.071875 0.095000
0 0.825625 0.606667 0.068750 0.063333
0 0.599063 0.528333 0.064375 0.101667
0 0.364063 0.072917 0.056875 0.094167
0 0.728125 0.680833 0.061250 0.070000
1 0.819688 0.538333 0.090625 0.101667
0 0.477500 0.172917 0.077500 0.085833
0 0.068125 0.189583 0.081250 0.099167
0 0.505938 0.748333 0.058125 0.071667
0 0.618437 0.822500 0.070625 0.098333
1 0.736875 0.742500 0.082500 0.096667
0 0.619062 0.591250 0.061875 0.082500
1 0.228437 0.125000 0.081875 0.121667
0 0.385000 0.561667 0.058750 0.086667
0 0.169375 0.748333 0.078750 0.100000
0 0.916875 0.722500 0.065000 0.078333
0 0.636563 0.856250 0.064375 0.084167
1 0.343438 0.608750 0.096875 0.104167
1 0.476875 0.802083 0.076250 0.135833
1 0.407813 0.824167 0.066875 0.148333
1 0.106250 0.637083 0.105000 0.144167
0 0.290000 0.072083 0.070000 0.087500
0 0.432500 0.049167 0.043750 0.080000
0 0.111250 0.889167 0.058750 0.075000
0 0.078437 0.815417 0.065625 0.084167
0 0.192500 0.611250 0.058750 0.107500
0 0.536563 0.813750 0.049375 0.084167
0 0.688438 0.808333 0.069375 0.076667
0 0.646875 0.909167 0.053750 0.075000
