0 0.050000 0.288750 0.078750 0.100833
0 0.961250 0.419167 0.076250 0.088333
0 0.451875 0.134583 0.085000 0.110833
0 0.611875 0.505417 0.081250 0.082500
0 0.630938 0.311667 0.060625 0.088333
0 0.740313 0.553750 0.083125 0.100833
0 0.610000 0.677917 0.075000 0.089167
0 0.930937 0.627500 0.076875 0.105000
2 0.785312 0.812083 0.099375 0.122500
0 0.081875 0.942500 0.071250 0.103333
0 0.671250 0.890833 0.066250 0.090000
0 0.588750 0.226250 0.082500 0.094167
0 0.306563 0.520417 0.080625 0.095833
0 0.836562 0.158750 0.071875 0.095833
0 0.165313 0.925000 0.075625 0.096667
0 0.615625 0.865417 0.066250 0.097500
0 0.913750 0.727917 0.073750 0.085833
0 0.685312 0.340417 0.075625 0.095833
0 0.652500 0.627917 0.083750 0.094167
0 0.098437 0.702083 0.073125 0.087500
0 0.840938 0.083750 0.090625 0.105833
0 0.191875 0.149583 0.076250 0.095833
0 0.234063 0.336250 0.086875 0.100833
0 0.381875 0.399583 0.067500 0.094167
1 0.176875 0.204583 0.080000 0.107500
0 0.467187 0.616250 0.069375 0.105833
0 0.559063 0.778750 0.070625 0.094167
0 0.540312 0.803333 0.089375 0.093333
0 0.822187 0.867500 0.073125 0.091667
0 0.495625 0.622917 0.078750 0.092500
0 0.327188 0.512917 0.074375 0.115833
