0 0.940312 0.070833 0.073125 0.111667
0 0.290625 0.667500 0.081250 0.118333
0 0.403750 0.566250 0.065000 0.097500
0 0.313750 0.727917 0.075000 0.102500
0 0.587812 0.781250 0.078125 0.097500
0 0.464375 0.165833 0.083750 0.106667
0 0.806875 0.924583 0.081250 0.100833
0 0.849375 0.513750 0.068750 0.094167
0 0.279375 0.561667 0.078750 0.110000
0 0.612500 0.195000 0.072500 0.093333
0 0.035312 0.577083 0.064375 0.104167
0 0.460625 0.767917 0.076250 0.097500
0 0.241563 0.232917 0.080625 0.099167
0 0.266875 0.392917 0.078750 0.104167
0 0.678438 0.751250 0.074375 0.099167
0 0.702187 0.475833 0.073125 0.100000
0 0.313437 0.265000 0.076875 0.105000
0 0.390937 0.729167 0.083125 0.091667
0 0.686562 0.864167 0.076875 0.098333
0 0.676562 0.194167 0.070625 0.091667
0 0.368437 0.149167 0.061875 0.090000
0 0.768750 0.583750 0.072500 0.097500
0 0.818750 0.371667 0.072500 0.095000
0 0.067187 0.634167 0.079375 0.100000
0 0.084062 0.396667 0.063125 0.101667
0 0.099062 0.068750 0.073125 0.099167
0 0.800937 0.121667 0.070625 0.105000
0 0.706562 0.622500 0.078125 0.091667
0 0.573750 0.346667 0.081250 0.105000
0 0.542813 0.525833 0.078125 0.105000
0 0.142500 0.801250 0.073750 0.095833
2 0.090625 0.292083 0.075000 0.105833
0 0.609062 0.868333 0.071875 0.093333
0 0.623125 0.708333 0.076250 0.113333
0 0.046250 0.737083 0.073750 0.105833
0 0.245938 0.908333 0.074375 0.098333
0 0.164375 0.397500 0.080000 0.101667
0 0.604375 0.497500 0.076250 0.118333
0 0.430000 0.471250 0.077500 0.114167
0 0.534687 0.127917 0.079375 0.104167
5 0.794687 0.770000 0.094375 0.115000
0 0.043750 0.084167 0.067500 0.111667
0 0.132812 0.684167 0.080625 0.106667
0 0.860313 0.842083 0.083125 0.095833
0 0.539375 0.893333 0.076250 0.096667
0 0.693438 0.386667 0.080625 0.080000
0 0.305937 0.875417 0.068125 0.087500
0 0.037187 0.323333 0.061875 0.100000
0 0.747500 0.339167 0.080000 0.083333
0 0.700625 0.773750 0.073750 0.100833
0 0.958750 0.219167 0.081250 0.105000
0 0.090625 0.854583 0.070000 0.097500
0 0.939063 0.812500 0.071875 0.100000
0 0.679688 0.560833 0.073125 0.101667
0 0.951250 0.664167 0.058750 0.103333
0 0.865000 0.713750 0.061250 0.134167
3 0.900625 0.749167 0.076250 0.163333
0 0.939063 0.752083 0.051875 0.090833
