0 0.589688 0.233750 0.075625 0.100833
0 0.554063 0.363750 0.068125 0.097500
0 0.422500 0.459167 0.080000 0.093333
0 0.086563 0.095000 0.070625 0.093333
0 0.480938 0.948333 0.074375 0.100000
0 0.479375 0.549167 0.067500 0.088333
0 0.192500 0.483750 0.072500 0.100833
0 0.192812 0.345833 0.078125 0.108333
0 0.550625 0.174583 0.080000 0.094167
0 0.743437 0.476250 0.083125 0.099167
0 0.903750 0.079167 0.086250 0.110000
0 0.827812 0.154167 0.076875 0.101667
0 0.130938 0.600417 0.074375 0.090833
0 0.333125 0.738333 0.076250 0.088333
0 0.546562 0.700833 0.078125 0.105000
0 0.716250 0.753333 0.068750 0.081667
0 0.289062 0.134583 0.073125 0.092500
0 0.347813 0.458333 0.069375 0.093333
0 0.050313 0.802500 0.068125 0.095000
0 0.663750 0.465000 0.077500 0.100000
0 0.243750 0.639583 0.075000 0.097500
0 0.735000 0.851250 0.071250 0.085833
0 0.170000 0.133750 0.076250 0.095833
0 0.395625 0.575417 0.073750 0.099167
0 0.414687 0.225417 0.075625 0.099167
0 0.563750 0.798750 0.078750 0.095833
0 0.779375 0.316250 0.071250 0.102500
0 0.678750 0.934583 0.077500 0.105833
0 0.652500 0.280000 0.068750 0.095000
0 0.960625 0.877500 0.066250 0.091667
0 0.286875 0.554583 0.070000 0.109167
0 0.581250 0.939167 0.076250 0.108333
0 0.409687 0.355833 0.085625 0.105000
3 0.090938 0.484583 0.090625 0.117500
0 0.587187 0.507917 0.070625 0.114167
0 0.887813 0.850417 0.070625 0.110833
0 0.550937 0.477917 0.076875 0.092500
0 0.616563 0.340833 0.073125 0.113333
0 0.375937 0.377500 0.066875 0.096667
0 0.322813 0.550833 0.063125 0.101667
0 0.869687 0.860417 0.073125 0.105833
0 0.542188 0.922500 0.066875 0.100000
