0 0.551250 0.730000 0.065000 0.085000
0 0.208750 0.408333 0.060000 0.086667
0 0.159688 0.096667 0.065625 0.080000
0 0.875625 0.307083 0.062500 0.082500
0 0.676250 0.632083 0.062500 0.075833
0 0.779375 0.522083 0.058750 0.084167
0 0.639375 0.277083 0.060000 0.087500
0 0.286875 0.197500 0.082500 0.081667
0 0.350313 0.785833 0.071875 0.090000
0 0.709063 0.537500 0.071875 0.095000
0 0.764062 0.209583 0.060625 0.084167
0 0.789375 0.822500 0.063750 0.103333
0 0.738437 0.805000 0.059375 0.083333
0 0.646563 0.805833 0.065625 0.081667
0 0.558750 0.557500 0.056250 0.081667
0 0.405000 0.196667 0.071250 0.090000
0 0.348438 0.465417 0.068125 0.082500
0 0.404375 0.903333 0.060000 0.081667
0 0.465625 0.048750 0.062500 0.084167
0 0.101875 0.781667 0.063750 0.080000
0 0.033750 0.838750 0.058750 0.080833
0 0.234375 0.614583 0.070000 0.082500
3 0.904375 0.499583 0.066250 0.085833
0 0.816250 0.185833 0.065000 0.093333
0 0.129375 0.541667 0.052500 0.098333
0 0.945000 0.340833 0.057500 0.081667
0 0.410000 0.139583 0.063750 0.089167
0 0.454375 0.649583 0.061250 0.085833
0 0.219375 0.725000 0.056250 0.081667
0 0.150312 0.346667 0.070625 0.095000
0 0.503125 0.633750 0.060000 0.077500
0 0.534375 0.307083 0.060000 0.075833
0 0.074063 0.712917 0.065625 0.095833
0 0.845000 0.697500 0.061250 0.071667
0 0.167813 0.697917 0.060625 0.075833
0 0.247812 0.082917 0.068125 0.089167
0 0.465313 0.732083 0.068125 0.082500
0 0.778125 0.106250 0.075000 0.094167
0 0.933438 0.255417 0.063125 0.075833
0 0.402813 0.509583 0.065625 0.077500
0 0.599063 0.633750 0.063125 0.080833
0 0.382500 0.422083 0.062500 0.065833
0 0.403125 0.699583 0.063750 0.109167
0 0.425000 0.277500 0.070000 0.090000
0 0.520000 0.204167 0.057500 0.081667
1 0.515938 0.430000 0.080625 0.105000
0 0.577812 0.038750 0.049375 0.075833
0 0.130312 0.646667 0.058125 0.103333
0 0.626563 0.902083 0.064375 0.075833
0 0.475625 0.269167 0.060000 0.098333
0 0.555625 0.380417 0.061250 0.079167
0 0.236875 0.787083 0.067500 0.084167
0 0.959688 0.462917 0.054375 0.079167
0 0.850313 0.460000 0.055625 0.073333
0 0.091563 0.581250 0.064375 0.069167
1 0.894687 0.206667 0.080625 0.098333
0 0.282187 0.943750 0.054375 0.075833
0 0.414687 0.584167 0.053125 0.078333
0 0.579688 0.923750 0.053125 0.069167
0 0.342813 0.892083 0.059375 0.072500
0 0.282187 0.861667 0.068125 0.086667
0 0.473438 0.217083 0.060625 0.084167
0 0.356250 0.596667 0.067500 0.073333
0 0.033750 0.390417 0.047500 0.069167
0 0.205937 0.842083 0.055625 0.065833
0 0.085312 0.419583 0.063125 0.077500
0 0.700000 0.128333 0.072500 0.080000
0 0.927813 0.618333 0.073125 0.081667
0 0.357812 0.041250 0.064375 0.082500
0 0.521875 0.951250 0.058750 0.087500
0 0.860313 0.537917 0.053125 0.064167
0 0.795937 0.952917 0.054375 0.087500
0 0.343438 0.349583 0.046875 0.079167
0 0.680937 0.079583 0.079375 0.065833
0 0.893750 0.576250 0.056250 0.062500
1 0.061562 0.525833 0.096875 0.116667
1 0.633750 0.575417 0.103750 0.114167
0 0.245625 0.878333 0.053750 0.090000
0 0.092500 0.675833 0.051250 0.078333
0 0.026562 0.215417 0.051875 0.077500
