0 0.400000 0.288750 0.073750 0.097500
0 0.374375 0.641250 0.070000 0.097500
0 0.310937 0.891667 0.064375 0.090000
0 0.189688 0.474583 0.073125 0.094167
0 0.350938 0.497917 0.076875 0.094167
0 0.268125 0.841667 0.067500 0.088333
0 0.696875 0.377083 0.053750 0.077500
0 0.435312 0.072917 0.073125 0.090833
0 0.882500 0.104583 0.063750 0.079167
0 0.209063 0.232917 0.071875 0.094167
0 0.284687 0.502500 0.065625 0.090000
0 0.716562 0.205417 0.074375 0.082500
0 0.561250 0.440417 0.066250 0.084167
0 0.294063 0.062500 0.078125 0.091667
0 0.586562 0.243333 0.065625 0.098333
0 0.500625 0.871250 0.065000 0.082500
0 0.838750 0.399583 0.057500 0.084167
0 0.333437 0.591667 0.071875 0.086667
0 0.136875 0.519167 0.072500 0.091667
0 0.628125 0.471667 0.066250 0.083333
0 0.490000 0.572083 0.070000 0.095833
0 0.655937 0.540417 0.078125 0.085833
0 0.812187 0.775000 0.080625 0.090000
0 0.356875 0.806667 0.072500 0.081667
0 0.501563 0.047917 0.061875 0.085833
0 0.942187 0.432917 0.056875 0.087500
0 0.666562 0.730417 0.066875 0.097500
0 0.811250 0.351250 0.068750 0.087500
0 0.807500 0.155417 0.080000 0.075833
0 0.467813 0.153333 0.078125 0.076667
0 0.384688 0.883750 0.064375 0.085833
0 0.838125 0.611250 0.066250 0.082500
0 0.472500 0.324167 0.070000 0.086667
0 0.831562 0.292917 0.069375 0.094167
0 0.880313 0.665000 0.063125 0.080000
0 0.857500 0.525000 0.066250 0.071667
0 0.094062 0.359167 0.083125 0.091667
0 0.446562 0.485833 0.066875 0.083333
0 0.960938 0.766250 0.066875 0.100833
0 0.230313 0.135000 0.080625 0.115000
0 0.525312 0.510417 0.071875 0.074167
0 0.893750 0.408750 0.062500 0.074167
0 0.449062 0.448750 0.076875 0.084167
0 0.533125 0.809167 0.115000 0.081667
0 0.129688 0.420000 0.080625 0.073333
4 0.919063 0.662083 0.068125 0.110833
0 0.884062 0.755417 0.090625 0.079167
