0 0.105313 0.874583 0.074375 0.100833
0 0.256563 0.855833 0.063125 0.091667
0 0.403438 0.280417 0.068125 0.079167
0 0.564063 0.518333 0.056875 0.083333
0 0.323125 0.586667 0.055000 0.091667
0 0.283438 0.942917 0.070625 0.089167
0 0.037187 0.855000 0.063125 0.070000
0 0.702812 0.362500 0.066875 0.090000
0 0.935000 0.398333 0.065000 0.095000
0 0.948438 0.626667 0.059375 0.083333
0 0.446562 0.168750 0.064375 0.087500
0 0.261875 0.528750 0.065000 0.087500
0 0.624687 0.247500 0.064375 0.103333
0 0.633750 0.564167 0.061250 0.080000
0 0.381563 0.133333 0.065625 0.073333
0 0.700937 0.117500 0.054375 0.076667
0 0.582187 0.618333 0.058125 0.076667
0 0.105000 0.524167 0.056250 0.076667
0 0.184375 0.888750 0.062500 0.089167
0 0.837812 0.892917 0.069375 0.094167
0 0.066875 0.234583 0.062500 0.080833
0 0.837187 0.684583 0.065625 0.089167
0 0.716250 0.742500 0.057500 0.090000
0 0.739688 0.931667 0.056875 0.080000
0 0.712500 0.514167 0.057500 0.071667
0 0.453125 0.258333 0.065000 0.078333
0 0.808750 0.179583 0.060000 0.100833
0 0.071250 0.623750 0.068750 0.082500
0 0.895938 0.626250 0.054375 0.117500
0 0.240937 0.141250 0.065625 0.092500
0 0.547813 0.076250 0.064375 0.084167
0 0.696250 0.223333 0.065000 0.068333
0 0.528125 0.280417 0.061250 0.082500
0 0.675625 0.880417 0.057500 0.072500
0 0.174063 0.519583 0.059375 0.082500
0 0.408750 0.405000 0.060000 0.086667
0 0.226875 0.340000 0.068750 0.090000
0 0.325625 0.709583 0.065000 0.060833
0 0.345625 0.482917 0.060000 0.074167
0 0.802813 0.280833 0.060625 0.081667
0 0.913438 0.143750 0.066875 0.089167
0 0.861875 0.410833 0.061250 0.083333
0 0.560625 0.831667 0.061250 0.081667
0 0.070312 0.134167 0.056875 0.093333
0 0.833438 0.583750 0.058125 0.085833
0 0.055625 0.760000 0.073750 0.098333
0 0.432812 0.891667 0.064375 0.096667
0 0.150000 0.253333 0.083750 0.071667
0 0.381250 0.885833 0.077500 0.071667
0 0.939688 0.852917 0.079375 0.087500
0 0.804375 0.786667 0.057500 0.080000
0 0.733437 0.836250 0.058125 0.072500
0 0.937813 0.050000 0.055625 0.088333
0 0.442188 0.832917 0.064375 0.105833
0 0.350313 0.676250 0.069375 0.094167
0 0.652813 0.055000 0.071875 0.081667
0 0.759375 0.207500 0.058750 0.080000
0 0.191562 0.180000 0.065625 0.085000
0 0.155000 0.465417 0.056250 0.084167
0 0.574688 0.745833 0.059375 0.081667
0 0.147187 0.653333 0.070625 0.098333
0 0.678750 0.317083 0.065000 0.092500
0 0.259375 0.620833 0.067500 0.080000
0 0.866250 0.317083 0.060000 0.085833
0 0.742188 0.275417 0.064375 0.105833
0 0.261875 0.255417 0.058750 0.072500
0 0.510000 0.358333 0.066250 0.076667
0 0.761250 0.428333 0.070000 0.101667
0 0.081875 0.314583 0.068750 0.067500
0 0.601250 0.891667 0.071250 0.080000
0 0.905000 0.940833 0.055000 0.075000
0 0.592812 0.340833 0.063125 0.080000
0 0.832812 0.140000 0.074375 0.081667
0 0.890625 0.517083 0.052500 0.085833
0 0.220625 0.424583 0.058750 0.069167
0 0.765312 0.695000 0.060625 0.080000
0 0.660000 0.142083 0.065000 0.092500
0 0.367188 0.045833 0.060625 0.068333
0 0.471562 0.437500 0.058125 0.083333
0 0.334375 0.828333 0.071250 0.098333
0 0.203437 0.693333 0.053125 0.068333
0 0.625938 0.786667 0.060625 0.076667
0 0.439063 0.059167 0.064375 0.080000
0 0.909687 0.771250 0.068125 0.084167
0 0.753125 0.647917 0.061250 0.079167
0 0.564375 0.190833 0.077500 0.091667
0 0.032500 0.695000 0.063750 0.091667
0 0.511563 0.520833 0.049375 0.090000
0 0.209375 0.765833 0.057500 0.085000
0 0.437188 0.664583 0.065625 0.075833
0 0.287187 0.417917 0.050625 0.080833
0 0.378750 0.567083 0.051250 0.089167
0 0.762813 0.596667 0.070625 0.088333
0 0.655000 0.714167 0.061250 0.080000
0 0.745000 0.478750 0.067500 0.085833
0 0.811875 0.493750 0.050000 0.072500
0 0.650625 0.434583 0.063750 0.075833
0 0.450625 0.503333 0.075000 0.075000
0 0.781875 0.093750 0.066250 0.084167
0 0.121563 0.757500 0.065625 0.090000
0 0.295000 0.330833 0.063750 0.086667
0 0.958750 0.292500 0.062500 0.085000
0 0.497812 0.780000 0.066875 0.093333
0 0.469375 0.643750 0.056250 0.079167
0 0.810625 0.369583 0.052500 0.067500
0 0.280000 0.757500 0.057500 0.098333
0 0.449062 0.394167 0.059375 0.085000
0 0.140313 0.126250 0.056875 0.085833
0 0.698750 0.643750 0.057500 0.084167
1 0.312500 0.244167 0.101250 0.121667
0 0.148125 0.098750 0.061250 0.084167
0 0.690625 0.921667 0.063750 0.091667
0 0.575625 0.942917 0.057500 0.075833
0 0.658438 0.959167 0.056875 0.078333
0 0.952812 0.404583 0.060625 0.077500
0 0.859062 0.260417 0.064375 0.085833
0 0.813750 0.045833 0.058750 0.080000
0 0.575000 0.507083 0.056250 0.087500
0 0.590313 0.162500 0.065625 0.081667
0 0.927188 0.284583 0.060625 0.077500
0 0.897188 0.048333 0.060625 0.070000
0 0.050000 0.614167 0.055000 0.075000
0 0.592812 0.921667 0.059375 0.080000
0 0.924375 0.931250 0.068750 0.084167
0 0.970938 0.940833 0.055625 0.068333
0 0.968750 0.730417 0.060000 0.077500
0 0.877188 0.791250 0.051875 0.085833
0 0.935000 0.725000 0.052500 0.090000
0 0.866563 0.772083 0.058125 0.085833
0 0.845000 0.716250 0.047500 0.087500
0 0.898750 0.491667 0.060000 0.083333
0 0.970938 0.482917 0.055625 0.065833
0 0.776250 0.368333 0.067500 0.081667
0 0.818438 0.435000 0.056875 0.066667
0 0.805000 0.402500 0.075000 0.078333
0 0.800312 0.582917 0.065625 0.084167
0 0.789375 0.753333 0.070000 0.090000
0 0.752812 0.821250 0.059375 0.087500
0 0.733437 0.802083 0.061875 0.084167
0 0.853125 0.875833 0.071250 0.091667
0 0.940937 0.751250 0.053125 0.089167
0 0.865313 0.500833 0.064375 0.071667
0 0.893437 0.262917 0.064375 0.087500
0 0.747812 0.125417 0.075625 0.084167
0 0.641563 0.092500 0.063125 0.093333
0 0.565625 0.169583 0.051250 0.079167
0 0.608125 0.311250 0.061250 0.097500
0 0.570000 0.375417 0.057500 0.095833
0 0.537813 0.379583 0.053125 0.085833
0 0.406250 0.312500 0.072500 0.076667
0 0.625625 0.438333 0.066250 0.076667
0 0.637500 0.470417 0.050000 0.075833
0 0.483125 0.517917 0.068750 0.090833
0 0.420625 0.528750 0.047500 0.077500
0 0.115937 0.940417 0.065625 0.059167
0 0.340000 0.945833 0.055000 0.075000
0 0.489375 0.725000 0.058750 0.063333
0 0.086563 0.503750 0.061875 0.077500
0 0.033438 0.361250 0.061875 0.089167
0 0.065937 0.365000 0.054375 0.078333
0 0.101562 0.370833 0.063125 0.081667
0 0.064375 0.202500 0.057500 0.078333
0 0.170000 0.098333 0.065000 0.081667
0 0.028438 0.086250 0.054375 0.074167
0 0.068750 0.039167 0.057500 0.075000
0 0.299375 0.061667 0.058750 0.070000
0 0.172187 0.360833 0.053125 0.075000
0 0.328750 0.497917 0.068750 0.082500
0 0.156250 0.434167 0.052500 0.080000
0 0.142813 0.369583 0.056875 0.072500
0 0.152812 0.309583 0.051875 0.097500
0 0.208750 0.528750 0.071250 0.077500
0 0.202187 0.378750 0.058125 0.084167
0 0.316563 0.321667 0.053125 0.083333
0 0.193125 0.220000 0.068750 0.078333
0 0.226250 0.219167 0.067500 0.088333
0 0.305625 0.140000 0.062500 0.085000
0 0.285938 0.164583 0.063125 0.074167
0 0.300625 0.100000 0.061250 0.066667
0 0.346875 0.158750 0.060000 0.085833
0 0.366563 0.182500 0.055625 0.091667
0 0.375000 0.210417 0.061250 0.077500
0 0.341562 0.457917 0.065625 0.089167
0 0.342187 0.413333 0.058125 0.073333
0 0.888437 0.124167 0.065625 0.068333
0 0.318750 0.779167 0.060000 0.061667
0 0.100000 0.742083 0.060000 0.062500
0 0.349375 0.341250 0.052500 0.075833
0 0.404062 0.562917 0.054375 0.077500
0 0.622500 0.582083 0.080000 0.070833
0 0.545000 0.825833 0.065000 0.085000
0 0.573750 0.072917 0.061250 0.085833
