0 0.785625 0.739167 0.061250 0.086667
0 0.126562 0.737500 0.061875 0.085000
0 0.423750 0.166250 0.067500 0.092500
0 0.065937 0.532917 0.065625 0.094167
0 0.530625 0.440000 0.078750 0.091667
0 0.767813 0.090000 0.075625 0.083333
0 0.612500 0.727083 0.068750 0.097500
0 0.529687 0.107500 0.054375 0.071667
0 0.920312 0.738750 0.068125 0.095833
0 0.374063 0.219167 0.066875 0.093333
0 0.678750 0.762083 0.058750 0.097500
0 0.880000 0.420000 0.055000 0.061667
0 0.645625 0.325417 0.066250 0.089167
0 0.341250 0.404167 0.095000 0.085000
0 0.089375 0.795000 0.088750 0.085000
0 0.363125 0.547500 0.078750 0.081667
0 0.767813 0.300000 0.055625 0.070000
0 0.425000 0.532083 0.083750 0.075833
0 0.047813 0.427917 0.064375 0.097500
0 0.786563 0.420833 0.109375 0.068333
0 0.643125 0.532917 0.070000 0.105833
0 0.778438 0.360833 0.071875 0.066667
0 0.621250 0.158333 0.106250 0.085000
0 0.672813 0.250833 0.064375 0.101667
0 0.547500 0.260833 0.070000 0.090000
6 0.530312 0.311667 0.098125 0.100000
6 0.143437 0.427917 0.088125 0.110833
0 0.807813 0.269583 0.066875 0.097500
