0 0.423750 0.095833 0.070000 0.096667
0 0.491250 0.651250 0.062500 0.084167
0 0.405313 0.658333 0.071875 0.101667
0 0.055625 0.858333 0.070000 0.095000
0 0.266250 0.710833 0.072500 0.093333
0 0.092188 0.714167 0.070625 0.101667
0 0.697187 0.772083 0.071875 0.099167
0 0.796875 0.508750 0.072500 0.087500
0 0.655937 0.161667 0.073125 0.101667
0 0.574063 0.602083 0.078125 0.102500
0 0.540000 0.437500 0.058750 0.081667
0 0.120938 0.483750 0.076875 0.109167
0 0.051250 0.627500 0.071250 0.093333
0 0.365000 0.785417 0.070000 0.095833
0 0.605938 0.329583 0.075625 0.102500
0 0.190938 0.530000 0.069375 0.110000
0 0.357187 0.441667 0.056875 0.085000
0 0.435000 0.762500 0.061250 0.078333
0 0.300625 0.621250 0.063750 0.082500
0 0.269375 0.823750 0.071250 0.095833
0 0.805625 0.354167 0.065000 0.078333
0 0.947500 0.128750 0.063750 0.094167
0 0.206250 0.205833 0.062500 0.085000
0 0.486250 0.552500 0.067500 0.095000
0 0.877188 0.606667 0.060625 0.085000
0 0.264062 0.512083 0.063125 0.092500
0 0.619062 0.428750 0.071875 0.087500
0 0.801250 0.930000 0.075000 0.100000
0 0.187188 0.855417 0.079375 0.090833
0 0.486250 0.378750 0.076250 0.090833
0 0.442188 0.428333 0.078125 0.108333
0 0.945625 0.495417 0.061250 0.080833
0 0.725313 0.363750 0.055625 0.080833
0 0.498125 0.908333 0.062500 0.078333
0 0.938438 0.302083 0.071875 0.104167
0 0.854062 0.287083 0.070625 0.105833
0 0.823125 0.196250 0.071250 0.080833
0 0.125938 0.193750 0.074375 0.087500
0 0.529062 0.807500 0.066875 0.088333
0 0.680625 0.580833 0.078750 0.105000
0 0.178437 0.062083 0.060625 0.102500
0 0.719375 0.575000 0.071250 0.093333
0 0.243125 0.065000 0.052500 0.085000
0 0.688438 0.351667 0.068125 0.078333
0 0.287500 0.190833 0.066250 0.066667
0 0.330000 0.160833 0.083750 0.096667
0 0.160625 0.117083 0.062500 0.102500
1 0.541250 0.301667 0.102500 0.146667
1 0.178125 0.733333 0.086250 0.110000
0 0.113437 0.090417 0.086875 0.077500
0 0.116250 0.029583 0.058750 0.059167
0 0.542188 0.844583 0.050625 0.077500
