0 0.729688 0.739583 0.056875 0.080833
0 0.145313 0.647917 0.066875 0.090833
0 0.249375 0.459583 0.068750 0.097500
0 0.315000 0.425000 0.073750 0.091667
0 0.080000 0.594583 0.060000 0.079167
0 0.662500 0.199583 0.072500 0.089167
0 0.631875 0.282500 0.062500 0.085000
0 0.349375 0.162500 0.065000 0.095000
0 0.062187 0.716667 0.064375 0.086667
4 0.393750 0.838333 0.080000 0.098333
0 0.052500 0.798333 0.076250 0.090000
0 0.099687 0.882917 0.065625 0.087500
0 0.584063 0.074583 0.071875 0.089167
0 0.529375 0.718333 0.072500 0.086667
0 0.633437 0.119583 0.070625 0.089167
0 0.235937 0.938750 0.068125 0.087500
0 0.478750 0.482500 0.063750 0.083333
0 0.940312 0.559583 0.070625 0.094167
0 0.864688 0.951250 0.070625 0.090833
0 0.483438 0.767917 0.064375 0.075833
0 0.398125 0.327083 0.062500 0.085833
0 0.125000 0.815000 0.068750 0.088333
0 0.314688 0.056250 0.064375 0.079167
0 0.901875 0.089167 0.065000 0.086667
0 0.504687 0.400417 0.054375 0.077500
0 0.065937 0.404167 0.064375 0.085000
0 0.406562 0.687917 0.070625 0.104167
0 0.536875 0.620417 0.060000 0.072500
0 0.060000 0.144167 0.045000 0.100000
0 0.658750 0.948750 0.058750 0.080833
0 0.590000 0.943750 0.068750 0.090833
0 0.339062 0.737917 0.073125 0.084167
0 0.791875 0.080417 0.062500 0.075833
0 0.480000 0.281667 0.078750 0.068333
0 0.815312 0.212917 0.060625 0.070833
0 0.845313 0.359167 0.068125 0.066667
0 0.413125 0.535417 0.062500 0.074167
0 0.226250 0.246667 0.052500 0.098333
0 0.838437 0.460833 0.061875 0.088333
0 0.663125 0.644583 0.058750 0.090833
0 0.910312 0.886250 0.058125 0.092500
1 0.418125 0.197083 0.075000 0.122500
0 0.533125 0.794583 0.055000 0.085833
0 0.424375 0.417083 0.061250 0.072500
0 0.766875 0.582500 0.055000 0.078333
0 0.425312 0.911250 0.050625 0.067500
0 0.804375 0.303750 0.053750 0.079167
0 0.293125 0.182083 0.062500 0.062500
0 0.754687 0.317083 0.049375 0.072500
0 0.212812 0.567500 0.066875 0.085000
0 0.270625 0.258750 0.052500 0.074167
0 0.755000 0.929583 0.050000 0.077500
0 0.861875 0.084583 0.062500 0.072500
0 0.090938 0.375000 0.063125 0.085000
0 0.175000 0.212917 0.058750 0.092500
0 0.034688 0.252083 0.053125 0.070833
0 0.635312 0.559167 0.061875 0.076667
0 0.455625 0.365417 0.053750 0.067500
0 0.797500 0.516667 0.051250 0.068333
0 0.157188 0.562083 0.048125 0.080833
1 0.355625 0.656667 0.092500 0.113333
0 0.142500 0.120833 0.065000 0.070000
0 0.140937 0.045000 0.059375 0.078333
0 0.284687 0.355417 0.064375 0.062500
0 0.170000 0.363750 0.060000 0.067500
0 0.387500 0.469583 0.055000 0.075833
0 0.122500 0.207917 0.053750 0.085833
0 0.873750 0.551667 0.056250 0.068333
0 0.878125 0.642500 0.052500 0.073333
0 0.847500 0.688333 0.060000 0.071667
0 0.861563 0.746667 0.050625 0.073333
0 0.958438 0.711667 0.045625 0.065000
0 0.946250 0.658750 0.051250 0.062500
0 0.173437 0.278333 0.061875 0.091667
0 0.084687 0.242917 0.054375 0.062500
0 0.135937 0.310417 0.059375 0.085833
0 0.115937 0.292917 0.063125 0.077500
0 0.955625 0.371250 0.056250 0.082500
0 0.961250 0.460417 0.048750 0.064167
0 0.481250 0.216667 0.072500 0.075000
