0 0.120313 0.380000 0.060625 0.083333
0 0.093125 0.160833 0.057500 0.080000
0 0.167187 0.153333 0.069375 0.083333
0 0.961875 0.482917 0.062500 0.089167
0 0.559375 0.380000 0.073750 0.081667
0 0.429375 0.626667 0.067500 0.085000
0 0.473750 0.827500 0.058750 0.081667
0 0.951875 0.682500 0.070000 0.091667
0 0.326250 0.749583 0.081250 0.099167
0 0.515938 0.932917 0.070625 0.085833
0 0.654375 0.264167 0.068750 0.086667
0 0.864375 0.563333 0.061250 0.075000
0 0.186250 0.397500 0.062500 0.073333
0 0.503750 0.479583 0.077500 0.099167
0 0.423750 0.762500 0.063750 0.105000
0 0.161875 0.542917 0.067500 0.080833
0 0.850938 0.247083 0.063125 0.084167
0 0.967187 0.821250 0.061875 0.085833
3 0.323437 0.354583 0.081875 0.115833
0 0.653438 0.153750 0.058125 0.080833
0 0.257500 0.504583 0.070000 0.090833
0 0.778750 0.195833 0.073750 0.098333
0 0.354063 0.223333 0.070625 0.088333
0 0.091250 0.876250 0.071250 0.090833
0 0.310000 0.087083 0.071250 0.087500
0 0.269062 0.249583 0.071875 0.095833
0 0.572812 0.145833 0.068125 0.095000
0 0.653438 0.376250 0.070625 0.104167
0 0.680312 0.568333 0.060625 0.083333
0 0.665000 0.679167 0.060000 0.076667
0 0.955313 0.055000 0.070625 0.093333
0 0.043750 0.222917 0.072500 0.092500
0 0.768125 0.875000 0.068750 0.090000
0 0.712187 0.475000 0.065625 0.080000
0 0.803750 0.777500 0.062500 0.078333
0 0.294375 0.869583 0.058750 0.085833
0 0.305625 0.477083 0.065000 0.089167
0 0.363750 0.514167 0.072500 0.086667
0 0.923750 0.177083 0.068750 0.089167
0 0.457813 0.247083 0.069375 0.085833
0 0.140000 0.709583 0.067500 0.115833
0 0.558125 0.266250 0.071250 0.095833
0 0.189375 0.720417 0.055000 0.077500
0 0.608750 0.216250 0.060000 0.077500
0 0.778125 0.117083 0.067500 0.087500
0 0.469687 0.410833 0.061875 0.066667
0 0.859688 0.624167 0.073125 0.088333
0 0.355938 0.825833 0.054375 0.068333
1 0.817813 0.723750 0.076875 0.107500
0 0.233437 0.846667 0.069375 0.083333
0 0.858750 0.760833 0.057500 0.078333
0 0.621250 0.911667 0.063750 0.080000
0 0.559688 0.873750 0.065625 0.077500
0 0.888125 0.374167 0.067500 0.076667
0 0.818125 0.462500 0.068750 0.098333
0 0.374688 0.062917 0.064375 0.095833
0 0.931250 0.420833 0.058750 0.078333
0 0.886250 0.320417 0.076250 0.092500
0 0.761875 0.090417 0.062500 0.085833
1 0.525937 0.310833 0.078125 0.096667
0 0.727187 0.424167 0.068125 0.086667
0 0.126250 0.953333 0.056250 0.080000
0 0.602812 0.644167 0.055625 0.073333
0 0.754375 0.483333 0.062500 0.108333
0 0.273125 0.051667 0.068750 0.095000
0 0.594375 0.730000 0.072500 0.081667
0 0.184375 0.651667 0.052500 0.076667
0 0.248125 0.923333 0.071250 0.065000
