0 0.325313 0.815417 0.066875 0.084167
0 0.511875 0.664583 0.066250 0.094167
0 0.362187 0.738750 0.066875 0.104167
0 0.086875 0.385000 0.057500 0.080000
0 0.918125 0.248750 0.063750 0.092500
0 0.196250 0.180833 0.065000 0.091667
0 0.251875 0.107917 0.073750 0.102500
0 0.599375 0.162083 0.062500 0.087500
0 0.141250 0.855000 0.063750 0.088333
0 0.463125 0.196250 0.068750 0.095833
0 0.750000 0.086667 0.060000 0.096667
0 0.694688 0.565000 0.060625 0.083333
0 0.360000 0.111667 0.070000 0.088333
0 0.296563 0.744167 0.060625 0.088333
0 0.879375 0.429167 0.071250 0.100000
0 0.519687 0.364167 0.070625 0.116667
0 0.817187 0.090417 0.063125 0.077500
0 0.856250 0.174167 0.061250 0.098333
0 0.931562 0.148333 0.068125 0.088333
0 0.881875 0.080417 0.077500 0.094167
0 0.785937 0.787917 0.066875 0.092500
0 0.640625 0.594583 0.066250 0.092500
0 0.593750 0.670417 0.058750 0.087500
0 0.567500 0.283333 0.063750 0.098333
0 0.811875 0.474583 0.068750 0.090833
0 0.608437 0.410417 0.063125 0.074167
0 0.743437 0.207083 0.055625 0.100833
0 0.653125 0.882083 0.073750 0.094167
0 0.273438 0.417500 0.059375 0.091667
0 0.159062 0.409167 0.063125 0.065000
0 0.267813 0.193333 0.066875 0.086667
0 0.155000 0.263333 0.077500 0.095000
0 0.668438 0.640000 0.045625 0.086667
0 0.960313 0.363750 0.060625 0.070833
0 0.453750 0.515833 0.062500 0.073333
0 0.227187 0.285000 0.073125 0.073333
0 0.422812 0.885417 0.056875 0.084167
0 0.473438 0.740833 0.073125 0.083333
0 0.383437 0.582083 0.064375 0.074167
0 0.242812 0.489583 0.059375 0.067500
0 0.134063 0.150833 0.068125 0.085000
0 0.805000 0.244167 0.071250 0.126667
0 0.094375 0.299167 0.057500 0.080000
0 0.313750 0.893750 0.072500 0.067500
0 0.913125 0.646250 0.060000 0.092500
0 0.527500 0.547917 0.060000 0.082500
0 0.861563 0.279167 0.045625 0.093333
0 0.796562 0.365833 0.058125 0.080000
0 0.461250 0.334583 0.048750 0.089167
0 0.635312 0.787917 0.065625 0.110833
0 0.395313 0.814167 0.064375 0.078333
0 0.395313 0.178750 0.065625 0.084167
0 0.562187 0.843750 0.066875 0.105833
0 0.815000 0.722917 0.067500 0.082500
0 0.937187 0.502917 0.051875 0.075833
0 0.229063 0.371250 0.073125 0.087500
0 0.255937 0.835000 0.056875 0.096667
0 0.568125 0.939583 0.073750 0.097500
0 0.582500 0.607083 0.066250 0.095833
0 0.073438 0.872500 0.069375 0.103333
0 0.257500 0.654583 0.070000 0.082500
0 0.686875 0.374583 0.081250 0.110833
0 0.856250 0.345833 0.072500 0.071667
0 0.160625 0.494583 0.067500 0.070833
0 0.898125 0.950833 0.073750 0.093333
0 0.200313 0.707500 0.060625 0.078333
0 0.067187 0.490417 0.059375 0.097500
0 0.093438 0.627917 0.064375 0.074167
0 0.816875 0.807083 0.071250 0.074167
0 0.402813 0.445417 0.068125 0.072500
0 0.220312 0.459167 0.064375 0.076667
0 0.699375 0.132500 0.081250 0.078333
0 0.739375 0.566250 0.068750 0.094167
0 0.437812 0.620417 0.064375 0.074167
0 0.336875 0.439583 0.061250 0.094167
0 0.282500 0.923333 0.061250 0.093333
0 0.858750 0.632917 0.062500 0.085833
0 0.138437 0.689167 0.060625 0.098333
0 0.107188 0.746667 0.070625 0.083333
0 0.197500 0.581667 0.073750 0.086667
0 0.250000 0.568333 0.055000 0.090000
0 0.883437 0.744583 0.075625 0.085833
0 0.355312 0.382083 0.064375 0.085833
0 0.182188 0.796667 0.053125 0.088333
0 0.470313 0.833750 0.061875 0.095833
0 0.468438 0.949583 0.073125 0.095833
0 0.716875 0.754583 0.048750 0.102500
0 0.573438 0.703333 0.064375 0.110000
0 0.775625 0.915000 0.051250 0.081667
0 0.957187 0.665417 0.076875 0.084167
0 0.103438 0.219167 0.075625 0.088333
0 0.965313 0.938750 0.065625 0.095833
0 0.757812 0.685833 0.050625 0.083333
0 0.737187 0.914167 0.074375 0.086667
0 0.101875 0.071250 0.070000 0.074167
0 0.840000 0.888750 0.077500 0.097500
0 0.549687 0.474167 0.074375 0.068333
0 0.685000 0.477500 0.067500 0.081667
0 0.335000 0.641250 0.055000 0.094167
0 0.485312 0.092917 0.075625 0.119167
0 0.685000 0.254583 0.070000 0.089167
0 0.306563 0.305417 0.064375 0.085833
0 0.051562 0.683750 0.065625 0.060833
0 0.379375 0.279583 0.067500 0.072500
0 0.098750 0.465000 0.057500 0.065000
0 0.164062 0.056250 0.065625 0.074167
0 0.050625 0.062500 0.067500 0.080000
0 0.046875 0.105417 0.048750 0.100833
0 0.421875 0.063333 0.058750 0.080000
0 0.375000 0.205000 0.061250 0.081667
0 0.506250 0.117083 0.058750 0.100833
0 0.201250 0.339167 0.057500 0.091667
0 0.114375 0.182917 0.073750 0.075833
0 0.270000 0.237500 0.082500 0.081667
0 0.342813 0.225833 0.068125 0.085000
0 0.413750 0.291667 0.070000 0.076667
0 0.482187 0.245833 0.050625 0.098333
0 0.948438 0.049167 0.068125 0.080000
0 0.827187 0.059167 0.074375 0.083333
0 0.936562 0.267917 0.053125 0.085833
0 0.686562 0.079167 0.066875 0.093333
0 0.607812 0.222083 0.064375 0.089167
0 0.542813 0.262917 0.063125 0.087500
0 0.669063 0.155000 0.066875 0.066667
0 0.716562 0.300000 0.064375 0.093333
0 0.792500 0.305000 0.060000 0.083333
0 0.852187 0.222917 0.058125 0.080833
0 0.893750 0.335417 0.061250 0.075833
0 0.918750 0.386667 0.071250 0.091667
0 0.911250 0.500833 0.062500 0.088333
0 0.878437 0.503750 0.056875 0.094167
0 0.775937 0.516250 0.065625 0.060833
0 0.768437 0.397083 0.054375 0.092500
0 0.810625 0.512500 0.063750 0.098333
0 0.743125 0.439167 0.071250 0.101667
0 0.706875 0.462083 0.060000 0.085833
0 0.657188 0.461250 0.059375 0.087500
0 0.737187 0.226250 0.054375 0.072500
0 0.603750 0.358750 0.078750 0.074167
0 0.614375 0.385417 0.053750 0.089167
0 0.654062 0.334167 0.063125 0.090000
0 0.723437 0.337917 0.066875 0.085833
0 0.648750 0.280000 0.060000 0.098333
0 0.735000 0.096667 0.058750 0.080000
0 0.654687 0.200000 0.064375 0.095000
0 0.447188 0.367500 0.060625 0.095000
0 0.416563 0.393750 0.066875 0.100833
0 0.372812 0.466667 0.060625 0.086667
0 0.324062 0.358333 0.054375 0.080000
0 0.125312 0.299167 0.064375 0.068333
0 0.336250 0.287083 0.072500 0.074167
0 0.275625 0.616250 0.071250 0.089167
0 0.125000 0.550417 0.061250 0.090833
0 0.265000 0.512500 0.070000 0.083333
0 0.159062 0.542917 0.073125 0.080833
0 0.052500 0.558333 0.070000 0.091667
0 0.070625 0.818333 0.058750 0.090000
0 0.050625 0.934167 0.070000 0.093333
0 0.215312 0.910417 0.044375 0.090833
0 0.218125 0.803333 0.050000 0.080000
0 0.065937 0.780000 0.063125 0.101667
0 0.241563 0.795417 0.063125 0.097500
0 0.492812 0.878333 0.068125 0.106667
0 0.382188 0.875417 0.066875 0.085833
0 0.448125 0.718750 0.058750 0.085833
0 0.317188 0.602917 0.059375 0.097500
0 0.338125 0.545833 0.070000 0.078333
0 0.376563 0.542083 0.084375 0.077500
0 0.460000 0.557500 0.057500 0.081667
0 0.453750 0.605833 0.067500 0.088333
0 0.549375 0.544167 0.058750 0.081667
0 0.609062 0.496667 0.053125 0.093333
0 0.513437 0.492500 0.064375 0.078333
0 0.185625 0.677083 0.066250 0.074167
0 0.196250 0.647917 0.058750 0.087500
0 0.079375 0.691250 0.061250 0.084167
0 0.725938 0.637083 0.065625 0.085833
0 0.121563 0.129583 0.056875 0.090833
0 0.655312 0.102500 0.055625 0.091667
0 0.722187 0.863333 0.053125 0.080000
0 0.868750 0.802083 0.057500 0.075833
0 0.707812 0.825833 0.069375 0.085000
0 0.778750 0.647917 0.048750 0.087500
0 0.539062 0.798333 0.066875 0.080000
0 0.420625 0.800833 0.070000 0.070000
0 0.520625 0.873750 0.076250 0.059167
0 0.594688 0.782917 0.064375 0.090833
0 0.781563 0.879167 0.054375 0.075000
0 0.825000 0.942083 0.047500 0.085833
0 0.895625 0.830417 0.053750 0.072500
0 0.845938 0.689583 0.065625 0.087500
0 0.910000 0.816250 0.065000 0.089167
0 0.668750 0.721250 0.057500 0.100833
0 0.862812 0.545833 0.051875 0.078333
0 0.865000 0.585417 0.061250 0.089167
0 0.581562 0.490000 0.063125 0.080000
0 0.642813 0.295000 0.074375 0.083333
0 0.148438 0.365000 0.054375 0.096667
0 0.031875 0.125833 0.058750 0.065000
0 0.175000 0.768750 0.050000 0.097500
0 0.132188 0.745000 0.064375 0.068333
0 0.702187 0.727500 0.053125 0.088333
