0 0.744062 0.893333 0.063125 0.091667
0 0.926250 0.587500 0.070000 0.081667
0 0.574375 0.077500 0.066250 0.091667
0 0.224375 0.819167 0.073750 0.096667
0 0.083125 0.779583 0.075000 0.099167
0 0.939063 0.756250 0.071875 0.090833
0 0.898125 0.671250 0.057500 0.089167
0 0.658750 0.880417 0.062500 0.099167
0 0.188750 0.708333 0.065000 0.100000
0 0.233437 0.108750 0.064375 0.099167
0 0.849688 0.318750 0.064375 0.095833
0 0.255625 0.625417 0.071250 0.092500
0 0.210000 0.535000 0.072500 0.093333
0 0.314375 0.366250 0.075000 0.095833
0 0.699688 0.385000 0.068125 0.083333
0 0.755938 0.246667 0.063125 0.093333
0 0.544375 0.340833 0.077500 0.106667
0 0.548750 0.655833 0.067500 0.116667
0 0.693125 0.337083 0.062500 0.087500
0 0.251250 0.437083 0.067500 0.089167
0 0.330000 0.840000 0.062500 0.083333
0 0.511250 0.780417 0.057500 0.115833
0 0.647500 0.182917 0.071250 0.094167
0 0.423125 0.571667 0.057500 0.106667
0 0.255312 0.931250 0.056875 0.100833
0 0.481250 0.136250 0.062500 0.085833
0 0.400000 0.877083 0.055000 0.094167
0 0.045937 0.439167 0.063125 0.106667
0 0.255312 0.506667 0.068125 0.100000
0 0.088125 0.078750 0.066250 0.097500
0 0.117813 0.557083 0.075625 0.092500
0 0.297812 0.912500 0.053125 0.091667
0 0.458125 0.822083 0.067500 0.095833
0 0.767188 0.075417 0.065625 0.077500
0 0.369375 0.764583 0.066250 0.120833
0 0.763750 0.350000 0.070000 0.093333
0 0.178750 0.439167 0.078750 0.095000
0 0.808750 0.710833 0.073750 0.088333
0 0.540625 0.820000 0.063750 0.085000
0 0.355312 0.360000 0.051875 0.115000
0 0.295625 0.260833 0.080000 0.105000
0 0.582187 0.215833 0.070625 0.103333
0 0.456250 0.470833 0.063750 0.088333
0 0.367812 0.927083 0.066875 0.112500
0 0.124688 0.520417 0.079375 0.094167
0 0.839688 0.634583 0.063125 0.114167
0 0.072188 0.612917 0.066875 0.112500
0 0.724688 0.501667 0.081875 0.076667
0 0.451562 0.292917 0.063125 0.112500
0 0.187500 0.077500 0.067500 0.093333
0 0.657188 0.640000 0.065625 0.103333
0 0.049688 0.221250 0.068125 0.110833
0 0.128125 0.429583 0.071250 0.095833
0 0.949375 0.533333 0.063750 0.095000
0 0.511250 0.251667 0.083750 0.106667
0 0.432500 0.677500 0.071250 0.105000
0 0.769062 0.324583 0.075625 0.104167
0 0.915000 0.457917 0.065000 0.124167
0 0.640000 0.256250 0.062500 0.110833
0 0.586562 0.568333 0.066875 0.096667
0 0.590000 0.811250 0.060000 0.102500
0 0.347813 0.188333 0.060625 0.116667
0 0.283438 0.050000 0.074375 0.100000
0 0.425625 0.372917 0.067500 0.079167
0 0.512188 0.039583 0.075625 0.077500
0 0.273750 0.569583 0.078750 0.079167
0 0.101875 0.642500 0.087500 0.091667
0 0.079687 0.898750 0.065625 0.099167
0 0.437500 0.105417 0.077500 0.095833
0 0.097187 0.352083 0.083125 0.087500
0 0.349062 0.900417 0.064375 0.092500
0 0.835313 0.845417 0.091875 0.105833
0 0.860000 0.789167 0.073750 0.096667
0 0.147813 0.923333 0.053125 0.151667
0 0.384688 0.205000 0.065625 0.115000
0 0.395937 0.671667 0.059375 0.108333
0 0.536250 0.592917 0.056250 0.129167
0 0.821250 0.784583 0.077500 0.067500
0 0.758125 0.153333 0.072500 0.105000
0 0.086250 0.271250 0.081250 0.104167
4 0.407500 0.423333 0.078750 0.106667
4 0.394375 0.270000 0.080000 0.098333
0 0.457813 0.499583 0.069375 0.074167
0 0.535625 0.178333 0.060000 0.123333
