0 0.777500 0.280833 0.068750 0.085000
0 0.766563 0.665000 0.066875 0.086667
0 0.289375 0.420833 0.078750 0.098333
0 0.937187 0.094167 0.073125 0.095000
0 0.153438 0.335833 0.075625 0.088333
0 0.840625 0.717500 0.060000 0.070000
0 0.719375 0.586667 0.066250 0.078333
0 0.389688 0.409583 0.081875 0.102500
0 0.256875 0.557500 0.078750 0.093333
0 0.836250 0.605417 0.070000 0.087500
0 0.041875 0.240417 0.075000 0.084167
0 0.684688 0.293750 0.076875 0.099167
0 0.853437 0.209583 0.071875 0.084167
0 0.113125 0.100000 0.061250 0.080000
0 0.094375 0.750417 0.082500 0.107500
0 0.100000 0.500417 0.073750 0.097500
0 0.635312 0.359583 0.073125 0.095833
0 0.331250 0.060000 0.081250 0.105000
0 0.754375 0.142917 0.063750 0.087500
0 0.105000 0.405000 0.068750 0.085000
0 0.686250 0.431250 0.077500 0.107500
0 0.135625 0.165417 0.070000 0.085833
0 0.616563 0.067083 0.078125 0.097500
0 0.186562 0.409583 0.064375 0.084167
0 0.852187 0.120417 0.078125 0.095833
0 0.545625 0.762500 0.076250 0.096667
1 0.122500 0.251667 0.085000 0.096667
0 0.968750 0.219583 0.061250 0.100833
0 0.573125 0.325417 0.071250 0.087500
0 0.523438 0.512083 0.073125 0.104167
0 0.870000 0.324583 0.071250 0.097500
0 0.516563 0.266667 0.080625 0.101667
0 0.550312 0.189167 0.075625 0.103333
0 0.412813 0.314583 0.084375 0.094167
0 0.148438 0.895000 0.064375 0.083333
0 0.231250 0.803750 0.077500 0.104167
0 0.830937 0.477500 0.064375 0.068333
0 0.404687 0.115833 0.070625 0.103333
0 0.290938 0.896667 0.056875 0.090000
0 0.451875 0.464583 0.072500 0.104167
0 0.536250 0.596667 0.077500 0.105000
0 0.450625 0.245000 0.068750 0.088333
0 0.030312 0.334167 0.060625 0.086667
0 0.656875 0.617917 0.076250 0.094167
0 0.627500 0.917500 0.077500 0.091667
0 0.622188 0.606667 0.069375 0.091667
0 0.502812 0.855417 0.068125 0.090833
0 0.785937 0.532083 0.073125 0.095833
0 0.550937 0.102500 0.074375 0.088333
0 0.419375 0.510833 0.063750 0.100000
0 0.170625 0.042917 0.065000 0.085833
0 0.476250 0.094583 0.075000 0.100833
0 0.801562 0.430417 0.065625 0.077500
0 0.129375 0.637500 0.073750 0.098333
0 0.718437 0.354167 0.060625 0.075000
0 0.076250 0.575833 0.073750 0.083333
0 0.614688 0.235417 0.079375 0.107500
0 0.927188 0.590833 0.064375 0.080000
0 0.943750 0.668750 0.066250 0.100833
0 0.947812 0.380833 0.075625 0.101667
0 0.174063 0.777500 0.074375 0.103333
0 0.910000 0.384583 0.072500 0.097500
0 0.493437 0.392917 0.071875 0.109167
0 0.224062 0.851250 0.073125 0.085833
0 0.920000 0.529167 0.067500 0.086667
1 0.762813 0.387083 0.086875 0.105833
0 0.046250 0.540417 0.052500 0.079167
0 0.963750 0.750833 0.072500 0.091667
0 0.876563 0.806667 0.070625 0.086667
0 0.929688 0.802500 0.058125 0.083333
0 0.777813 0.507083 0.070625 0.092500
0 0.886875 0.531667 0.076250 0.073333
0 0.531250 0.370833 0.053750 0.100000
