0 0.425000 0.682083 0.071250 0.084167
0 0.718437 0.327917 0.066875 0.089167
0 0.212188 0.749583 0.061875 0.079167
0 0.740000 0.846250 0.055000 0.097500
0 0.163125 0.807917 0.066250 0.087500
0 0.082187 0.812500 0.074375 0.088333
0 0.387813 0.871250 0.071875 0.079167
0 0.381875 0.293333 0.075000 0.100000
0 0.656563 0.507917 0.061875 0.085833
0 0.395313 0.601250 0.073125 0.084167
0 0.711875 0.450417 0.072500 0.095833
0 0.924375 0.147500 0.077500 0.096667
0 0.347813 0.745000 0.071875 0.083333
0 0.042500 0.129583 0.071250 0.084167
0 0.438750 0.922500 0.063750 0.083333
0 0.387188 0.202083 0.070625 0.080833
0 0.447500 0.287917 0.062500 0.087500
0 0.856250 0.127083 0.063750 0.080833
0 0.290000 0.689583 0.071250 0.092500
0 0.041875 0.616667 0.066250 0.085000
0 0.610625 0.951667 0.067500 0.083333
0 0.095000 0.672917 0.066250 0.077500
0 0.492188 0.703750 0.073125 0.087500
0 0.104063 0.600417 0.060625 0.075833
0 0.938125 0.372083 0.066250 0.085833
0 0.275625 0.875833 0.072500 0.095000
0 0.216875 0.374167 0.063750 0.083333
0 0.232813 0.260417 0.073125 0.089167
0 0.157188 0.551250 0.063125 0.080833
0 0.583750 0.403750 0.088750 0.104167
0 0.295000 0.301667 0.071250 0.091667
0 0.093750 0.195000 0.070000 0.085000
0 0.203750 0.884167 0.073750 0.083333
0 0.473438 0.822500 0.066875 0.088333
0 0.333125 0.622083 0.060000 0.079167
0 0.867188 0.826250 0.088125 0.109167
0 0.423125 0.547917 0.068750 0.079167
0 0.882188 0.212500 0.075625 0.095000
0 0.493750 0.343333 0.068750 0.086667
0 0.116562 0.901250 0.080625 0.099167
0 0.574688 0.497083 0.080625 0.097500
0 0.633437 0.072917 0.063125 0.084167
0 0.435312 0.435833 0.074375 0.103333
0 0.439688 0.122500 0.071875 0.083333
0 0.597500 0.624583 0.071250 0.089167
0 0.639375 0.341667 0.081250 0.100000
0 0.656563 0.416667 0.069375 0.096667
0 0.665312 0.605000 0.060625 0.110000
0 0.131250 0.135833 0.065000 0.090000
0 0.168437 0.708333 0.059375 0.086667
0 0.513750 0.267500 0.077500 0.095000
0 0.264375 0.437500 0.053750 0.090000
0 0.756875 0.518750 0.082500 0.092500
5 0.830625 0.939583 0.062500 0.077500
0 0.067187 0.313333 0.085625 0.098333
0 0.116250 0.080417 0.080000 0.102500
0 0.509687 0.511667 0.055625 0.081667
0 0.562187 0.727083 0.064375 0.074167
0 0.037812 0.426250 0.063125 0.092500
0 0.279687 0.568750 0.070625 0.090833
0 0.468125 0.197083 0.071250 0.079167
0 0.781563 0.355833 0.060625 0.105000
0 0.601875 0.313750 0.063750 0.079167
0 0.275000 0.782083 0.056250 0.087500
0 0.316563 0.833333 0.075625 0.080000
0 0.925000 0.756250 0.073750 0.102500
0 0.929375 0.458333 0.075000 0.091667
0 0.215312 0.172083 0.075625 0.095833
0 0.805625 0.045000 0.070000 0.088333
0 0.547188 0.920417 0.063125 0.092500
0 0.409375 0.785000 0.071250 0.098333
0 0.099062 0.286250 0.084375 0.094167
0 0.827812 0.294167 0.073125 0.095000
0 0.635938 0.240833 0.059375 0.081667
0 0.506250 0.622083 0.068750 0.085833
0 0.921562 0.579167 0.059375 0.083333
0 0.918125 0.712500 0.083750 0.111667
0 0.820312 0.262500 0.061875 0.105000
0 0.721250 0.111667 0.068750 0.091667
0 0.703438 0.080000 0.065625 0.085000
0 0.573750 0.590000 0.067500 0.085000
0 0.560625 0.772083 0.067500 0.099167
0 0.445625 0.767500 0.077500 0.093333
0 0.371250 0.958750 0.063750 0.080833
0 0.072813 0.490833 0.066875 0.071667
0 0.258125 0.062917 0.071250 0.087500
0 0.232187 0.054167 0.068125 0.091667
0 0.262188 0.531667 0.068125 0.088333
0 0.489687 0.063750 0.073125 0.095833
0 0.553125 0.670833 0.061250 0.083333
1 0.119063 0.441250 0.088125 0.122500
1 0.172500 0.186250 0.072500 0.120833
1 0.310937 0.261667 0.091875 0.103333
1 0.659062 0.180417 0.111875 0.062500
1 0.917813 0.507917 0.093125 0.094167
1 0.737187 0.615833 0.114375 0.110000
1 0.694063 0.837500 0.073125 0.130000
0 0.500625 0.573333 0.086250 0.070000
0 0.474375 0.471250 0.076250 0.092500
0 0.482187 0.422917 0.066875 0.090833
0 0.941875 0.051250 0.056250 0.094167
0 0.955937 0.076667 0.070625 0.085000
0 0.189688 0.433333 0.070625 0.088333
0 0.205937 0.472083 0.069375 0.097500
0 0.223750 0.514583 0.065000 0.074167
0 0.099062 0.402083 0.056875 0.090833
0 0.676875 0.935000 0.062500 0.086667
0 0.780937 0.955000 0.058125 0.085000
0 0.739375 0.897083 0.071250 0.087500
0 0.912188 0.397917 0.073125 0.092500
0 0.857500 0.433333 0.066250 0.066667
0 0.818750 0.432500 0.062500 0.090000
0 0.798438 0.451667 0.069375 0.098333
0 0.785937 0.479583 0.068125 0.090833
0 0.479375 0.099167 0.066250 0.115000
0 0.271250 0.342083 0.063750 0.094167
0 0.725000 0.058333 0.073750 0.086667
