0 0.040938 0.707917 0.068125 0.092500
0 0.523438 0.723750 0.069375 0.094167
0 0.851875 0.701250 0.066250 0.095833
0 0.544063 0.825417 0.063125 0.094167
0 0.850938 0.570833 0.066875 0.098333
0 0.052500 0.521250 0.056250 0.074167
0 0.425000 0.462917 0.075000 0.095833
0 0.290000 0.507083 0.061250 0.084167
0 0.911563 0.642917 0.069375 0.094167
0 0.313750 0.372083 0.062500 0.099167
0 0.069687 0.154583 0.061875 0.094167
0 0.361563 0.462500 0.083125 0.106667
0 0.180000 0.607917 0.070000 0.100833
0 0.150000 0.339583 0.073750 0.100833
0 0.265000 0.441667 0.058750 0.083333
0 0.091250 0.750000 0.062500 0.085000
0 0.335313 0.232500 0.064375 0.070000
0 0.337813 0.144583 0.068125 0.094167
0 0.226875 0.546667 0.066250 0.088333
0 0.841562 0.386250 0.058125 0.092500
0 0.393437 0.084167 0.064375 0.080000
0 0.471562 0.396667 0.065625 0.088333
0 0.218125 0.297083 0.068750 0.092500
0 0.897188 0.900000 0.075625 0.088333
0 0.678125 0.830833 0.063750 0.095000
0 0.520938 0.530000 0.063125 0.105000
0 0.701875 0.732500 0.063750 0.095000
0 0.292500 0.214583 0.062500 0.090833
0 0.914062 0.504167 0.066875 0.076667
0 0.523438 0.613333 0.066875 0.101667
0 0.836250 0.489583 0.061250 0.075833
0 0.067812 0.375833 0.074375 0.085000
0 0.751563 0.655417 0.074375 0.104167
0 0.129375 0.097917 0.070000 0.077500
0 0.613750 0.695833 0.060000 0.096667
0 0.371563 0.799167 0.061875 0.088333
0 0.155312 0.710833 0.074375 0.116667
0 0.038437 0.828750 0.074375 0.109167
0 0.932187 0.732917 0.061875 0.072500
0 0.746875 0.823750 0.065000 0.085833
0 0.113750 0.417083 0.075000 0.100833
0 0.564688 0.210000 0.064375 0.083333
0 0.328125 0.914167 0.068750 0.086667
0 0.578438 0.673333 0.066875 0.081667
0 0.549375 0.925000 0.070000 0.086667
0 0.415000 0.923750 0.073750 0.099167
0 0.226250 0.795000 0.072500 0.095000
0 0.764062 0.091667 0.070625 0.086667
0 0.703438 0.497917 0.081875 0.097500
0 0.365625 0.637083 0.071250 0.074167
0 0.410000 0.310417 0.066250 0.084167
0 0.570937 0.446250 0.070625 0.087500
0 0.614688 0.483333 0.064375 0.076667
0 0.801562 0.872917 0.085625 0.097500
0 0.502188 0.310000 0.076875 0.098333
0 0.576562 0.335000 0.070625 0.093333
0 0.688125 0.093333 0.066250 0.083333
0 0.875625 0.301250 0.067500 0.089167
0 0.162812 0.505417 0.069375 0.085833
0 0.782500 0.696250 0.076250 0.095833
0 0.465000 0.075000 0.065000 0.086667
0 0.850625 0.792500 0.065000 0.071667
0 0.295938 0.854167 0.074375 0.096667
0 0.246250 0.355833 0.061250 0.081667
0 0.755000 0.529167 0.068750 0.098333
0 0.273750 0.110000 0.072500 0.081667
0 0.467813 0.848750 0.083125 0.100833
0 0.721875 0.937500 0.062500 0.101667
0 0.630938 0.107083 0.075625 0.079167
0 0.189062 0.884167 0.074375 0.090000
0 0.218438 0.717917 0.074375 0.087500
0 0.186875 0.211250 0.057500 0.079167
0 0.521875 0.265000 0.052500 0.085000
0 0.916875 0.113333 0.060000 0.075000
0 0.793438 0.285833 0.060625 0.100000
0 0.908438 0.328750 0.061875 0.080833
0 0.820937 0.232917 0.063125 0.072500
0 0.947812 0.203750 0.061875 0.087500
0 0.539375 0.080833 0.055000 0.093333
0 0.040938 0.257917 0.056875 0.079167
0 0.436563 0.163333 0.071875 0.091667
0 0.593750 0.585000 0.058750 0.080000
0 0.166563 0.830833 0.078125 0.095000
0 0.457500 0.667500 0.076250 0.095000
0 0.296563 0.762083 0.064375 0.080833
0 0.116562 0.305833 0.068125 0.098333
0 0.878437 0.097917 0.071875 0.094167
0 0.187500 0.475000 0.077500 0.088333
0 0.110312 0.890833 0.068125 0.108333
0 0.765938 0.160000 0.066875 0.076667
0 0.667188 0.781667 0.068125 0.096667
0 0.368750 0.183750 0.060000 0.087500
0 0.788125 0.634583 0.073750 0.079167
0 0.469687 0.228333 0.065625 0.088333
0 0.637188 0.290417 0.056875 0.079167
0 0.436563 0.772500 0.064375 0.096667
0 0.939688 0.822083 0.059375 0.090833
0 0.264688 0.948750 0.066875 0.090833
0 0.500000 0.189167 0.065000 0.081667
0 0.420312 0.212083 0.071875 0.075833
0 0.043125 0.549167 0.060000 0.081667
4 0.664062 0.408750 0.054375 0.097500
0 0.141563 0.037917 0.071875 0.072500
0 0.132188 0.129583 0.053125 0.072500
0 0.107188 0.262083 0.063125 0.077500
0 0.084062 0.208333 0.056875 0.096667
0 0.242500 0.104583 0.060000 0.099167
0 0.218125 0.200833 0.058750 0.090000
0 0.193438 0.168750 0.061875 0.077500
0 0.321250 0.335833 0.060000 0.081667
0 0.224688 0.378333 0.064375 0.081667
0 0.913750 0.370417 0.052500 0.074167
0 0.775000 0.127917 0.056250 0.084167
0 0.706250 0.121250 0.052500 0.089167
0 0.710625 0.186667 0.058750 0.088333
0 0.965625 0.235833 0.053750 0.091667
0 0.888125 0.136250 0.058750 0.085833
0 0.945000 0.099167 0.050000 0.071667
0 0.910000 0.462083 0.057500 0.082500
0 0.968750 0.673333 0.060000 0.073333
0 0.449062 0.614167 0.066875 0.093333
0 0.433750 0.948333 0.061250 0.083333
0 0.372812 0.840000 0.065625 0.091667
0 0.315625 0.737500 0.071250 0.080000
0 0.333125 0.555833 0.060000 0.080000
0 0.421563 0.348333 0.063125 0.080000
0 0.372812 0.057083 0.065625 0.075833
0 0.470625 0.117083 0.052500 0.082500
0 0.526563 0.167500 0.073125 0.088333
0 0.494688 0.116250 0.055625 0.080833
0 0.386250 0.234167 0.072500 0.076667
0 0.474375 0.346667 0.066250 0.088333
0 0.607187 0.311667 0.071875 0.078333
0 0.802813 0.340000 0.068125 0.100000
0 0.776875 0.382917 0.060000 0.072500
0 0.770000 0.424583 0.060000 0.072500
0 0.750000 0.448750 0.053750 0.082500
0 0.724375 0.406667 0.060000 0.086667
0 0.741563 0.214167 0.054375 0.093333
0 0.840313 0.205417 0.074375 0.084167
0 0.845313 0.232917 0.064375 0.085833
0 0.960938 0.532500 0.064375 0.081667
0 0.838437 0.457083 0.068125 0.084167
0 0.620000 0.602083 0.055000 0.087500
0 0.661563 0.618333 0.076875 0.081667
0 0.930937 0.769167 0.075625 0.080000
0 0.942187 0.882083 0.064375 0.090833
0 0.963750 0.940000 0.058750 0.081667
0 0.660312 0.951667 0.045625 0.093333
0 0.697812 0.920000 0.061875 0.086667
0 0.660000 0.899167 0.071250 0.076667
0 0.476250 0.810417 0.070000 0.082500
0 0.884062 0.801667 0.063125 0.080000
0 0.624062 0.520417 0.063125 0.072500
0 0.518437 0.656250 0.065625 0.094167
0 0.265625 0.840000 0.062500 0.098333
0 0.159375 0.547500 0.052500 0.066667
0 0.106250 0.797083 0.050000 0.094167
0 0.125000 0.958333 0.063750 0.068333
0 0.265313 0.147500 0.055625 0.093333
0 0.252812 0.645833 0.056875 0.083333
0 0.317500 0.688750 0.060000 0.082500
0 0.697187 0.302083 0.045625 0.109167
0 0.720938 0.258333 0.055625 0.096667
0 0.750625 0.266667 0.061250 0.106667
0 0.623125 0.400833 0.051250 0.085000
0 0.030625 0.297500 0.058750 0.091667
0 0.281875 0.656667 0.058750 0.093333
0 0.359063 0.606250 0.064375 0.085833
