0 0.931250 0.922917 0.062500 0.084167
0 0.845625 0.766250 0.062500 0.085833
0 0.596250 0.527917 0.067500 0.092500
0 0.413750 0.296667 0.063750 0.086667
0 0.588750 0.212500 0.076250 0.095000
0 0.954375 0.202500 0.058750 0.083333
0 0.901875 0.258750 0.073750 0.089167
0 0.216875 0.401250 0.056250 0.085833
0 0.780937 0.670833 0.073125 0.096667
0 0.314375 0.866250 0.061250 0.079167
0 0.862187 0.673750 0.066875 0.089167
0 0.103125 0.360000 0.056250 0.071667
0 0.283750 0.323750 0.057500 0.065833
0 0.427500 0.750417 0.077500 0.092500
0 0.088125 0.107917 0.072500 0.094167
0 0.744062 0.741250 0.054375 0.089167
0 0.179063 0.329167 0.066875 0.076667
0 0.291563 0.234167 0.060625 0.086667
0 0.498125 0.645417 0.068750 0.084167
0 0.195000 0.233333 0.056250 0.085000
0 0.858125 0.848333 0.053750 0.068333
0 0.245938 0.739583 0.064375 0.092500
0 0.681875 0.157917 0.070000 0.084167
0 0.146563 0.172083 0.070625 0.094167
0 0.360625 0.087083 0.076250 0.089167
0 0.705313 0.628750 0.065625 0.090833
0 0.843437 0.338750 0.066875 0.082500
0 0.556250 0.786667 0.058750 0.076667
0 0.062187 0.420000 0.073125 0.083333
0 0.574063 0.683750 0.064375 0.092500
0 0.659062 0.565000 0.064375 0.081667
0 0.326875 0.489167 0.065000 0.091667
0 0.753437 0.900417 0.083125 0.092500
0 0.518125 0.952917 0.062500 0.084167
0 0.369063 0.637083 0.073125 0.097500
0 0.945312 0.105833 0.056875 0.080000
0 0.614375 0.291667 0.073750 0.080000
0 0.890312 0.390417 0.064375 0.079167
0 0.638125 0.836667 0.068750 0.080000
0 0.785000 0.319167 0.062500 0.085000
0 0.668125 0.892500 0.050000 0.083333
0 0.345938 0.231250 0.048125 0.062500
0 0.713437 0.516250 0.070625 0.087500
0 0.930937 0.425833 0.046875 0.075000
0 0.249375 0.580417 0.060000 0.084167
0 0.300938 0.405833 0.066875 0.088333
0 0.557500 0.377083 0.067500 0.100833
0 0.378437 0.460833 0.056875 0.091667
0 0.577500 0.431667 0.056250 0.085000
0 0.237187 0.287083 0.060625 0.064167
0 0.159375 0.089583 0.058750 0.084167
0 0.955937 0.366667 0.069375 0.085000
0 0.546875 0.271250 0.061250 0.092500
0 0.260937 0.146250 0.056875 0.085833
1 0.215000 0.105000 0.081250 0.123333
0 0.718125 0.338333 0.061250 0.081667
0 0.282813 0.130833 0.060625 0.088333
0 0.956562 0.310833 0.058125 0.073333
0 0.549375 0.869583 0.053750 0.072500
0 0.439375 0.645000 0.065000 0.083333
0 0.283438 0.643750 0.059375 0.095833
1 0.685000 0.424583 0.073750 0.114167
1 0.852187 0.925833 0.113125 0.101667
0 0.730000 0.109583 0.070000 0.077500
0 0.756875 0.045000 0.061250 0.076667
0 0.628750 0.070417 0.076250 0.080833
0 0.335313 0.412500 0.066875 0.080000
0 0.455625 0.322917 0.058750 0.085833
0 0.482812 0.315833 0.069375 0.078333
0 0.754062 0.392917 0.069375 0.090833
0 0.917813 0.038333 0.054375 0.073333
0 0.560000 0.917500 0.061250 0.076667
0 0.556562 0.755000 0.068125 0.070000
0 0.598125 0.847500 0.043750 0.091667
