0 0.048750 0.819583 0.082500 0.102500
0 0.632500 0.535417 0.076250 0.095833
0 0.048125 0.629583 0.080000 0.092500
0 0.178750 0.277500 0.078750 0.106667
0 0.291250 0.062083 0.080000 0.100833
0 0.161562 0.595000 0.100625 0.100000
0 0.512188 0.887083 0.088125 0.095833
0 0.522500 0.714167 0.073750 0.125000
0 0.405938 0.207083 0.076875 0.095833
0 0.262813 0.439583 0.069375 0.094167
1 0.882500 0.610417 0.105000 0.112500
0 0.206875 0.654583 0.080000 0.109167
0 0.445937 0.589583 0.075625 0.095833
0 0.947500 0.288333 0.083750 0.095000
3 0.871875 0.711667 0.092500 0.118333
0 0.801250 0.425000 0.086250 0.115000
0 0.753125 0.225833 0.081250 0.101667
0 0.111875 0.256250 0.076250 0.117500
0 0.836250 0.230000 0.078750 0.083333
0 0.637500 0.626250 0.081250 0.104167
0 0.377812 0.475417 0.079375 0.092500
0 0.825625 0.805000 0.086250 0.101667
0 0.490625 0.812500 0.065000 0.090000
0 0.870313 0.324167 0.093125 0.096667
0 0.277500 0.748333 0.102500 0.076667
0 0.108438 0.406250 0.104375 0.084167
0 0.415625 0.869583 0.075000 0.104167
0 0.178437 0.082500 0.110625 0.070000
0 0.044062 0.470417 0.086875 0.075833
0 0.346875 0.786250 0.066250 0.102500
0 0.790625 0.537083 0.068750 0.117500
0 0.917188 0.458333 0.074375 0.090000
0 0.748437 0.367917 0.079375 0.107500
