0 0.332188 0.823333 0.083125 0.093333
0 0.809375 0.274167 0.071250 0.093333
0 0.079687 0.302500 0.071875 0.096667
0 0.218750 0.234167 0.078750 0.093333
3 0.855000 0.350417 0.081250 0.104167
0 0.184062 0.057083 0.066875 0.107500
0 0.165937 0.780000 0.074375 0.093333
0 0.163750 0.307083 0.083750 0.100833
0 0.939063 0.430833 0.075625 0.090000
0 0.051562 0.752917 0.084375 0.100833
0 0.347813 0.756667 0.075625 0.098333
0 0.790000 0.606250 0.070000 0.092500
0 0.622500 0.815833 0.070000 0.101667
0 0.449375 0.462917 0.070000 0.097500
0 0.075313 0.068333 0.065625 0.100000
0 0.249688 0.840000 0.074375 0.108333
0 0.191562 0.670833 0.089375 0.103333
0 0.334062 0.253333 0.076875 0.096667
0 0.730000 0.943333 0.072500 0.096667
0 0.764687 0.070417 0.084375 0.117500
0 0.281250 0.369167 0.088750 0.105000
0 0.137500 0.167917 0.073750 0.094167
0 0.675000 0.322500 0.078750 0.106667
0 0.374688 0.932917 0.069375 0.099167
0 0.496875 0.702083 0.065000 0.097500
0 0.176563 0.543750 0.071875 0.089167
0 0.125938 0.453750 0.081875 0.104167
0 0.664687 0.090000 0.071875 0.090000
0 0.413438 0.810417 0.064375 0.095833
0 0.554688 0.269583 0.076875 0.087500
0 0.087500 0.583333 0.071250 0.096667
0 0.433125 0.257500 0.082500 0.095000
0 0.363750 0.153750 0.070000 0.077500
0 0.592500 0.676667 0.075000 0.101667
0 0.716250 0.522083 0.075000 0.094167
0 0.087188 0.906250 0.069375 0.085833
0 0.550000 0.346667 0.071250 0.100000
0 0.601250 0.095000 0.072500 0.101667
0 0.055000 0.651667 0.077500 0.091667
0 0.459688 0.121667 0.069375 0.106667
0 0.137187 0.865833 0.066875 0.088333
0 0.539375 0.747917 0.068750 0.087500
0 0.613437 0.546667 0.074375 0.115000
0 0.205625 0.913750 0.075000 0.104167
0 0.221250 0.095833 0.057500 0.075000
0 0.382812 0.704583 0.046875 0.109167
0 0.418125 0.696667 0.033750 0.155000
0 0.064375 0.586667 0.075000 0.103333
