0 0.551250 0.537083 0.075000 0.094167
0 0.425312 0.432083 0.070625 0.095833
0 0.918125 0.775417 0.077500 0.102500
0 0.446875 0.805000 0.078750 0.105000
0 0.577812 0.423750 0.080625 0.105833
0 0.351875 0.664583 0.075000 0.094167
0 0.433750 0.078333 0.080000 0.118333
0 0.307812 0.844583 0.069375 0.110833
0 0.922813 0.245833 0.079375 0.090000
0 0.210938 0.934167 0.086875 0.108333
0 0.084062 0.553333 0.071875 0.086667
0 0.412500 0.190833 0.075000 0.086667
0 0.393437 0.885000 0.083125 0.093333
0 0.062812 0.439167 0.080625 0.091667
0 0.837500 0.047500 0.076250 0.095000
0 0.633125 0.802083 0.070000 0.104167
0 0.881250 0.563333 0.072500 0.116667
0 0.705313 0.900417 0.069375 0.099167
0 0.835625 0.789583 0.065000 0.095833
0 0.235313 0.049583 0.070625 0.092500
0 0.563438 0.248750 0.084375 0.105833
0 0.339375 0.108750 0.070000 0.092500
0 0.503750 0.394167 0.077500 0.100000
0 0.504062 0.180000 0.079375 0.110000
0 0.372188 0.370833 0.068125 0.095000
0 0.969688 0.325417 0.058125 0.080833
0 0.899687 0.917917 0.071875 0.095833
0 0.938125 0.160833 0.091250 0.083333
0 0.818125 0.623750 0.092500 0.094167
0 0.143437 0.185417 0.069375 0.117500
0 0.913750 0.047500 0.056250 0.093333
