0 0.504375 0.158333 0.077500 0.090000
0 0.450313 0.387500 0.080625 0.108333
0 0.296875 0.293333 0.063750 0.085000
0 0.920937 0.535000 0.078125 0.108333
0 0.576250 0.184583 0.068750 0.082500
0 0.527188 0.477500 0.060625 0.091667
0 0.928125 0.263333 0.066250 0.093333
0 0.121875 0.401667 0.070000 0.080000
0 0.683125 0.543750 0.063750 0.082500
0 0.505000 0.249583 0.076250 0.094167
0 0.180312 0.827917 0.064375 0.090833
0 0.704688 0.069583 0.079375 0.105833
5 0.922813 0.156667 0.068125 0.083333
0 0.684063 0.632500 0.069375 0.095000
0 0.704688 0.316250 0.065625 0.089167
0 0.178750 0.287500 0.061250 0.083333
0 0.537188 0.939583 0.076875 0.094167
0 0.490312 0.808750 0.068125 0.100833
0 0.627500 0.285000 0.075000 0.100000
0 0.237500 0.307500 0.063750 0.078333
0 0.324375 0.168333 0.061250 0.076667
0 0.886250 0.851667 0.056250 0.071667
0 0.303125 0.442500 0.077500 0.098333
0 0.154062 0.909167 0.075625 0.098333
0 0.291875 0.581250 0.063750 0.082500
0 0.337813 0.532083 0.074375 0.099167
0 0.562813 0.279167 0.065625 0.086667
0 0.215938 0.496667 0.068125 0.093333
0 0.132500 0.774167 0.068750 0.083333
0 0.591250 0.497500 0.066250 0.083333
0 0.345625 0.714583 0.076250 0.092500
0 0.544687 0.612083 0.066875 0.085833
0 0.437188 0.215417 0.076875 0.120833
0 0.232500 0.910000 0.068750 0.086667
0 0.698750 0.399167 0.068750 0.088333
0 0.432500 0.111250 0.058750 0.080833
0 0.610625 0.577917 0.075000 0.095833
0 0.541562 0.078333 0.076875 0.101667
0 0.726875 0.665000 0.071250 0.090000
0 0.440312 0.870833 0.079375 0.100000
0 0.123125 0.237917 0.072500 0.092500
0 0.406250 0.757500 0.070000 0.088333
0 0.248125 0.639583 0.073750 0.092500
0 0.745313 0.759583 0.076875 0.092500
0 0.903438 0.643750 0.071875 0.095833
0 0.060312 0.815000 0.069375 0.073333
0 0.645000 0.372917 0.057500 0.085833
0 0.110000 0.326250 0.070000 0.085833
0 0.762188 0.550000 0.073125 0.100000
0 0.364687 0.095000 0.080625 0.105000
0 0.594688 0.858750 0.079375 0.102500
1 0.581562 0.100833 0.109375 0.100000
0 0.144375 0.163750 0.085000 0.090833
0 0.751875 0.899583 0.072500 0.095833
0 0.087813 0.463333 0.074375 0.101667
0 0.207187 0.609583 0.060625 0.075833
0 0.150938 0.493750 0.070625 0.075833
5 0.417812 0.613750 0.079375 0.079167
0 0.815000 0.899583 0.066250 0.079167
0 0.822812 0.853750 0.069375 0.099167
0 0.053437 0.474167 0.058125 0.075000
0 0.040000 0.940417 0.070000 0.077500
0 0.654375 0.460833 0.067500 0.081667
0 0.767500 0.445417 0.078750 0.105833
0 0.501250 0.622500 0.062500 0.075000
0 0.701250 0.476667 0.062500 0.078333
0 0.361250 0.644167 0.062500 0.071667
0 0.834375 0.708333 0.078750 0.108333
0 0.684688 0.844583 0.065625 0.087500
0 0.044375 0.050417 0.072500 0.090833
0 0.659375 0.860000 0.076250 0.088333
0 0.865000 0.418333 0.080000 0.106667
0 0.838437 0.470417 0.074375 0.094167
1 0.112812 0.625000 0.069375 0.113333
1 0.062500 0.289583 0.085000 0.107500
0 0.964688 0.692917 0.070625 0.092500
0 0.922813 0.716667 0.075625 0.088333
0 0.857500 0.682500 0.075000 0.096667
0 0.833750 0.763750 0.083750 0.080833
0 0.760000 0.805417 0.061250 0.092500
0 0.141563 0.572083 0.061875 0.090833
0 0.030312 0.716667 0.058125 0.081667
0 0.065312 0.686667 0.068125 0.088333
0 0.166250 0.629167 0.055000 0.098333
0 0.146875 0.704167 0.063750 0.071667
0 0.063750 0.781667 0.073750 0.083333
0 0.086563 0.709167 0.070625 0.088333
0 0.083437 0.882917 0.079375 0.100833
0 0.423438 0.701667 0.061875 0.085000
0 0.463125 0.669583 0.085000 0.095833
0 0.801875 0.413750 0.065000 0.079167
0 0.888125 0.343750 0.087500 0.079167
0 0.862187 0.337083 0.069375 0.104167
0 0.372500 0.312917 0.053750 0.092500
