0 0.215938 0.302083 0.070625 0.090833
0 0.426250 0.272917 0.065000 0.085833
0 0.914375 0.052500 0.066250 0.090000
0 0.658438 0.319583 0.071875 0.107500
0 0.368437 0.079583 0.069375 0.087500
0 0.877188 0.404167 0.073125 0.103333
0 0.824688 0.467500 0.063125 0.086667
0 0.294687 0.740417 0.061875 0.087500
0 0.347813 0.683333 0.069375 0.103333
0 0.803438 0.912917 0.071875 0.087500
0 0.755313 0.120417 0.074375 0.087500
0 0.936250 0.655000 0.073750 0.085000
0 0.880000 0.134167 0.070000 0.100000
0 0.936562 0.550417 0.060625 0.094167
0 0.930000 0.347917 0.075000 0.085833
0 0.902500 0.816250 0.070000 0.077500
0 0.814063 0.071667 0.063125 0.083333
0 0.508750 0.678750 0.062500 0.087500
0 0.766250 0.198333 0.072500 0.085000
0 0.505313 0.441250 0.066875 0.089167
0 0.775625 0.638333 0.062500 0.088333
0 0.573125 0.240833 0.065000 0.090000
0 0.303750 0.442500 0.062500 0.086667
0 0.293750 0.092917 0.062500 0.102500
0 0.461250 0.362500 0.068750 0.073333
0 0.601250 0.380833 0.070000 0.086667
0 0.781250 0.340833 0.073750 0.083333
0 0.043437 0.108750 0.061875 0.084167
0 0.690625 0.217500 0.073750 0.085000
0 0.495625 0.241250 0.067500 0.099167
0 0.701250 0.640833 0.063750 0.096667
0 0.147187 0.253750 0.070625 0.084167
0 0.863750 0.317083 0.071250 0.089167
0 0.226562 0.063750 0.066875 0.110833
0 0.805000 0.551250 0.090000 0.095833
0 0.375000 0.870833 0.066250 0.075000
0 0.197500 0.725000 0.067500 0.081667
0 0.680937 0.420833 0.055625 0.076667
0 0.932500 0.182500 0.051250 0.095000
0 0.137500 0.439583 0.067500 0.099167
0 0.303125 0.879583 0.066250 0.080833
0 0.351562 0.787917 0.060625 0.075833
0 0.866563 0.620000 0.064375 0.080000
0 0.930312 0.748333 0.074375 0.085000
0 0.084687 0.302500 0.064375 0.098333
0 0.530625 0.308333 0.068750 0.091667
0 0.735625 0.278333 0.078750 0.091667
0 0.928438 0.257500 0.079375 0.096667
0 0.348125 0.344167 0.068750 0.103333
0 0.397188 0.624583 0.060625 0.082500
0 0.151250 0.337083 0.062500 0.074167
0 0.610938 0.475417 0.075625 0.092500
0 0.669687 0.143333 0.081875 0.090000
0 0.705313 0.052917 0.056875 0.090833
0 0.416875 0.366667 0.057500 0.093333
0 0.913750 0.905833 0.065000 0.088333
0 0.250312 0.662500 0.076875 0.096667
0 0.819063 0.828333 0.056875 0.078333
0 0.772188 0.760833 0.064375 0.088333
0 0.216875 0.449167 0.076250 0.078333
0 0.879375 0.944167 0.073750 0.100000
0 0.203125 0.386667 0.058750 0.071667
0 0.735938 0.726667 0.068125 0.098333
0 0.704688 0.805833 0.053125 0.078333
0 0.126250 0.558333 0.057500 0.090000
0 0.198437 0.813333 0.059375 0.098333
0 0.045312 0.415833 0.064375 0.075000
0 0.278750 0.531667 0.062500 0.091667
0 0.256875 0.842917 0.058750 0.090833
0 0.500625 0.137917 0.073750 0.089167
0 0.695000 0.907500 0.057500 0.073333
0 0.571250 0.171250 0.077500 0.085833
0 0.564688 0.873333 0.070625 0.083333
0 0.758125 0.437083 0.072500 0.079167
0 0.293438 0.267500 0.060625 0.075000
0 0.452188 0.905833 0.080625 0.103333
0 0.157812 0.179583 0.063125 0.075833
0 0.407500 0.745000 0.068750 0.100000
0 0.215625 0.164583 0.061250 0.085833
0 0.215312 0.536250 0.068125 0.080833
0 0.365312 0.164167 0.071875 0.071667
0 0.436250 0.458750 0.058750 0.079167
0 0.415312 0.545000 0.055625 0.068333
0 0.193750 0.639167 0.062500 0.076667
0 0.843750 0.704583 0.067500 0.102500
0 0.082500 0.544167 0.062500 0.085000
0 0.153125 0.918333 0.072500 0.078333
0 0.654375 0.842917 0.061250 0.079167
0 0.322813 0.956667 0.069375 0.063333
0 0.061875 0.347917 0.070000 0.084167
0 0.486563 0.764167 0.071875 0.070000
0 0.363438 0.423333 0.055625 0.065000
0 0.614688 0.567083 0.061875 0.084167
0 0.552813 0.795417 0.066875 0.075833
0 0.500313 0.528750 0.066875 0.077500
0 0.116562 0.921667 0.066875 0.086667
0 0.625938 0.823750 0.056875 0.094167
0 0.035000 0.815000 0.070000 0.085000
0 0.511563 0.845417 0.074375 0.084167
0 0.480000 0.037917 0.072500 0.075833
0 0.029063 0.903750 0.058125 0.079167
0 0.189688 0.568333 0.054375 0.091667
0 0.091563 0.057917 0.065625 0.085833
0 0.576562 0.745000 0.048125 0.071667
0 0.621250 0.678750 0.061250 0.094167
0 0.079687 0.696667 0.056875 0.075000
0 0.110625 0.792917 0.067500 0.104167
0 0.129062 0.061667 0.053125 0.096667
