0 0.646875 0.655000 0.078750 0.105000
0 0.578125 0.738750 0.077500 0.114167
0 0.836875 0.868333 0.075000 0.098333
0 0.949063 0.782917 0.073125 0.097500
0 0.831875 0.580833 0.073750 0.090000
0 0.790000 0.457500 0.073750 0.098333
0 0.647813 0.939583 0.079375 0.099167
6 0.661250 0.810833 0.102500 0.135000
0 0.517188 0.884583 0.071875 0.115833
0 0.445000 0.894583 0.073750 0.112500
0 0.342500 0.910833 0.075000 0.103333
0 0.079062 0.943333 0.073125 0.091667
0 0.127188 0.877500 0.071875 0.090000
0 0.151562 0.787083 0.060625 0.079167
0 0.198750 0.577083 0.065000 0.114167
0 0.120313 0.490417 0.065625 0.102500
0 0.141563 0.212083 0.058125 0.095833
0 0.178437 0.152083 0.061875 0.115833
0 0.232813 0.125417 0.060625 0.147500
0 0.064375 0.201667 0.073750 0.105000
0 0.269062 0.194583 0.069375 0.095833
0 0.928125 0.272917 0.080000 0.122500
0 0.036250 0.795833 0.063750 0.105000
0 0.085000 0.792917 0.060000 0.082500
0 0.118438 0.692917 0.098125 0.094167
0 0.133125 0.648333 0.083750 0.071667
0 0.149375 0.594583 0.073750 0.102500
0 0.073750 0.602083 0.083750 0.094167
0 0.079687 0.521250 0.078125 0.079167
0 0.032813 0.707917 0.064375 0.094167
0 0.270313 0.059167 0.075625 0.095000
0 0.331875 0.088333 0.080000 0.085000
0 0.049063 0.050000 0.071875 0.085000
0 0.358438 0.154583 0.091875 0.097500
0 0.762813 0.260833 0.075625 0.095000
0 0.626875 0.379167 0.081250 0.100000
0 0.703750 0.239167 0.061250 0.111667
0 0.823750 0.093333 0.083750 0.113333
0 0.429688 0.434167 0.079375 0.098333
0 0.378437 0.829167 0.101875 0.093333
0 0.322500 0.777917 0.077500 0.095833
0 0.297500 0.710833 0.055000 0.088333
0 0.216562 0.739583 0.083125 0.100833
0 0.236875 0.692083 0.072500 0.119167
0 0.413438 0.683333 0.126875 0.075000
0 0.277187 0.635417 0.089375 0.107500
