0 0.920000 0.358333 0.066250 0.090000
0 0.714688 0.939583 0.064375 0.079167
0 0.495312 0.697083 0.071875 0.077500
0 0.145625 0.307083 0.067500 0.070833
1 0.422812 0.301667 0.081875 0.095000
0 0.050625 0.622917 0.058750 0.085833
0 0.499063 0.312917 0.060625 0.080833
0 0.763437 0.312500 0.058125 0.080000
0 0.888125 0.802083 0.070000 0.082500
0 0.161562 0.730000 0.069375 0.091667
0 0.219062 0.512500 0.054375 0.083333
0 0.102813 0.738333 0.060625 0.086667
0 0.810625 0.540000 0.071250 0.086667
0 0.691562 0.870833 0.059375 0.086667
0 0.718750 0.481667 0.060000 0.078333
0 0.224688 0.773750 0.064375 0.075833
1 0.192188 0.416667 0.070625 0.100000
0 0.693125 0.160833 0.056250 0.085000
0 0.734375 0.102083 0.065000 0.084167
0 0.640938 0.568750 0.079375 0.079167
0 0.958750 0.279583 0.050000 0.089167
0 0.944375 0.763750 0.057500 0.080833
0 0.162188 0.569167 0.069375 0.085000
0 0.084687 0.219583 0.059375 0.080833
0 0.475313 0.432500 0.054375 0.078333
0 0.175625 0.150000 0.062500 0.086667
0 0.231875 0.253333 0.076250 0.096667
0 0.065000 0.418750 0.058750 0.075833
0 0.880000 0.542083 0.065000 0.074167
0 0.667188 0.443750 0.061875 0.079167
0 0.934063 0.539583 0.059375 0.079167
0 0.770938 0.845000 0.064375 0.083333
0 0.626875 0.864583 0.058750 0.087500
0 0.577500 0.871667 0.051250 0.071667
0 0.876875 0.917500 0.063750 0.081667
0 0.279062 0.808333 0.054375 0.068333
1 0.150312 0.222083 0.075625 0.092500
0 0.962500 0.649583 0.063750 0.075833
0 0.435937 0.862917 0.068125 0.072500
0 0.760625 0.821250 0.066250 0.089167
0 0.105000 0.362083 0.056250 0.072500
0 0.408438 0.718333 0.066875 0.080000
0 0.375000 0.860417 0.056250 0.072500
0 0.865625 0.632917 0.048750 0.065833
0 0.852187 0.121667 0.056875 0.070000
0 0.397500 0.789167 0.056250 0.066667
0 0.506875 0.940833 0.065000 0.083333
0 0.098437 0.513333 0.053125 0.083333
0 0.544375 0.941250 0.066250 0.079167
0 0.805625 0.200000 0.051250 0.071667
0 0.845000 0.227083 0.052500 0.072500
0 0.962812 0.169583 0.060625 0.077500
0 0.225000 0.859167 0.072500 0.085000
0 0.801875 0.463750 0.056250 0.074167
0 0.720625 0.645833 0.061250 0.076667
0 0.897188 0.090833 0.046875 0.091667
0 0.290000 0.886250 0.062500 0.074167
0 0.856875 0.725833 0.057500 0.068333
0 0.762813 0.497917 0.066875 0.079167
0 0.080937 0.589167 0.054375 0.065000
0 0.540625 0.377917 0.057500 0.072500
0 0.829375 0.684167 0.065000 0.081667
0 0.069062 0.543333 0.060625 0.075000
0 0.447813 0.630000 0.061875 0.055000
0 0.244062 0.037500 0.063125 0.073333
0 0.299687 0.964167 0.059375 0.071667
