0 0.944688 0.442083 0.066875 0.087500
0 0.413750 0.255833 0.073750 0.108333
0 0.932500 0.300417 0.067500 0.089167
0 0.104375 0.445000 0.071250 0.091667
0 0.193750 0.101667 0.072500 0.096667
0 0.145937 0.535833 0.066875 0.083333
0 0.297812 0.120000 0.071875 0.101667
0 0.252188 0.923750 0.066875 0.090833
0 0.820937 0.193333 0.070625 0.090000
0 0.334062 0.392917 0.064375 0.089167
0 0.188750 0.337500 0.060000 0.083333
0 0.267500 0.282500 0.062500 0.080000
0 0.443750 0.673333 0.070000 0.091667
0 0.574688 0.746250 0.071875 0.095833
0 0.255625 0.421667 0.076250 0.086667
0 0.060312 0.612500 0.069375 0.093333
0 0.683750 0.932500 0.072500 0.098333
0 0.880938 0.139167 0.065625 0.085000
0 0.542500 0.107083 0.073750 0.097500
0 0.494688 0.759583 0.060625 0.082500
0 0.811875 0.397917 0.070000 0.095833
0 0.520000 0.877917 0.076250 0.102500
0 0.566562 0.530000 0.083125 0.111667
0 0.194688 0.666250 0.076875 0.097500
0 0.438125 0.887500 0.065000 0.088333
0 0.233125 0.777917 0.066250 0.090833
0 0.086250 0.891667 0.066250 0.085000
0 0.752812 0.053333 0.080625 0.093333
0 0.962187 0.825417 0.066875 0.087500
0 0.419375 0.515000 0.053750 0.085000
0 0.645000 0.407083 0.072500 0.099167
0 0.620313 0.147500 0.068125 0.103333
0 0.616250 0.858333 0.067500 0.051667
0 0.428438 0.086667 0.065625 0.081667
0 0.312812 0.642917 0.080625 0.102500
0 0.959063 0.699583 0.071875 0.075833
0 0.963125 0.610000 0.072500 0.096667
0 0.691875 0.126250 0.072500 0.100833
0 0.366563 0.857917 0.075625 0.097500
0 0.714063 0.193333 0.068125 0.085000
0 0.030312 0.146667 0.060625 0.088333
0 0.612187 0.420833 0.069375 0.098333
0 0.892500 0.945833 0.082500 0.103333
1 0.527188 0.400000 0.085625 0.113333
0 0.080000 0.065833 0.037500 0.111667
