0 0.524375 0.876250 0.063750 0.094167
0 0.876250 0.861250 0.066250 0.099167
0 0.453437 0.395000 0.078125 0.100000
0 0.489687 0.770417 0.076875 0.097500
0 0.108750 0.690833 0.067500 0.095000
0 0.819688 0.091667 0.083125 0.096667
0 0.043125 0.065833 0.063750 0.083333
0 0.966562 0.306250 0.065625 0.102500
0 0.924687 0.945833 0.070625 0.096667
0 0.740938 0.916250 0.078125 0.100833
0 0.127188 0.558750 0.074375 0.102500
0 0.212500 0.563333 0.080000 0.093333
0 0.305937 0.927083 0.073125 0.100833
0 0.496875 0.092500 0.076250 0.116667
0 0.480938 0.297500 0.070625 0.088333
0 0.284062 0.102500 0.071875 0.091667
0 0.615938 0.353333 0.075625 0.103333
0 0.747500 0.237917 0.076250 0.107500
0 0.522188 0.554167 0.068125 0.108333
0 0.247812 0.282083 0.068125 0.100833
0 0.898125 0.285833 0.068750 0.096667
0 0.564375 0.197500 0.065000 0.091667
0 0.255312 0.697083 0.069375 0.095833
0 0.308750 0.388333 0.073750 0.100000
0 0.880000 0.567917 0.063750 0.085833
0 0.684375 0.704583 0.078750 0.100833
0 0.425625 0.269167 0.072500 0.111667
0 0.440312 0.911667 0.071875 0.086667
0 0.796562 0.817083 0.083125 0.110833
0 0.417812 0.170417 0.081875 0.097500
0 0.119375 0.866667 0.071250 0.103333
0 0.292187 0.540417 0.086875 0.105833
0 0.746250 0.080833 0.062500 0.090000
0 0.148750 0.058750 0.091250 0.089167
0 0.214688 0.757917 0.084375 0.089167
0 0.807500 0.630000 0.077500 0.110000
0 0.853750 0.739583 0.075000 0.105833
0 0.193438 0.905417 0.061875 0.084167
0 0.671250 0.658333 0.075000 0.103333
0 0.180312 0.653750 0.071875 0.095833
0 0.900937 0.107500 0.048125 0.101667
0 0.561250 0.710000 0.072500 0.093333
0 0.138750 0.381667 0.048750 0.111667
0 0.179688 0.362500 0.044375 0.086667
6 0.115312 0.424583 0.080625 0.154167
