0 0.240313 0.117917 0.066875 0.084167
0 0.684688 0.886250 0.064375 0.092500
0 0.297500 0.796667 0.062500 0.096667
0 0.233125 0.396250 0.060000 0.087500
0 0.617500 0.887917 0.061250 0.077500
0 0.749375 0.912917 0.060000 0.092500
0 0.175313 0.163333 0.066875 0.086667
0 0.844688 0.917917 0.069375 0.089167
0 0.410625 0.372083 0.077500 0.090833
0 0.883125 0.660417 0.071250 0.097500
0 0.730000 0.778750 0.061250 0.085833
0 0.764375 0.708333 0.067500 0.073333
0 0.235000 0.477083 0.070000 0.069167
0 0.074375 0.828333 0.070000 0.086667
0 0.291875 0.594583 0.073750 0.109167
0 0.175937 0.252083 0.070625 0.087500
0 0.839688 0.699583 0.064375 0.087500
0 0.790937 0.638333 0.071875 0.093333
0 0.698438 0.695417 0.070625 0.095833
0 0.390937 0.230000 0.073125 0.081667
0 0.407813 0.064167 0.074375 0.085000
0 0.913125 0.910833 0.056250 0.100000
0 0.098437 0.909583 0.063125 0.074167
0 0.370937 0.738333 0.065625 0.083333
0 0.295000 0.255833 0.076250 0.086667
0 0.729688 0.581667 0.084375 0.090000
0 0.054062 0.181250 0.066875 0.080833
0 0.618125 0.465417 0.077500 0.087500
0 0.293438 0.170833 0.054375 0.075000
0 0.680312 0.650000 0.071875 0.098333
0 0.524062 0.777083 0.069375 0.082500
0 0.742812 0.265417 0.081875 0.092500
0 0.717187 0.445833 0.081875 0.100000
0 0.518750 0.687083 0.075000 0.084167
0 0.774687 0.097083 0.065625 0.080833
0 0.920937 0.246250 0.051875 0.079167
0 0.173750 0.953750 0.056250 0.085833
0 0.355312 0.297917 0.066875 0.095833
0 0.350938 0.121667 0.065625 0.088333
0 0.128750 0.433750 0.065000 0.095833
0 0.054688 0.563750 0.059375 0.075833
0 0.560937 0.165833 0.065625 0.093333
0 0.100937 0.449167 0.069375 0.098333
0 0.167813 0.357083 0.075625 0.092500
0 0.937813 0.737917 0.065625 0.095833
0 0.140625 0.315000 0.052500 0.080000
0 0.280938 0.347917 0.069375 0.085833
0 0.329375 0.652500 0.060000 0.071667
0 0.440625 0.862917 0.052500 0.085833
0 0.546562 0.431667 0.080625 0.090000
0 0.442500 0.933750 0.070000 0.077500
0 0.631563 0.540417 0.073125 0.100833
0 0.945625 0.181667 0.073750 0.078333
0 0.551875 0.683333 0.072500 0.080000
0 0.120000 0.096250 0.065000 0.072500
0 0.795625 0.052083 0.082500 0.092500
0 0.538125 0.055000 0.070000 0.091667
0 0.862812 0.352500 0.063125 0.081667
1 0.548125 0.905833 0.078750 0.113333
0 0.074375 0.262083 0.066250 0.074167
0 0.409375 0.828750 0.066250 0.080833
0 0.560000 0.260417 0.072500 0.085833
0 0.455937 0.758333 0.073125 0.088333
0 0.262813 0.951250 0.069375 0.080833
0 0.663125 0.515417 0.075000 0.107500
0 0.869062 0.534583 0.070625 0.085833
0 0.298750 0.096667 0.057500 0.081667
0 0.106250 0.840417 0.062500 0.072500
0 0.100937 0.527500 0.073125 0.078333
0 0.503437 0.958750 0.063125 0.067500
0 0.092188 0.307500 0.063125 0.081667
0 0.355625 0.824583 0.061250 0.069167
0 0.906563 0.307917 0.080625 0.090833
0 0.477812 0.203750 0.068125 0.080833
1 0.656563 0.294167 0.088125 0.096667
1 0.784062 0.521250 0.119375 0.122500
1 0.125625 0.604167 0.096250 0.150000
0 0.110312 0.174583 0.065625 0.107500
0 0.325625 0.091667 0.060000 0.098333
0 0.566875 0.306250 0.070000 0.082500
0 0.564063 0.349583 0.071875 0.070833
0 0.590313 0.382500 0.063125 0.080000
0 0.107500 0.395000 0.071250 0.095000
0 0.045312 0.641667 0.069375 0.081667
0 0.054062 0.675417 0.049375 0.082500
0 0.115937 0.649583 0.065625 0.072500
0 0.134375 0.665000 0.060000 0.078333
0 0.539375 0.842500 0.057500 0.080000
0 0.957812 0.522083 0.060625 0.089167
0 0.913750 0.515000 0.060000 0.075000
0 0.903125 0.447500 0.057500 0.081667
0 0.887813 0.394167 0.071875 0.078333
0 0.547500 0.110417 0.073750 0.089167
0 0.429375 0.763333 0.061250 0.078333
0 0.391562 0.743750 0.061875 0.089167
0 0.952500 0.788750 0.068750 0.094167
0 0.956562 0.692500 0.070625 0.095000
0 0.858750 0.387500 0.076250 0.076667
