0 0.417812 0.161250 0.064375 0.084167
0 0.949688 0.152500 0.064375 0.088333
0 0.548750 0.708333 0.067500 0.093333
0 0.823750 0.139583 0.073750 0.085833
0 0.681875 0.706667 0.070000 0.093333
0 0.258750 0.467917 0.068750 0.085833
0 0.180625 0.888333 0.082500 0.090000
0 0.213438 0.557917 0.075625 0.095833
0 0.224062 0.312083 0.068125 0.092500
0 0.135000 0.645000 0.061250 0.076667
0 0.672813 0.081667 0.076875 0.085000
0 0.287187 0.580417 0.060625 0.082500
0 0.405313 0.413750 0.070625 0.087500
0 0.813125 0.843333 0.066250 0.088333
0 0.583438 0.907083 0.070625 0.085833
0 0.758750 0.888750 0.056250 0.075833
0 0.347500 0.783333 0.062500 0.075000
0 0.231563 0.090417 0.069375 0.089167
0 0.850625 0.776250 0.057500 0.074167
0 0.829063 0.536667 0.058125 0.080000
0 0.280938 0.701667 0.069375 0.091667
0 0.499063 0.865417 0.069375 0.087500
0 0.138437 0.416250 0.061875 0.082500
0 0.170000 0.802500 0.068750 0.090000
0 0.222812 0.223333 0.065625 0.098333
0 0.685937 0.255833 0.065625 0.085000
0 0.685312 0.952500 0.073125 0.086667
0 0.465938 0.460417 0.066875 0.084167
0 0.406250 0.918750 0.063750 0.070833
0 0.374688 0.331667 0.069375 0.096667
0 0.912813 0.574583 0.061875 0.089167
0 0.455937 0.293750 0.068125 0.092500
0 0.619375 0.472917 0.050000 0.064167
0 0.429375 0.075417 0.061250 0.072500
0 0.549375 0.446250 0.066250 0.077500
0 0.614688 0.233750 0.066875 0.080833
0 0.583750 0.039167 0.055000 0.071667
0 0.877812 0.479583 0.064375 0.077500
1 0.902500 0.245000 0.085000 0.095000
0 0.900625 0.832500 0.061250 0.080000
0 0.540937 0.596250 0.055625 0.082500
0 0.740000 0.384583 0.062500 0.085833
0 0.285938 0.053750 0.053125 0.069167
0 0.431563 0.667500 0.068125 0.085000
0 0.510312 0.532083 0.063125 0.089167
0 0.758750 0.692083 0.071250 0.092500
0 0.459688 0.373750 0.060625 0.077500
0 0.829063 0.404167 0.053125 0.073333
0 0.860000 0.654583 0.061250 0.087500
0 0.854688 0.899583 0.069375 0.084167
0 0.497188 0.672917 0.050625 0.080833
0 0.201563 0.724167 0.069375 0.068333
0 0.072500 0.670417 0.073750 0.089167
0 0.797500 0.249583 0.063750 0.070833
0 0.488438 0.592500 0.056875 0.075000
0 0.195312 0.162917 0.060625 0.075833
0 0.516250 0.232083 0.048750 0.072500
0 0.574063 0.332917 0.056875 0.082500
0 0.098125 0.485833 0.058750 0.068333
0 0.538438 0.165000 0.060625 0.076667
0 0.042813 0.608333 0.061875 0.075000
1 0.067500 0.261667 0.078750 0.116667
0 0.056563 0.715000 0.056875 0.063333
0 0.960625 0.770417 0.077500 0.100833
0 0.365312 0.043750 0.053125 0.069167
0 0.431875 0.625000 0.057500 0.088333
0 0.455937 0.747917 0.056875 0.075833
0 0.116562 0.828333 0.053125 0.085000
0 0.649375 0.415833 0.061250 0.078333
0 0.803750 0.610417 0.053750 0.065833
0 0.122813 0.545000 0.054375 0.063333
0 0.773438 0.383333 0.058125 0.071667
1 0.063750 0.809167 0.071250 0.110000
0 0.397188 0.588750 0.074375 0.094167
0 0.506563 0.780833 0.059375 0.088333
0 0.115937 0.768750 0.076875 0.092500
0 0.607500 0.537500 0.075000 0.075000
0 0.077188 0.120833 0.058125 0.071667
0 0.705313 0.442500 0.056875 0.063333
0 0.812187 0.323333 0.053125 0.076667
0 0.621563 0.666667 0.053125 0.071667
0 0.395625 0.510000 0.050000 0.070000
0 0.313750 0.848750 0.051250 0.069167
0 0.038437 0.194167 0.058125 0.073333
0 0.264062 0.187917 0.049375 0.064167
0 0.482500 0.940000 0.046250 0.055000
0 0.352187 0.914167 0.038125 0.115000
0 0.346875 0.563750 0.048750 0.102500
0 0.521563 0.311667 0.059375 0.075000
0 0.540312 0.335833 0.064375 0.076667
0 0.873125 0.273333 0.055000 0.070000
0 0.116250 0.076250 0.045000 0.084167
0 0.777500 0.775417 0.057500 0.080833
0 0.922813 0.682917 0.063125 0.107500
