0 0.458125 0.829583 0.076250 0.092500
0 0.672813 0.140417 0.076875 0.092500
0 0.619687 0.884167 0.085625 0.096667
0 0.501250 0.528333 0.080000 0.103333
0 0.659687 0.730000 0.080625 0.103333
0 0.791250 0.920417 0.085000 0.109167
0 0.087500 0.788333 0.085000 0.090000
0 0.554063 0.090417 0.075625 0.097500
0 0.584063 0.295000 0.075625 0.101667
0 0.252812 0.859167 0.091875 0.103333
0 0.768750 0.772917 0.077500 0.097500
0 0.592812 0.617917 0.068125 0.102500
0 0.263125 0.469583 0.082500 0.102500
0 0.866563 0.931250 0.065625 0.114167
0 0.640938 0.254167 0.068125 0.091667
0 0.408750 0.447083 0.092500 0.092500
0 0.473750 0.242917 0.085000 0.100833
0 0.155938 0.574583 0.086875 0.097500
0 0.904062 0.471250 0.079375 0.105833
0 0.798125 0.650417 0.072500 0.104167
0 0.090938 0.155833 0.074375 0.106667
0 0.541875 0.699583 0.086250 0.107500
0 0.675000 0.377083 0.100000 0.090833
0 0.917500 0.387500 0.086250 0.096667
0 0.948125 0.048333 0.078750 0.096667
0 0.767500 0.225417 0.075000 0.107500
0 0.753125 0.442917 0.091250 0.104167
0 0.834688 0.489583 0.080625 0.089167
0 0.455937 0.730833 0.088125 0.096667
0 0.257500 0.327917 0.098750 0.082500
0 0.886563 0.804167 0.083125 0.113333
0 0.870000 0.606667 0.090000 0.106667
0 0.095937 0.623333 0.068125 0.105000
0 0.860313 0.193750 0.074375 0.077500
0 0.957187 0.850833 0.078125 0.103333
0 0.611875 0.123333 0.065000 0.125000
0 0.965000 0.173333 0.068750 0.098333
