0 0.343750 0.752500 0.068750 0.101667
0 0.247500 0.196667 0.078750 0.115000
0 0.720625 0.889583 0.058750 0.094167
0 0.567187 0.404583 0.070625 0.089167
0 0.429375 0.496250 0.072500 0.100833
0 0.612500 0.353750 0.060000 0.099167
0 0.274062 0.517917 0.071875 0.087500
2 0.380937 0.557500 0.079375 0.106667
0 0.893437 0.272083 0.070625 0.099167
0 0.407500 0.840417 0.065000 0.079167
0 0.285625 0.658750 0.067500 0.089167
0 0.839375 0.361667 0.070000 0.091667
0 0.538125 0.712917 0.068750 0.089167
0 0.151875 0.467500 0.062500 0.100000
0 0.856563 0.698750 0.064375 0.080833
0 0.931875 0.899583 0.067500 0.089167
0 0.099687 0.257500 0.076875 0.083333
0 0.925312 0.493750 0.060625 0.087500
0 0.123438 0.675000 0.071875 0.096667
0 0.097187 0.185833 0.069375 0.088333
0 0.222812 0.353750 0.060625 0.102500
0 0.865938 0.438333 0.071875 0.095000
0 0.586250 0.569167 0.061250 0.095000
0 0.154375 0.381667 0.066250 0.080000
0 0.916250 0.588333 0.065000 0.101667
0 0.803438 0.637500 0.064375 0.088333
0 0.506250 0.797500 0.056250 0.085000
0 0.279062 0.341250 0.051875 0.092500
0 0.154688 0.795417 0.075625 0.092500
3 0.343750 0.078750 0.082500 0.109167
0 0.059375 0.364583 0.071250 0.089167
0 0.204375 0.759167 0.065000 0.091667
0 0.727187 0.773333 0.068125 0.100000
0 0.710000 0.546667 0.081250 0.095000
0 0.863125 0.900000 0.062500 0.078333
0 0.396562 0.389583 0.063125 0.092500
0 0.918125 0.180000 0.061250 0.115000
0 0.471562 0.839583 0.065625 0.080833
0 0.084062 0.422500 0.058125 0.098333
0 0.520625 0.067083 0.070000 0.105833
0 0.568438 0.116667 0.068125 0.110000
0 0.454688 0.204167 0.078125 0.093333
0 0.305312 0.942083 0.059375 0.084167
0 0.370937 0.252083 0.058125 0.097500
0 0.245312 0.603333 0.081875 0.086667
0 0.969063 0.331250 0.060625 0.097500
0 0.554688 0.772917 0.049375 0.084167
