0 0.264375 0.349583 0.061250 0.080833
0 0.290938 0.600833 0.066875 0.103333
0 0.590625 0.414167 0.077500 0.098333
0 0.692187 0.109167 0.076875 0.106667
0 0.184375 0.570417 0.072500 0.099167
0 0.366875 0.349583 0.076250 0.099167
0 0.533438 0.276667 0.065625 0.078333
0 0.665937 0.263750 0.068125 0.100833
0 0.656875 0.541250 0.071250 0.099167
0 0.366250 0.742083 0.061250 0.099167
0 0.135313 0.250417 0.071875 0.099167
0 0.863125 0.242917 0.077500 0.092500
0 0.597500 0.584167 0.070000 0.090000
0 0.377812 0.262917 0.070625 0.094167
0 0.903750 0.928750 0.068750 0.085833
0 0.838125 0.806667 0.070000 0.086667
0 0.417187 0.888333 0.069375 0.090000
0 0.934688 0.313333 0.075625 0.108333
0 0.686562 0.656250 0.068125 0.115833
0 0.263750 0.257500 0.078750 0.098333
0 0.407813 0.133750 0.073125 0.102500
0 0.063750 0.275417 0.072500 0.102500
0 0.502812 0.799583 0.074375 0.087500
0 0.935000 0.470000 0.062500 0.085000
0 0.468750 0.535833 0.071250 0.100000
0 0.867500 0.164583 0.075000 0.084167
0 0.101250 0.342083 0.057500 0.094167
0 0.547500 0.521250 0.066250 0.082500
0 0.703750 0.445000 0.062500 0.096667
0 0.152812 0.753750 0.058125 0.095833
0 0.070312 0.440833 0.065625 0.106667
0 0.445000 0.685833 0.067500 0.098333
0 0.376875 0.525000 0.066250 0.110000
6 0.494375 0.629583 0.087500 0.112500
0 0.295938 0.139167 0.069375 0.111667
0 0.344687 0.143750 0.064375 0.130833
0 0.149688 0.672083 0.069375 0.089167
0 0.953125 0.835833 0.053750 0.103333
0 0.730625 0.497500 0.071250 0.113333
0 0.744062 0.710000 0.055625 0.121667
0 0.910312 0.836250 0.064375 0.102500
0 0.194062 0.270000 0.076875 0.131667
0 0.449688 0.950000 0.069375 0.098333
