0 0.441250 0.115417 0.061250 0.090833
0 0.064687 0.620417 0.061875 0.084167
0 0.931875 0.203333 0.062500 0.088333
0 0.868750 0.694583 0.066250 0.087500
0 0.248750 0.168333 0.063750 0.085000
0 0.545312 0.319167 0.063125 0.085000
0 0.102813 0.425000 0.069375 0.095000
0 0.853437 0.773333 0.066875 0.088333
0 0.775000 0.247500 0.058750 0.098333
0 0.832187 0.291250 0.056875 0.092500
0 0.268125 0.567917 0.071250 0.087500
0 0.400938 0.835417 0.069375 0.085833
0 0.559375 0.842917 0.070000 0.089167
0 0.171875 0.337083 0.062500 0.100833
0 0.569375 0.121667 0.052500 0.086667
0 0.147813 0.232500 0.079375 0.085000
0 0.179063 0.695833 0.068125 0.088333
3 0.320000 0.194167 0.072500 0.120000
0 0.136875 0.107083 0.047500 0.122500
0 0.238437 0.494583 0.073125 0.100833
0 0.466562 0.934167 0.070625 0.096667
0 0.833438 0.442917 0.068125 0.089167
3 0.655937 0.707083 0.083125 0.105833
0 0.778438 0.640833 0.064375 0.091667
0 0.580000 0.945417 0.070000 0.090833
0 0.435312 0.695000 0.060625 0.085000
0 0.127188 0.843750 0.061875 0.105833
0 0.742188 0.691250 0.070625 0.089167
0 0.516563 0.643750 0.055625 0.077500
0 0.372500 0.259583 0.061250 0.077500
0 0.043750 0.796667 0.067500 0.105000
0 0.333437 0.840417 0.056875 0.095833
0 0.184062 0.847500 0.060625 0.076667
0 0.474375 0.590833 0.060000 0.081667
0 0.835938 0.139583 0.063125 0.104167
0 0.772500 0.789167 0.061250 0.096667
0 0.424687 0.521250 0.058125 0.090833
0 0.515312 0.120000 0.063125 0.096667
0 0.122813 0.290000 0.068125 0.086667
0 0.152812 0.786667 0.069375 0.096667
0 0.903750 0.472083 0.053750 0.079167
1 0.170937 0.137917 0.089375 0.100833
0 0.368437 0.520833 0.065625 0.098333
0 0.453125 0.398750 0.058750 0.104167
0 0.434063 0.630833 0.073125 0.078333
4 0.092188 0.124167 0.058125 0.113333
0 0.341562 0.457917 0.061875 0.095833
0 0.294375 0.360417 0.065000 0.099167
0 0.378125 0.453750 0.058750 0.090833
