0 0.580313 0.848333 0.074375 0.103333
0 0.450313 0.560000 0.080625 0.105000
0 0.227813 0.899167 0.076875 0.088333
0 0.755938 0.099583 0.076875 0.099167
0 0.679375 0.220417 0.072500 0.090833
0 0.700625 0.862500 0.087500 0.090000
0 0.287813 0.318333 0.081875 0.098333
0 0.796875 0.619583 0.078750 0.099167
0 0.352187 0.722083 0.085625 0.112500
2 0.135313 0.498333 0.094375 0.133333
0 0.475000 0.347500 0.065000 0.100000
0 0.861250 0.455833 0.067500 0.101667
0 0.144063 0.090833 0.086875 0.085000
0 0.212500 0.240417 0.081250 0.107500
0 0.915000 0.391250 0.075000 0.100833
0 0.723437 0.719167 0.071875 0.118333
0 0.107500 0.809167 0.073750 0.105000
0 0.042500 0.277083 0.073750 0.099167
0 0.850625 0.267083 0.072500 0.092500
0 0.587187 0.560833 0.069375 0.100000
0 0.254688 0.453333 0.074375 0.120000
0 0.645625 0.110833 0.080000 0.115000
0 0.181250 0.445833 0.085000 0.110000
0 0.442188 0.055000 0.070625 0.105000
0 0.698750 0.134583 0.067500 0.097500
