0 0.220312 0.432500 0.059375 0.085000
0 0.498750 0.734583 0.060000 0.092500
0 0.359063 0.928333 0.059375 0.086667
0 0.387188 0.789167 0.074375 0.100000
0 0.567813 0.720833 0.065625 0.081667
0 0.813125 0.730000 0.058750 0.085000
0 0.388125 0.119167 0.080000 0.083333
0 0.228125 0.773750 0.071250 0.107500
0 0.832500 0.673333 0.076250 0.091667
0 0.810937 0.585833 0.060625 0.088333
0 0.497500 0.885417 0.075000 0.104167
0 0.862500 0.877083 0.065000 0.089167
0 0.958438 0.467083 0.055625 0.089167
0 0.640625 0.627500 0.068750 0.100000
0 0.329375 0.056250 0.076250 0.080833
0 0.825000 0.384167 0.058750 0.076667
0 0.530312 0.484583 0.058125 0.090833
0 0.413125 0.192500 0.083750 0.083333
0 0.174063 0.900417 0.055625 0.079167
0 0.156875 0.371250 0.068750 0.095833
0 0.797813 0.455000 0.065625 0.081667
0 0.097500 0.084167 0.057500 0.091667
0 0.354375 0.491250 0.065000 0.079167
0 0.226562 0.882917 0.059375 0.075833
0 0.477500 0.335417 0.072500 0.087500
0 0.178750 0.743750 0.042500 0.067500
0 0.854062 0.315417 0.056875 0.079167
0 0.289375 0.550417 0.078750 0.087500
0 0.333125 0.435417 0.071250 0.079167
0 0.193438 0.588750 0.058125 0.077500
0 0.464687 0.646667 0.066875 0.085000
0 0.334375 0.660417 0.058750 0.070833
0 0.475625 0.445000 0.048750 0.070000
0 0.495625 0.585000 0.063750 0.085000
0 0.085625 0.464583 0.070000 0.070833
0 0.362500 0.365417 0.053750 0.072500
0 0.102813 0.645000 0.064375 0.080000
0 0.279062 0.953333 0.065625 0.088333
0 0.157812 0.060833 0.068125 0.068333
0 0.645938 0.515417 0.053125 0.070833
0 0.968437 0.102083 0.061875 0.089167
0 0.775000 0.521250 0.051250 0.070833
0 0.110937 0.521667 0.069375 0.065000
0 0.084687 0.401250 0.053125 0.070833
0 0.130312 0.710417 0.053125 0.070833
0 0.869687 0.224583 0.059375 0.062500
0 0.151250 0.117500 0.050000 0.076667
0 0.763437 0.960417 0.064375 0.079167
