0 0.165937 0.514583 0.080625 0.087500
0 0.133750 0.183333 0.073750 0.101667
0 0.870313 0.083750 0.084375 0.102500
0 0.416875 0.528750 0.071250 0.097500
0 0.156250 0.437500 0.080000 0.090000
6 0.217812 0.164583 0.061875 0.090833
0 0.597500 0.644583 0.085000 0.092500
0 0.902188 0.918333 0.085625 0.106667
0 0.073750 0.062500 0.086250 0.090000
0 0.330313 0.604583 0.085625 0.099167
0 0.158125 0.670833 0.086250 0.103333
0 0.341250 0.274167 0.062500 0.090000
0 0.208125 0.344167 0.068750 0.096667
0 0.786563 0.773750 0.078125 0.107500
0 0.374063 0.054167 0.076875 0.095000
0 0.360312 0.473333 0.081875 0.096667
0 0.123750 0.607917 0.080000 0.094167
0 0.713125 0.262500 0.091250 0.093333
0 0.235000 0.043750 0.080000 0.085833
0 0.446562 0.320417 0.063125 0.122500
0 0.615313 0.566667 0.094375 0.083333
0 0.042500 0.738750 0.058750 0.082500
0 0.253125 0.850417 0.085000 0.089167
0 0.672813 0.798333 0.113125 0.066667
0 0.334375 0.743333 0.081250 0.118333
