0 0.658438 0.874167 0.071875 0.103333
0 0.952187 0.619583 0.076875 0.090833
0 0.516250 0.245417 0.076250 0.099167
0 0.624687 0.813750 0.078125 0.100833
0 0.044062 0.527500 0.086875 0.103333
0 0.631875 0.300833 0.085000 0.111667
0 0.246875 0.674583 0.081250 0.092500
0 0.135625 0.645000 0.073750 0.096667
0 0.279375 0.823750 0.080000 0.115833
0 0.261875 0.188750 0.077500 0.095833
0 0.107188 0.080000 0.068125 0.083333
0 0.122188 0.348333 0.055625 0.093333
0 0.282500 0.285417 0.085000 0.097500
0 0.481250 0.579167 0.077500 0.088333
0 0.253750 0.770833 0.075000 0.100000
0 0.725000 0.195833 0.082500 0.110000
0 0.942813 0.870833 0.075625 0.105000
0 0.700313 0.597917 0.080625 0.110833
0 0.126250 0.166250 0.080000 0.100833
0 0.823438 0.893750 0.083125 0.109167
0 0.327813 0.504167 0.073125 0.098333
0 0.436875 0.728750 0.083750 0.114167
0 0.179375 0.578333 0.068750 0.076667
0 0.447500 0.908750 0.093750 0.107500
0 0.565937 0.755417 0.079375 0.090833
0 0.590000 0.453750 0.076250 0.097500
1 0.180000 0.477500 0.083750 0.118333
0 0.147187 0.755417 0.075625 0.092500
0 0.748750 0.916250 0.075000 0.100833
0 0.487812 0.421667 0.083125 0.095000
0 0.201250 0.869583 0.091250 0.082500
0 0.777188 0.362083 0.075625 0.087500
0 0.085938 0.767917 0.080625 0.114167
0 0.396875 0.248333 0.073750 0.108333
0 0.701562 0.756250 0.075625 0.100833
0 0.434063 0.482083 0.073125 0.105833
0 0.759062 0.680417 0.074375 0.099167
0 0.857812 0.378750 0.083125 0.115833
0 0.477500 0.352083 0.077500 0.092500
0 0.061875 0.626667 0.080000 0.100000
0 0.574375 0.701250 0.071250 0.110833
0 0.872812 0.239583 0.074375 0.095833
0 0.375000 0.375417 0.070000 0.099167
0 0.173125 0.071250 0.067500 0.095833
0 0.075000 0.304167 0.065000 0.118333
0 0.505938 0.504583 0.074375 0.085833
0 0.229375 0.510417 0.065000 0.099167
0 0.320937 0.381667 0.080625 0.083333
0 0.493750 0.660000 0.087500 0.098333
0 0.692187 0.653333 0.068125 0.095000
0 0.185000 0.397083 0.081250 0.087500
