0 0.885625 0.599583 0.068750 0.094167
0 0.767500 0.140833 0.071250 0.100000
0 0.675625 0.270417 0.075000 0.095833
0 0.051250 0.340417 0.071250 0.094167
0 0.373750 0.196250 0.063750 0.094167
0 0.575313 0.737917 0.071875 0.097500
0 0.165937 0.358750 0.074375 0.080833
0 0.614688 0.615833 0.073125 0.081667
0 0.095312 0.654167 0.079375 0.091667
0 0.620313 0.853750 0.068125 0.092500
0 0.313437 0.254167 0.063125 0.090000
0 0.253437 0.188333 0.069375 0.100000
0 0.390313 0.412083 0.073125 0.097500
0 0.346562 0.332500 0.079375 0.093333
0 0.527813 0.495417 0.061875 0.089167
0 0.430312 0.254167 0.061875 0.088333
0 0.117188 0.285833 0.066875 0.106667
0 0.458437 0.898750 0.075625 0.095833
0 0.265000 0.608333 0.073750 0.106667
0 0.863125 0.323333 0.066250 0.096667
0 0.158750 0.441250 0.071250 0.082500
0 0.544687 0.627917 0.071875 0.090833
0 0.319688 0.444167 0.065625 0.090000
0 0.466875 0.633750 0.065000 0.105833
0 0.254375 0.508750 0.068750 0.097500
0 0.462813 0.365833 0.069375 0.093333
0 0.815000 0.613333 0.061250 0.078333
0 0.527813 0.941250 0.074375 0.099167
0 0.940625 0.672083 0.076250 0.094167
0 0.464062 0.788333 0.079375 0.098333
0 0.665312 0.190833 0.070625 0.085000
0 0.159062 0.862917 0.066875 0.085833
0 0.693438 0.116250 0.073125 0.085833
0 0.853437 0.489583 0.064375 0.084167
0 0.280313 0.059583 0.068125 0.094167
0 0.798438 0.845000 0.063125 0.088333
0 0.779062 0.475833 0.064375 0.100000
0 0.753125 0.294167 0.073750 0.076667
0 0.688125 0.781667 0.076250 0.080000
0 0.530000 0.199583 0.072500 0.099167
0 0.180625 0.091250 0.073750 0.080833
0 0.786563 0.228333 0.070625 0.078333
0 0.932813 0.517083 0.084375 0.119167
0 0.850938 0.900833 0.066875 0.101667
0 0.790625 0.950000 0.071250 0.098333
0 0.235625 0.717083 0.067500 0.097500
0 0.956562 0.271250 0.076875 0.097500
0 0.263437 0.936250 0.083125 0.097500
0 0.325625 0.155000 0.062500 0.095000
0 0.079062 0.533333 0.075625 0.100000
0 0.582812 0.532917 0.045625 0.102500
0 0.727812 0.459583 0.068125 0.094167
0 0.083125 0.807500 0.068750 0.091667
0 0.723125 0.354167 0.095000 0.081667
0 0.245312 0.339167 0.055625 0.095000
0 0.948438 0.122917 0.069375 0.077500
0 0.549375 0.841667 0.067500 0.100000
0 0.594063 0.240000 0.066875 0.076667
0 0.951562 0.820417 0.075625 0.090833
0 0.358125 0.045000 0.066250 0.058333
0 0.742812 0.560833 0.061875 0.111667
0 0.927813 0.351250 0.076875 0.072500
0 0.361563 0.809583 0.081875 0.090833
0 0.190312 0.274167 0.056875 0.096667
0 0.381563 0.942500 0.059375 0.100000
0 0.389375 0.595000 0.070000 0.100000
0 0.232500 0.867500 0.077500 0.086667
0 0.700937 0.601250 0.060625 0.080833
0 0.638125 0.695000 0.068750 0.078333
0 0.145625 0.547917 0.077500 0.105833
0 0.604375 0.305833 0.078750 0.080000
0 0.155000 0.722917 0.072500 0.067500
0 0.093125 0.959583 0.081250 0.079167
0 0.118438 0.172917 0.074375 0.094167
0 0.879687 0.148750 0.069375 0.075833
0 0.640312 0.521250 0.056875 0.097500
0 0.122188 0.040833 0.075625 0.081667
0 0.367812 0.528333 0.068125 0.093333
1 0.678438 0.527500 0.063125 0.080000
0 0.368125 0.087500 0.061250 0.080000
0 0.887500 0.190833 0.060000 0.091667
0 0.155938 0.771250 0.063125 0.084167
0 0.263750 0.792500 0.092500 0.061667
