6 0.121563 0.589583 0.078125 0.104167
0 0.789375 0.340833 0.072500 0.100000
0 0.276562 0.305833 0.074375 0.086667
0 0.783750 0.912917 0.062500 0.097500
0 0.922188 0.542917 0.078125 0.097500
0 0.200937 0.622917 0.081875 0.100833
0 0.621875 0.816250 0.075000 0.104167
0 0.722500 0.452500 0.085000 0.101667
0 0.231875 0.418333 0.081250 0.100000
0 0.102500 0.056250 0.076250 0.104167
0 0.442812 0.114583 0.080625 0.092500
0 0.270313 0.080833 0.080625 0.101667
0 0.465313 0.948750 0.079375 0.099167
0 0.032500 0.782083 0.065000 0.094167
0 0.350938 0.894167 0.071875 0.095000
0 0.499375 0.185833 0.078750 0.100000
0 0.095312 0.770000 0.071875 0.096667
0 0.528438 0.835417 0.068125 0.087500
0 0.778125 0.152083 0.067500 0.100833
1 0.410625 0.664167 0.083750 0.131667
0 0.400313 0.423333 0.083125 0.100000
0 0.260937 0.754167 0.070625 0.106667
0 0.543438 0.502917 0.060625 0.100833
0 0.953438 0.147083 0.064375 0.094167
0 0.058438 0.212917 0.078125 0.095833
0 0.525937 0.558333 0.068125 0.086667
0 0.240313 0.273750 0.066875 0.100833
0 0.266562 0.828333 0.075625 0.088333
0 0.946250 0.052083 0.077500 0.094167
0 0.901250 0.395417 0.085000 0.077500
0 0.475625 0.687500 0.066250 0.108333
0 0.504062 0.362083 0.070625 0.092500
1 0.910625 0.307500 0.085000 0.098333
0 0.261250 0.212500 0.080000 0.103333
0 0.533750 0.389167 0.076250 0.100000
0 0.842500 0.313333 0.056250 0.078333
0 0.169375 0.116667 0.055000 0.116667
0 0.965938 0.342917 0.068125 0.117500
0 0.338750 0.050417 0.072500 0.095833
0 0.936250 0.217500 0.048750 0.113333
0 0.122813 0.658333 0.076875 0.081667
0 0.374688 0.060000 0.058125 0.108333
0 0.945312 0.922083 0.066875 0.100833
