0 0.930312 0.530000 0.081875 0.105000
0 0.579688 0.822083 0.071875 0.097500
0 0.637813 0.597917 0.080625 0.097500
0 0.080625 0.247917 0.076250 0.099167
0 0.088125 0.774167 0.072500 0.113333
0 0.160938 0.295833 0.079375 0.100000
0 0.932500 0.263750 0.076250 0.107500
0 0.525625 0.126667 0.080000 0.101667
0 0.344687 0.327500 0.070625 0.111667
0 0.060937 0.377917 0.081875 0.099167
0 0.158438 0.927917 0.074375 0.090833
0 0.320625 0.799167 0.073750 0.093333
0 0.712187 0.639167 0.074375 0.096667
0 0.840938 0.747083 0.080625 0.100833
0 0.415312 0.063333 0.080625 0.115000
0 0.420312 0.944167 0.075625 0.110000
0 0.131250 0.836250 0.076250 0.099167
0 0.120313 0.392500 0.076875 0.098333
0 0.385625 0.536667 0.075000 0.086667
0 0.153750 0.485833 0.078750 0.106667
0 0.683438 0.698750 0.079375 0.097500
0 0.735313 0.839583 0.070625 0.090833
0 0.464687 0.706250 0.076875 0.100833
0 0.637500 0.463750 0.075000 0.100833
0 0.272500 0.711250 0.076250 0.104167
0 0.428438 0.400000 0.074375 0.120000
0 0.886250 0.935000 0.073750 0.093333
0 0.322500 0.451250 0.081250 0.099167
0 0.242188 0.081250 0.075625 0.105833
0 0.417812 0.602917 0.075625 0.104167
0 0.246875 0.262083 0.081250 0.095833
0 0.383125 0.867083 0.081250 0.095833
0 0.641250 0.784167 0.077500 0.100000
0 0.328437 0.692500 0.069375 0.096667
1 0.533438 0.373750 0.098125 0.127500
0 0.925312 0.745000 0.073125 0.090000
0 0.716562 0.542083 0.069375 0.085833
0 0.201563 0.667917 0.074375 0.110833
0 0.942500 0.061667 0.067500 0.108333
0 0.496563 0.830417 0.074375 0.095833
2 0.253437 0.596250 0.065625 0.109167
0 0.506875 0.909167 0.070000 0.091667
0 0.038125 0.168750 0.075000 0.102500
0 0.368125 0.914583 0.086250 0.104167
