0 0.679688 0.610833 0.056875 0.081667
0 0.378125 0.446250 0.066250 0.082500
0 0.435625 0.649583 0.072500 0.094167
0 0.405000 0.348750 0.058750 0.090833
0 0.634687 0.305000 0.073125 0.088333
0 0.850938 0.589583 0.081875 0.112500
0 0.711562 0.103333 0.073125 0.101667
0 0.153750 0.537500 0.066250 0.086667
0 0.314063 0.519167 0.074375 0.095000
0 0.922188 0.540000 0.074375 0.110000
0 0.275000 0.747500 0.062500 0.086667
0 0.736563 0.367917 0.058125 0.077500
0 0.383750 0.200000 0.065000 0.098333
0 0.107188 0.818750 0.073125 0.100833
0 0.776563 0.447500 0.061875 0.100000
0 0.096562 0.637500 0.053125 0.090000
0 0.572500 0.727500 0.065000 0.088333
0 0.880000 0.490000 0.075000 0.098333
0 0.811875 0.235000 0.083750 0.098333
0 0.682500 0.423750 0.070000 0.102500
0 0.238750 0.530833 0.068750 0.101667
0 0.333437 0.794167 0.064375 0.080000
0 0.818750 0.347083 0.065000 0.080833
0 0.510312 0.413333 0.070625 0.116667
0 0.916875 0.893750 0.062500 0.099167
0 0.067812 0.119583 0.064375 0.084167
0 0.585938 0.592500 0.061875 0.083333
0 0.271562 0.683750 0.068125 0.079167
0 0.522188 0.097083 0.064375 0.095833
0 0.842187 0.908750 0.070625 0.100833
0 0.475938 0.417917 0.074375 0.087500
0 0.892188 0.115417 0.074375 0.097500
0 0.302812 0.226667 0.060625 0.076667
0 0.302812 0.869167 0.059375 0.075000
0 0.793438 0.579167 0.064375 0.085000
0 0.604688 0.909167 0.073125 0.086667
0 0.207500 0.767500 0.052500 0.091667
0 0.828125 0.723333 0.070000 0.080000
0 0.381875 0.701667 0.057500 0.095000
0 0.627812 0.530000 0.059375 0.080000
0 0.080000 0.516250 0.070000 0.100833
0 0.047500 0.430417 0.062500 0.092500
0 0.633437 0.678750 0.061875 0.074167
0 0.625000 0.213333 0.050000 0.095000
0 0.937813 0.697083 0.074375 0.095833
0 0.233125 0.229167 0.071250 0.083333
0 0.160312 0.461250 0.066875 0.102500
0 0.827812 0.795000 0.073125 0.106667
0 0.457500 0.095000 0.060000 0.091667
0 0.735313 0.664167 0.071875 0.100000
0 0.577187 0.347917 0.056875 0.085833
0 0.957812 0.276250 0.064375 0.099167
0 0.885312 0.200000 0.081875 0.098333
0 0.542188 0.660833 0.059375 0.086667
0 0.817187 0.428333 0.068125 0.081667
0 0.267500 0.319167 0.075000 0.081667
0 0.071250 0.728333 0.072500 0.090000
0 0.234063 0.879167 0.056875 0.086667
0 0.249062 0.952083 0.066875 0.077500
0 0.906563 0.753750 0.073125 0.077500
0 0.189688 0.642917 0.061875 0.092500
0 0.555937 0.165417 0.063125 0.084167
0 0.800937 0.675000 0.068125 0.090000
0 0.471875 0.760833 0.061250 0.075000
0 0.486563 0.845833 0.081875 0.083333
0 0.244375 0.424167 0.060000 0.090000
0 0.344687 0.698333 0.063125 0.081667
0 0.912813 0.373750 0.063125 0.090833
0 0.324375 0.078333 0.056250 0.080000
0 0.398438 0.849167 0.059375 0.095000
0 0.381875 0.582917 0.072500 0.087500
0 0.340000 0.305833 0.073750 0.081667
0 0.749687 0.714167 0.079375 0.090000
0 0.884375 0.299583 0.073750 0.085833
0 0.494063 0.575417 0.063125 0.077500
0 0.718750 0.518750 0.063750 0.089167
0 0.741250 0.285417 0.055000 0.090833
0 0.636875 0.393333 0.056250 0.086667
0 0.904062 0.642500 0.076875 0.111667
0 0.468125 0.229583 0.061250 0.094167
0 0.587812 0.814583 0.069375 0.074167
0 0.148125 0.067083 0.085000 0.094167
0 0.497188 0.684583 0.070625 0.100833
0 0.036875 0.829167 0.061250 0.101667
0 0.325625 0.428750 0.071250 0.099167
0 0.440625 0.135000 0.063750 0.105000
0 0.630625 0.082083 0.058750 0.087500
0 0.499688 0.307500 0.056875 0.078333
0 0.172813 0.329583 0.073125 0.089167
0 0.219375 0.127500 0.070000 0.090000
0 0.715313 0.797083 0.058125 0.100833
0 0.117500 0.918750 0.091250 0.115833
0 0.670000 0.872500 0.078750 0.091667
0 0.646563 0.827917 0.083125 0.097500
0 0.447813 0.538750 0.070625 0.079167
0 0.319375 0.143750 0.067500 0.100833
0 0.967500 0.421667 0.057500 0.093333
0 0.090313 0.281250 0.061875 0.085833
0 0.634062 0.768750 0.088125 0.080833
0 0.785937 0.162917 0.089375 0.094167
0 0.104688 0.365000 0.064375 0.090000
0 0.854375 0.867917 0.065000 0.077500
2 0.545000 0.485000 0.107500 0.116667
0 0.925312 0.113750 0.075625 0.100833
0 0.413438 0.940000 0.078125 0.086667
0 0.168750 0.867917 0.062500 0.089167
0 0.206563 0.883750 0.064375 0.075833
0 0.321250 0.924583 0.071250 0.104167
0 0.253125 0.873333 0.068750 0.090000
0 0.966562 0.134167 0.061875 0.078333
0 0.967500 0.051250 0.060000 0.075833
0 0.960313 0.462500 0.054375 0.106667
0 0.900625 0.419167 0.056250 0.088333
0 0.876250 0.394167 0.061250 0.068333
0 0.763750 0.048333 0.072500 0.090000
0 0.752188 0.201667 0.061875 0.083333
0 0.683125 0.222917 0.051250 0.079167
0 0.647188 0.197500 0.076875 0.108333
0 0.627812 0.044583 0.064375 0.085833
0 0.349375 0.086667 0.067500 0.078333
0 0.252812 0.057083 0.063125 0.099167
0 0.252188 0.370417 0.064375 0.085833
0 0.222500 0.484583 0.060000 0.089167
0 0.074063 0.456250 0.065625 0.085833
0 0.182188 0.778750 0.064375 0.084167
0 0.133437 0.788750 0.066875 0.084167
0 0.066562 0.856250 0.078125 0.082500
0 0.080625 0.915000 0.063750 0.081667
0 0.568438 0.298333 0.065625 0.093333
0 0.601250 0.286667 0.060000 0.096667
0 0.390625 0.326250 0.052500 0.085833
0 0.215000 0.245000 0.063750 0.093333
0 0.219375 0.297083 0.061250 0.080833
0 0.143125 0.280000 0.068750 0.098333
0 0.060625 0.061667 0.078750 0.090000
0 0.379063 0.242500 0.086875 0.078333
0 0.317188 0.340000 0.065625 0.078333
0 0.386562 0.546667 0.058125 0.086667
0 0.470625 0.901667 0.067500 0.096667
0 0.731875 0.948333 0.050000 0.091667
0 0.897188 0.855000 0.063125 0.091667
0 0.543438 0.098750 0.066875 0.102500
0 0.397188 0.042083 0.054375 0.069167
0 0.385313 0.074167 0.055625 0.068333
0 0.298438 0.186250 0.063125 0.087500
0 0.483125 0.233333 0.068750 0.085000
0 0.485625 0.270833 0.060000 0.091667
0 0.565000 0.192083 0.052500 0.099167
0 0.650625 0.108333 0.070000 0.103333
0 0.787188 0.127500 0.059375 0.083333
0 0.935937 0.248333 0.054375 0.078333
0 0.888750 0.260833 0.057500 0.083333
0 0.627812 0.466667 0.064375 0.088333
0 0.150000 0.124583 0.068750 0.074167
0 0.082812 0.239167 0.068125 0.078333
0 0.182188 0.157500 0.053125 0.078333
0 0.281875 0.072500 0.070000 0.091667
0 0.162188 0.639167 0.053125 0.078333
0 0.074375 0.591250 0.062500 0.082500
0 0.079687 0.347500 0.054375 0.093333
0 0.366563 0.504167 0.084375 0.081667
0 0.219062 0.577083 0.064375 0.087500
0 0.173437 0.688750 0.064375 0.089167
0 0.807187 0.915000 0.059375 0.070000
0 0.489063 0.933750 0.064375 0.072500
0 0.565000 0.950833 0.065000 0.091667
0 0.632500 0.916250 0.060000 0.079167
0 0.440000 0.876250 0.055000 0.080833
0 0.381563 0.948333 0.068125 0.076667
0 0.280625 0.610833 0.063750 0.078333
0 0.142187 0.698750 0.064375 0.072500
0 0.101875 0.721250 0.070000 0.100833
0 0.161875 0.167500 0.070000 0.091667
0 0.065000 0.186667 0.075000 0.086667
0 0.036875 0.319167 0.068750 0.075000
0 0.118438 0.280000 0.051875 0.065000
0 0.135625 0.387500 0.073750 0.063333
0 0.154688 0.414583 0.075625 0.070833
0 0.842812 0.316667 0.065625 0.080000
0 0.626563 0.467500 0.061875 0.090000
0 0.790625 0.537917 0.070000 0.085833
0 0.742812 0.572500 0.063125 0.085000
0 0.710938 0.729583 0.066875 0.080833
0 0.554375 0.817083 0.060000 0.075833
0 0.445000 0.756667 0.061250 0.080000
0 0.317188 0.812500 0.060625 0.081667
0 0.740938 0.247917 0.064375 0.087500
0 0.761250 0.278750 0.060000 0.074167
0 0.598750 0.442917 0.057500 0.094167
0 0.617500 0.410417 0.070000 0.070833
0 0.699063 0.472083 0.053125 0.102500
0 0.844063 0.475417 0.076875 0.112500
0 0.657188 0.544583 0.068125 0.069167
0 0.705937 0.540833 0.074375 0.083333
0 0.532188 0.584583 0.064375 0.084167
0 0.431563 0.515417 0.071875 0.097500
0 0.395313 0.446667 0.064375 0.081667
0 0.260000 0.634167 0.068750 0.080000
0 0.263437 0.658750 0.066875 0.087500
0 0.338125 0.665833 0.070000 0.093333
0 0.084375 0.620417 0.060000 0.085833
0 0.373750 0.858333 0.070000 0.090000
0 0.398125 0.816250 0.058750 0.089167
0 0.507188 0.746667 0.054375 0.095000
0 0.746563 0.842917 0.064375 0.074167
0 0.792813 0.845833 0.060625 0.083333
0 0.806562 0.917500 0.058125 0.081667
0 0.780937 0.900000 0.066875 0.075000
0 0.659375 0.677083 0.067500 0.082500
0 0.587812 0.637083 0.055625 0.089167
0 0.477812 0.505833 0.058125 0.078333
0 0.460000 0.054583 0.071250 0.085833
0 0.897813 0.799167 0.055625 0.078333
0 0.418438 0.767500 0.068125 0.095000
0 0.518750 0.815000 0.071250 0.083333
0 0.210625 0.402917 0.083750 0.074167
0 0.782188 0.072083 0.064375 0.075833
