0 0.245000 0.502500 0.067500 0.080000
0 0.106563 0.580000 0.068125 0.091667
0 0.038125 0.570000 0.066250 0.080000
0 0.280000 0.171250 0.073750 0.084167
0 0.166875 0.832083 0.060000 0.084167
0 0.543438 0.072083 0.066875 0.082500
0 0.570312 0.623750 0.060625 0.082500
0 0.560625 0.381667 0.058750 0.078333
0 0.310312 0.664583 0.061875 0.070833
0 0.690000 0.927500 0.073750 0.091667
0 0.074688 0.499167 0.065625 0.085000
0 0.458437 0.776667 0.054375 0.083333
0 0.134375 0.742917 0.060000 0.070833
0 0.462500 0.532083 0.067500 0.105833
0 0.947500 0.410417 0.073750 0.094167
0 0.350938 0.358750 0.078125 0.090833
0 0.551562 0.860417 0.069375 0.085833
0 0.550937 0.476250 0.073125 0.104167
0 0.911875 0.867500 0.076250 0.098333
0 0.805000 0.587917 0.070000 0.097500
0 0.665312 0.165833 0.075625 0.086667
0 0.120000 0.267500 0.073750 0.108333
0 0.090938 0.838750 0.080625 0.110833
0 0.597187 0.788750 0.110625 0.072500
0 0.500000 0.857917 0.068750 0.112500
0 0.412187 0.298333 0.068125 0.113333
0 0.519687 0.764167 0.066875 0.101667
0 0.239375 0.800417 0.076250 0.094167
0 0.828750 0.234583 0.077500 0.099167
0 0.851875 0.107083 0.076250 0.115833
3 0.610000 0.208333 0.111250 0.081667
