0 0.920312 0.290833 0.065625 0.108333
0 0.864375 0.142083 0.065000 0.100833
0 0.368437 0.385000 0.084375 0.078333
0 0.946875 0.137500 0.076250 0.093333
0 0.733437 0.660833 0.068125 0.111667
0 0.470938 0.450833 0.050625 0.105000
0 0.371563 0.299583 0.075625 0.094167
0 0.775625 0.457917 0.083750 0.090833
0 0.471875 0.614583 0.082500 0.080833
0 0.706875 0.733333 0.057500 0.111667
0 0.839375 0.390417 0.093750 0.097500
0 0.840625 0.452083 0.061250 0.102500
0 0.819375 0.322917 0.063750 0.102500
0 0.350625 0.678750 0.082500 0.107500
0 0.392188 0.568750 0.070625 0.092500
0 0.797500 0.720417 0.071250 0.097500
0 0.131250 0.929583 0.092500 0.094167
0 0.364687 0.513333 0.080625 0.066667
0 0.365625 0.838750 0.078750 0.090833
0 0.317812 0.916667 0.080625 0.081667
0 0.755625 0.561667 0.081250 0.106667
0 0.342187 0.605000 0.061875 0.080000
0 0.698125 0.600833 0.087500 0.096667
0 0.399062 0.152917 0.094375 0.070833
0 0.788438 0.241667 0.059375 0.106667
0 0.866563 0.329167 0.060625 0.115000
3 0.945625 0.083750 0.046250 0.072500
1 0.750313 0.342083 0.088125 0.117500
1 0.541250 0.168750 0.076250 0.065833
1 0.657813 0.208333 0.044375 0.083333
2 0.660937 0.331250 0.069375 0.072500
6 0.538438 0.433333 0.084375 0.070000
3 0.537500 0.535000 0.057500 0.076667
6 0.498125 0.788333 0.062500 0.100000
2 0.570625 0.924167 0.096250 0.085000
2 0.216875 0.625000 0.093750 0.100000
2 0.251563 0.954583 0.058125 0.090833
1 0.700000 0.452500 0.036250 0.106667
