0 0.072500 0.269167 0.068750 0.090000
0 0.113125 0.822083 0.065000 0.095833
0 0.590625 0.767917 0.071250 0.100833
0 0.443125 0.584583 0.073750 0.095833
0 0.472187 0.474167 0.065625 0.100000
0 0.651250 0.635417 0.071250 0.082500
0 0.471562 0.371250 0.068125 0.095833
0 0.761250 0.238333 0.065000 0.090000
0 0.262188 0.463750 0.060625 0.085833
0 0.204687 0.088750 0.073125 0.099167
0 0.740625 0.687917 0.093750 0.089167
0 0.064375 0.551667 0.070000 0.096667
0 0.915937 0.925000 0.079375 0.088333
0 0.916875 0.385000 0.080000 0.106667
0 0.168750 0.602917 0.076250 0.099167
0 0.667500 0.248750 0.090000 0.095833
0 0.244062 0.553333 0.068125 0.095000
0 0.306875 0.215833 0.083750 0.103333
0 0.878750 0.315417 0.091250 0.107500
0 0.963125 0.878750 0.071250 0.097500
0 0.625938 0.345417 0.090625 0.104167
0 0.315937 0.417083 0.083125 0.109167
0 0.385625 0.951250 0.080000 0.097500
0 0.958125 0.644167 0.077500 0.108333
0 0.829375 0.127083 0.090000 0.112500
2 0.233125 0.793750 0.095000 0.112500
