0 0.763125 0.667917 0.065000 0.102500
0 0.616250 0.497500 0.067500 0.108333
0 0.744375 0.432083 0.072500 0.114167
0 0.676250 0.436250 0.063750 0.085833
0 0.835625 0.442917 0.075000 0.102500
0 0.513125 0.264583 0.063750 0.079167
0 0.337500 0.484583 0.073750 0.099167
0 0.058750 0.608333 0.063750 0.091667
0 0.402187 0.876250 0.065625 0.092500
0 0.947812 0.359167 0.055625 0.083333
0 0.302500 0.571250 0.070000 0.104167
0 0.066250 0.365833 0.061250 0.103333
0 0.800312 0.522083 0.069375 0.094167
0 0.273750 0.430417 0.071250 0.107500
0 0.346562 0.903750 0.070625 0.099167
0 0.410000 0.782500 0.073750 0.100000
0 0.639375 0.601667 0.071250 0.108333
0 0.099062 0.547083 0.080625 0.087500
0 0.490938 0.592083 0.078125 0.104167
0 0.928438 0.870000 0.071875 0.105000
0 0.366875 0.586667 0.065000 0.100000
0 0.091563 0.458333 0.068125 0.085000
0 0.291563 0.224167 0.058125 0.080000
0 0.676875 0.284167 0.062500 0.105000
0 0.618437 0.107500 0.063125 0.098333
0 0.790000 0.346667 0.062500 0.093333
0 0.723437 0.550833 0.075625 0.103333
0 0.772188 0.766250 0.058125 0.087500
0 0.583750 0.280833 0.058750 0.091667
0 0.570625 0.573750 0.073750 0.099167
0 0.428125 0.625833 0.070000 0.095000
0 0.232500 0.062500 0.065000 0.093333
0 0.249688 0.522500 0.061875 0.088333
0 0.241875 0.291667 0.060000 0.108333
0 0.290625 0.704167 0.072500 0.101667
0 0.875000 0.651250 0.067500 0.112500
0 0.696250 0.708333 0.076250 0.095000
0 0.125938 0.628333 0.061875 0.081667
0 0.524687 0.358333 0.080625 0.096667
0 0.181562 0.581667 0.074375 0.108333
0 0.510938 0.456250 0.063125 0.090833
0 0.911250 0.200000 0.065000 0.105000
0 0.458750 0.067917 0.067500 0.094167
0 0.184688 0.326250 0.063125 0.094167
0 0.521875 0.169167 0.072500 0.096667
0 0.825000 0.656250 0.056250 0.092500
0 0.405938 0.416250 0.061875 0.077500
0 0.301875 0.312917 0.062500 0.087500
0 0.075313 0.705417 0.066875 0.090833
0 0.382500 0.068333 0.063750 0.090000
0 0.279375 0.932500 0.073750 0.096667
0 0.878437 0.364167 0.069375 0.088333
0 0.955937 0.655000 0.064375 0.091667
0 0.325313 0.162083 0.070625 0.100833
0 0.444063 0.247500 0.071875 0.088333
0 0.676875 0.128750 0.056250 0.092500
0 0.527188 0.050417 0.073125 0.087500
0 0.832187 0.766667 0.065625 0.106667
0 0.715625 0.327917 0.067500 0.104167
0 0.030937 0.504583 0.061875 0.095833
0 0.170313 0.769583 0.071875 0.100833
0 0.920625 0.518333 0.056250 0.085000
0 0.343750 0.658750 0.075000 0.102500
0 0.406250 0.491667 0.063750 0.081667
0 0.268125 0.114583 0.065000 0.102500
0 0.733125 0.158750 0.065000 0.097500
0 0.681875 0.522500 0.077500 0.111667
0 0.630313 0.305417 0.058125 0.135833
0 0.321250 0.047083 0.063750 0.094167
0 0.971562 0.219583 0.055625 0.097500
