0 0.776875 0.607500 0.076250 0.105000
0 0.749687 0.794167 0.075625 0.095000
0 0.076250 0.826667 0.073750 0.108333
0 0.702187 0.597083 0.071875 0.107500
0 0.682500 0.695417 0.083750 0.099167
0 0.211562 0.541667 0.065625 0.095000
0 0.119063 0.718750 0.071875 0.092500
0 0.826875 0.860417 0.075000 0.100833
0 0.731875 0.517083 0.076250 0.097500
0 0.410313 0.390417 0.073125 0.095833
0 0.425000 0.630417 0.077500 0.102500
0 0.529687 0.528333 0.068125 0.096667
0 0.128438 0.426250 0.073125 0.090833
0 0.316250 0.248333 0.077500 0.105000
0 0.873437 0.386667 0.078125 0.110000
0 0.818125 0.722500 0.076250 0.100000
0 0.517188 0.730833 0.076875 0.100000
0 0.359063 0.922917 0.064375 0.084167
0 0.723437 0.933333 0.076875 0.110000
0 0.961875 0.411667 0.073750 0.098333
0 0.385625 0.528750 0.066250 0.090833
0 0.667500 0.439583 0.085000 0.092500
0 0.441563 0.862917 0.073125 0.102500
0 0.949063 0.900417 0.068125 0.099167
0 0.187188 0.360833 0.073125 0.090000
0 0.965000 0.814583 0.068750 0.095833
3 0.579375 0.675000 0.075000 0.116667
0 0.644687 0.059583 0.081875 0.077500
0 0.111875 0.367083 0.068750 0.104167
0 0.731563 0.222500 0.071875 0.100000
0 0.477187 0.539583 0.078125 0.114167
0 0.658750 0.786250 0.082500 0.092500
0 0.152500 0.124167 0.058750 0.075000
0 0.629687 0.436250 0.070625 0.107500
0 0.111875 0.502500 0.068750 0.101667
0 0.634062 0.590417 0.070625 0.094167
0 0.265000 0.430000 0.071250 0.108333
0 0.311563 0.450417 0.066875 0.087500
0 0.641250 0.658750 0.076250 0.094167
0 0.305937 0.509167 0.076875 0.093333
