0 0.711250 0.303333 0.057500 0.083333
0 0.268437 0.393333 0.060625 0.083333
0 0.751250 0.781250 0.057500 0.087500
0 0.595313 0.276250 0.058125 0.077500
0 0.501875 0.875417 0.056250 0.085833
0 0.923438 0.764583 0.061875 0.084167
0 0.470313 0.315833 0.060625 0.085000
0 0.752812 0.235000 0.064375 0.080000
0 0.585313 0.405000 0.056875 0.083333
0 0.949688 0.921250 0.066875 0.094167
0 0.142813 0.416250 0.065625 0.080833
0 0.383750 0.188750 0.060000 0.084167
0 0.165625 0.347500 0.065000 0.085000
0 0.759687 0.081250 0.070625 0.084167
0 0.517188 0.498750 0.055625 0.085833
0 0.075938 0.566250 0.073125 0.082500
0 0.074688 0.203750 0.063125 0.082500
0 0.329688 0.036250 0.065625 0.070833
0 0.888437 0.927083 0.058125 0.087500
0 0.375000 0.391667 0.060000 0.081667
0 0.055000 0.945417 0.058750 0.080833
0 0.370937 0.796667 0.069375 0.088333
0 0.356563 0.527917 0.064375 0.080833
0 0.222500 0.894167 0.071250 0.096667
0 0.313125 0.863750 0.068750 0.085833
4 0.531563 0.286667 0.070625 0.110000
0 0.667188 0.524167 0.059375 0.080000
0 0.094062 0.898750 0.068125 0.092500
0 0.928125 0.610000 0.072500 0.093333
0 0.434375 0.092500 0.072500 0.090000
0 0.430312 0.762500 0.071875 0.081667
0 0.838437 0.377083 0.050625 0.090833
0 0.904375 0.103333 0.066250 0.088333
0 0.103438 0.741250 0.068125 0.104167
0 0.589063 0.842083 0.059375 0.075833
0 0.054375 0.811667 0.070000 0.091667
0 0.133750 0.748333 0.062500 0.093333
0 0.796875 0.757500 0.056250 0.088333
0 0.116562 0.830833 0.061875 0.080000
0 0.358750 0.944167 0.068750 0.101667
0 0.565000 0.867083 0.058750 0.099167
4 0.447188 0.832083 0.074375 0.092500
0 0.937187 0.064167 0.068125 0.093333
