0 0.438125 0.891250 0.068750 0.087500
0 0.422812 0.272500 0.056875 0.088333
0 0.452500 0.671667 0.065000 0.081667
0 0.244375 0.100417 0.061250 0.079167
0 0.111562 0.380000 0.066875 0.091667
0 0.943438 0.875833 0.063125 0.083333
0 0.138125 0.495833 0.063750 0.075000
0 0.264062 0.540833 0.066875 0.081667
0 0.821875 0.697500 0.062500 0.085000
0 0.040625 0.816250 0.067500 0.087500
0 0.109063 0.217083 0.071875 0.080833
0 0.845938 0.837917 0.060625 0.077500
0 0.756250 0.603333 0.066250 0.106667
0 0.309063 0.341250 0.066875 0.082500
0 0.216562 0.931250 0.075625 0.069167
0 0.922813 0.373750 0.064375 0.092500
0 0.823438 0.928750 0.065625 0.094167
0 0.895625 0.290833 0.063750 0.111667
0 0.245312 0.872500 0.084375 0.083333
0 0.575313 0.289583 0.074375 0.105833
0 0.973750 0.396667 0.052500 0.071667
0 0.283438 0.261667 0.073125 0.096667
0 0.592500 0.159583 0.081250 0.099167
0 0.189688 0.447083 0.073125 0.102500
2 0.214062 0.347917 0.105625 0.115833
3 0.494063 0.278333 0.078125 0.115000
3 0.650312 0.386250 0.085625 0.120833
