0 0.289687 0.683750 0.073125 0.084167
0 0.035625 0.604167 0.070000 0.098333
0 0.703125 0.127500 0.080000 0.091667
0 0.172187 0.845000 0.066875 0.086667
0 0.230313 0.434583 0.070625 0.100833
0 0.857812 0.320000 0.079375 0.118333
0 0.795937 0.877083 0.069375 0.085833
0 0.783438 0.117083 0.059375 0.080833
0 0.235000 0.277083 0.073750 0.102500
0 0.235000 0.572917 0.072500 0.100833
0 0.082187 0.168750 0.074375 0.102500
0 0.851250 0.932083 0.070000 0.094167
0 0.324375 0.571250 0.073750 0.102500
0 0.668750 0.860000 0.085000 0.121667
0 0.487187 0.193333 0.068125 0.098333
0 0.850000 0.824167 0.071250 0.100000
0 0.086875 0.061250 0.073750 0.097500
0 0.561875 0.207917 0.073750 0.105833
0 0.594375 0.297083 0.075000 0.102500
0 0.084687 0.793333 0.079375 0.111667
0 0.687187 0.591250 0.075625 0.107500
0 0.482500 0.718750 0.078750 0.117500
0 0.271562 0.885000 0.081875 0.111667
0 0.954688 0.363750 0.078125 0.107500
0 0.155312 0.627500 0.078125 0.100000
0 0.398125 0.097917 0.081250 0.114167
0 0.376250 0.657500 0.082500 0.113333
0 0.767500 0.382083 0.073750 0.104167
0 0.748437 0.517083 0.063125 0.132500
0 0.065937 0.872083 0.076875 0.105833
0 0.532813 0.419167 0.076875 0.106667
0 0.921250 0.279167 0.070000 0.093333
0 0.349687 0.386667 0.069375 0.096667
0 0.554375 0.689583 0.083750 0.109167
0 0.893437 0.122917 0.071875 0.087500
0 0.168437 0.538333 0.068125 0.116667
0 0.170000 0.317500 0.063750 0.118333
0 0.711250 0.909583 0.076250 0.097500
0 0.685000 0.694167 0.070000 0.110000
0 0.331875 0.147500 0.073750 0.095000
0 0.751563 0.322500 0.073125 0.096667
0 0.720000 0.049583 0.066250 0.099167
0 0.596250 0.414167 0.068750 0.100000
0 0.372500 0.227917 0.075000 0.097500
0 0.419687 0.314583 0.066875 0.115833
3 0.696250 0.352500 0.077500 0.138333
0 0.263750 0.730000 0.080000 0.098333
0 0.629375 0.705000 0.072500 0.101667
0 0.244375 0.213750 0.087500 0.105833
0 0.273125 0.220833 0.078750 0.095000
