0 0.870313 0.774167 0.060625 0.086667
0 0.421563 0.258333 0.065625 0.088333
0 0.042188 0.898750 0.064375 0.089167
0 0.801875 0.125833 0.065000 0.093333
0 0.720625 0.183750 0.060000 0.087500
0 0.661250 0.177083 0.056250 0.144167
0 0.956875 0.903750 0.076250 0.085833
0 0.102813 0.500000 0.073125 0.095000
0 0.360312 0.842917 0.058125 0.097500
0 0.386562 0.402917 0.081875 0.095833
0 0.785625 0.757083 0.072500 0.094167
0 0.069687 0.332917 0.066875 0.095833
0 0.347187 0.252083 0.075625 0.100833
0 0.332813 0.491250 0.071875 0.102500
0 0.732812 0.342500 0.063125 0.093333
0 0.415938 0.499583 0.069375 0.092500
0 0.155938 0.580833 0.060625 0.085000
4 0.681562 0.285833 0.076875 0.108333
0 0.280000 0.541250 0.063750 0.090833
0 0.466562 0.620417 0.056875 0.092500
0 0.930000 0.692083 0.063750 0.092500
0 0.332500 0.160417 0.065000 0.085833
0 0.282500 0.100417 0.063750 0.100833
0 0.411250 0.583333 0.066250 0.093333
0 0.240625 0.196667 0.080000 0.096667
0 0.895312 0.635000 0.084375 0.088333
0 0.238125 0.859583 0.071250 0.100833
0 0.343125 0.610000 0.067500 0.088333
0 0.602812 0.308750 0.064375 0.092500
0 0.087500 0.717083 0.065000 0.095833
0 0.780000 0.230000 0.053750 0.096667
0 0.486563 0.802917 0.068125 0.099167
0 0.855625 0.269583 0.068750 0.107500
0 0.249688 0.674167 0.061875 0.103333
0 0.048750 0.650833 0.068750 0.095000
0 0.906250 0.302917 0.062500 0.095833
0 0.308437 0.903333 0.063125 0.108333
0 0.615625 0.792917 0.068750 0.087500
0 0.965625 0.812083 0.056250 0.100833
0 0.037812 0.261250 0.065625 0.077500
0 0.908750 0.401667 0.073750 0.101667
0 0.274062 0.733750 0.060625 0.122500
