0 0.531875 0.890417 0.067500 0.100833
0 0.298125 0.254583 0.070000 0.074167
0 0.172500 0.523750 0.076250 0.095833
0 0.649375 0.284167 0.083750 0.105000
0 0.652188 0.842500 0.076875 0.105000
0 0.772500 0.500000 0.081250 0.093333
0 0.594063 0.379167 0.066875 0.090000
0 0.764375 0.184583 0.071250 0.097500
0 0.114062 0.469583 0.069375 0.099167
0 0.952500 0.705000 0.071250 0.101667
0 0.074375 0.092083 0.081250 0.095833
0 0.065312 0.637083 0.075625 0.107500
0 0.603125 0.734583 0.067500 0.097500
0 0.079375 0.777083 0.077500 0.094167
0 0.476562 0.838333 0.066875 0.090000
0 0.432188 0.946667 0.074375 0.105000
0 0.963437 0.141667 0.071875 0.100000
0 0.927188 0.900417 0.073125 0.095833
0 0.601250 0.075833 0.070000 0.100000
0 0.576250 0.212917 0.066250 0.100833
0 0.460625 0.560417 0.081250 0.099167
0 0.369688 0.488333 0.071875 0.086667
0 0.839688 0.126250 0.068125 0.095833
0 0.715313 0.141667 0.073125 0.111667
0 0.668750 0.717083 0.070000 0.092500
0 0.136875 0.145417 0.076250 0.094167
0 0.215000 0.121667 0.066250 0.115000
0 0.052812 0.946250 0.081875 0.105833
0 0.331875 0.090417 0.077500 0.104167
0 0.876250 0.473750 0.076250 0.100833
0 0.653750 0.600833 0.070000 0.098333
0 0.359063 0.334583 0.071875 0.094167
0 0.636563 0.469167 0.075625 0.091667
0 0.778125 0.652083 0.080000 0.099167
0 0.775937 0.864167 0.089375 0.101667
0 0.217188 0.747083 0.081875 0.102500
0 0.422812 0.195000 0.074375 0.083333
0 0.170625 0.365833 0.081250 0.108333
0 0.356563 0.212083 0.054375 0.087500
0 0.081250 0.370417 0.090000 0.092500
0 0.252812 0.068333 0.065625 0.098333
0 0.463750 0.278333 0.071250 0.095000
0 0.894375 0.194167 0.062500 0.103333
0 0.109063 0.215000 0.070625 0.078333
0 0.426250 0.267083 0.072500 0.094167
0 0.360312 0.935000 0.068125 0.101667
0 0.507500 0.251250 0.071250 0.085833
0 0.847500 0.794167 0.062500 0.098333
0 0.670625 0.617083 0.066250 0.089167
0 0.795312 0.937083 0.073125 0.077500
0 0.217812 0.429167 0.068125 0.068333
3 0.511563 0.163333 0.075625 0.120000
0 0.183125 0.429167 0.077500 0.093333
0 0.892813 0.770417 0.059375 0.070833
1 0.836562 0.871250 0.078125 0.104167
