0 0.519062 0.464167 0.071875 0.106667
0 0.785000 0.112083 0.080000 0.104167
0 0.151562 0.500000 0.080625 0.103333
0 0.433125 0.422083 0.082500 0.112500
0 0.327813 0.573750 0.074375 0.117500
0 0.445000 0.925833 0.081250 0.093333
1 0.385313 0.286250 0.094375 0.124167
0 0.211250 0.837083 0.082500 0.112500
0 0.513437 0.840417 0.071875 0.097500
0 0.826562 0.787917 0.083125 0.112500
0 0.309063 0.825417 0.079375 0.115833
0 0.218438 0.339167 0.083125 0.103333
0 0.260625 0.727917 0.082500 0.110833
0 0.130625 0.928750 0.091250 0.092500
0 0.673750 0.435833 0.081250 0.120000
0 0.825000 0.424167 0.080000 0.101667
0 0.794375 0.682083 0.086250 0.097500
0 0.523438 0.755417 0.073125 0.104167
0 0.826250 0.897083 0.077500 0.109167
0 0.259062 0.235000 0.103125 0.103333
0 0.622500 0.204167 0.078750 0.095000
0 0.402500 0.625417 0.093750 0.094167
0 0.386562 0.803750 0.076875 0.120833
0 0.666875 0.802917 0.111250 0.089167
0 0.237500 0.618750 0.061250 0.080833
0 0.799063 0.283333 0.091875 0.090000
0 0.730313 0.507917 0.086875 0.105833
0 0.797813 0.362500 0.093125 0.096667
0 0.544687 0.343750 0.063125 0.097500
0 0.197187 0.267500 0.090625 0.093333
0 0.965938 0.127917 0.068125 0.089167
0 0.770000 0.759583 0.086250 0.090833
