0 0.252500 0.523333 0.058750 0.103333
0 0.114687 0.794167 0.079375 0.100000
0 0.040313 0.656667 0.068125 0.078333
0 0.890938 0.656250 0.075625 0.100833
0 0.680312 0.803333 0.055625 0.076667
0 0.335000 0.620417 0.070000 0.092500
0 0.360312 0.771250 0.068125 0.087500
0 0.859062 0.784583 0.069375 0.092500
0 0.758750 0.643333 0.068750 0.100000
0 0.822187 0.687083 0.066875 0.100833
0 0.861875 0.607083 0.066250 0.099167
0 0.899687 0.326667 0.068125 0.088333
0 0.218750 0.352500 0.075000 0.088333
0 0.338438 0.466667 0.068125 0.088333
0 0.779687 0.441667 0.070625 0.095000
0 0.252812 0.931250 0.073125 0.097500
0 0.951875 0.768750 0.073750 0.102500
0 0.373125 0.385833 0.072500 0.095000
0 0.814688 0.243750 0.081875 0.095833
0 0.893750 0.238333 0.066250 0.095000
0 0.109063 0.690833 0.058125 0.078333
0 0.552500 0.738333 0.067500 0.093333
0 0.767813 0.907500 0.073125 0.085000
0 0.897500 0.460000 0.068750 0.083333
0 0.679688 0.665417 0.063125 0.084167
0 0.687500 0.624583 0.071250 0.090833
0 0.593125 0.192917 0.061250 0.095833
0 0.849375 0.940417 0.056250 0.077500
0 0.715938 0.138333 0.060625 0.076667
0 0.792813 0.842083 0.068125 0.085833
0 0.169375 0.212917 0.078750 0.094167
0 0.505000 0.060000 0.061250 0.081667
0 0.570625 0.263750 0.058750 0.077500
0 0.290000 0.315417 0.070000 0.090833
0 0.679688 0.360000 0.069375 0.091667
0 0.566562 0.666250 0.055625 0.082500
0 0.584375 0.410417 0.068750 0.072500
0 0.196875 0.500000 0.057500 0.078333
0 0.075625 0.593333 0.052500 0.071667
0 0.176875 0.665000 0.057500 0.068333
0 0.267188 0.840417 0.063125 0.082500
0 0.395000 0.697917 0.061250 0.072500
0 0.551875 0.792917 0.062500 0.094167
0 0.658438 0.281667 0.083125 0.076667
0 0.948125 0.899583 0.055000 0.079167
0 0.468438 0.439167 0.044375 0.075000
0 0.690937 0.886667 0.078125 0.085000
0 0.105313 0.443333 0.055625 0.073333
0 0.649062 0.497917 0.050625 0.064167
0 0.386875 0.527083 0.057500 0.070833
0 0.392500 0.236250 0.053750 0.070833
0 0.479687 0.157917 0.070625 0.087500
0 0.956250 0.192083 0.056250 0.072500
0 0.175000 0.426250 0.056250 0.075833
0 0.512188 0.242083 0.058125 0.069167
0 0.132188 0.054583 0.063125 0.069167
0 0.533125 0.560417 0.058750 0.070833
0 0.196563 0.271250 0.061875 0.077500
0 0.150000 0.372500 0.055000 0.073333
0 0.206250 0.591250 0.048750 0.069167
0 0.432812 0.343333 0.070625 0.088333
0 0.641563 0.905833 0.055625 0.073333
0 0.932500 0.387500 0.061250 0.076667
0 0.165937 0.899583 0.053125 0.067500
0 0.285000 0.240833 0.057500 0.078333
1 0.300938 0.722500 0.064375 0.128333
0 0.461250 0.961250 0.055000 0.075833
0 0.314063 0.393333 0.049375 0.080000
0 0.077188 0.111667 0.053125 0.088333
0 0.802188 0.131250 0.064375 0.100833
0 0.784375 0.148750 0.068750 0.075833
0 0.210625 0.843750 0.057500 0.072500
0 0.444063 0.123333 0.058125 0.118333
0 0.733437 0.829583 0.055625 0.067500
0 0.751250 0.334583 0.048750 0.062500
0 0.716875 0.449167 0.050000 0.066667
0 0.498437 0.742917 0.048125 0.062500
0 0.060312 0.377917 0.048125 0.079167
2 0.107500 0.329583 0.091250 0.079167
1 0.067812 0.249167 0.068125 0.128333
0 0.109687 0.260000 0.046875 0.075000
0 0.789687 0.037500 0.055625 0.068333
0 0.876250 0.391250 0.048750 0.059167
0 0.589375 0.634583 0.052500 0.057500
0 0.030937 0.918333 0.054375 0.080000
0 0.074063 0.895833 0.043125 0.075000
1 0.359687 0.189167 0.084375 0.110000
0 0.335938 0.274583 0.059375 0.082500
0 0.389375 0.128333 0.052500 0.066667
1 0.579375 0.883750 0.105000 0.125833
0 0.364375 0.695833 0.058750 0.070000
0 0.445312 0.032917 0.060625 0.065833
