0 0.830000 0.905833 0.073750 0.110000
0 0.947812 0.164167 0.081875 0.095000
0 0.308125 0.846667 0.081250 0.083333
0 0.741250 0.187500 0.077500 0.105000
0 0.421250 0.752083 0.080000 0.102500
0 0.550937 0.811250 0.079375 0.109167
0 0.168125 0.216250 0.085000 0.112500
0 0.658125 0.915417 0.080000 0.110833
0 0.873437 0.329583 0.074375 0.122500
0 0.392813 0.873750 0.085625 0.102500
0 0.531250 0.937500 0.092500 0.095000
0 0.668125 0.375833 0.075000 0.125000
0 0.782500 0.058750 0.096250 0.087500
0 0.696875 0.712917 0.077500 0.097500
0 0.207813 0.915000 0.083125 0.111667
3 0.760938 0.809583 0.095625 0.147500
0 0.630938 0.551667 0.080625 0.113333
0 0.490625 0.765000 0.068750 0.110000
0 0.726250 0.268333 0.087500 0.091667
0 0.635312 0.684167 0.083125 0.106667
0 0.359687 0.803750 0.069375 0.087500
0 0.056250 0.683333 0.082500 0.110000
0 0.892500 0.103333 0.092500 0.096667
0 0.307812 0.922917 0.093125 0.069167
0 0.241250 0.185417 0.088750 0.095833
0 0.664687 0.479167 0.096875 0.088333
0 0.723125 0.352500 0.087500 0.101667
0 0.939375 0.826250 0.087500 0.092500
0 0.203125 0.598333 0.071250 0.136667
0 0.263750 0.277500 0.091250 0.101667
0 0.161250 0.582917 0.077500 0.134167
