0 0.728125 0.087083 0.066250 0.084167
0 0.589063 0.470833 0.063125 0.091667
0 0.142187 0.908333 0.070625 0.110000
0 0.653125 0.459167 0.065000 0.080000
0 0.462187 0.552500 0.068125 0.096667
0 0.375937 0.700833 0.075625 0.110000
0 0.775625 0.226667 0.071250 0.088333
0 0.420000 0.466667 0.066250 0.100000
0 0.682500 0.887083 0.073750 0.089167
0 0.569063 0.144583 0.073125 0.090833
0 0.289375 0.352083 0.070000 0.085833
0 0.552813 0.645000 0.061875 0.105000
0 0.080000 0.498750 0.068750 0.080833
0 0.081875 0.244167 0.067500 0.105000
0 0.735000 0.618333 0.061250 0.103333
0 0.850000 0.283333 0.085000 0.086667
0 0.198437 0.140833 0.063125 0.095000
0 0.161875 0.504583 0.065000 0.095833
0 0.106875 0.752083 0.068750 0.079167
0 0.101875 0.622500 0.052500 0.113333
0 0.431250 0.162083 0.070000 0.095833
0 0.569375 0.807500 0.065000 0.090000
0 0.845000 0.397083 0.087500 0.080833
0 0.053750 0.437500 0.075000 0.078333
1 0.263437 0.190000 0.091875 0.093333
0 0.484687 0.465417 0.058125 0.102500
0 0.114062 0.104167 0.064375 0.101667
0 0.954375 0.812083 0.065000 0.077500
0 0.622188 0.324583 0.079375 0.089167
0 0.151250 0.092083 0.065000 0.095833
0 0.814688 0.410417 0.064375 0.092500
0 0.095000 0.927083 0.063750 0.085833
0 0.305000 0.872500 0.067500 0.085000
0 0.540625 0.733333 0.073750 0.090000
0 0.779687 0.776667 0.064375 0.085000
0 0.314688 0.809167 0.073125 0.081667
0 0.130312 0.390417 0.080625 0.064167
1 0.120313 0.330000 0.106875 0.090000
0 0.201250 0.237500 0.071250 0.060000
0 0.854375 0.843750 0.053750 0.075833
0 0.092188 0.631667 0.111875 0.076667
0 0.844688 0.762917 0.065625 0.084167
0 0.860938 0.896250 0.046875 0.064167
