0 0.756250 0.075000 0.068750 0.100000
0 0.363125 0.700833 0.082500 0.100000
0 0.253125 0.892500 0.075000 0.100000
0 0.688750 0.643750 0.070000 0.112500
0 0.938750 0.696250 0.080000 0.097500
0 0.800937 0.137500 0.088125 0.108333
0 0.355312 0.181667 0.088125 0.116667
0 0.683438 0.298333 0.078125 0.096667
0 0.244062 0.172500 0.064375 0.103333
0 0.928125 0.521250 0.077500 0.109167
0 0.598437 0.783750 0.075625 0.097500
0 0.804063 0.450417 0.078125 0.097500
0 0.878125 0.132083 0.072500 0.099167
0 0.393125 0.767083 0.066250 0.110833
0 0.740313 0.827500 0.089375 0.111667
0 0.955937 0.163333 0.073125 0.095000
0 0.598437 0.499583 0.073125 0.104167
0 0.030625 0.678750 0.056250 0.092500
0 0.205625 0.083750 0.072500 0.087500
0 0.141875 0.376250 0.086250 0.112500
0 0.893750 0.417500 0.073750 0.100000
0 0.092500 0.290417 0.072500 0.110833
0 0.509687 0.104167 0.079375 0.108333
0 0.580000 0.396250 0.071250 0.107500
0 0.426250 0.606667 0.083750 0.106667
0 0.199375 0.729167 0.083750 0.105000
0 0.766875 0.347500 0.072500 0.110000
0 0.765625 0.645000 0.086250 0.088333
0 0.409062 0.267500 0.073125 0.105000
0 0.485000 0.858333 0.076250 0.096667
0 0.095937 0.497083 0.081875 0.102500
0 0.956875 0.059167 0.082500 0.110000
0 0.717500 0.445833 0.082500 0.105000
0 0.135000 0.066250 0.072500 0.104167
0 0.611250 0.612917 0.073750 0.104167
0 0.478750 0.183750 0.075000 0.119167
0 0.442812 0.271250 0.075625 0.109167
0 0.133125 0.906667 0.080000 0.096667
0 0.654062 0.955417 0.073125 0.087500
0 0.310937 0.265000 0.073125 0.113333
1 0.294687 0.807500 0.099375 0.141667
0 0.591562 0.063333 0.085625 0.115000
0 0.479375 0.762500 0.076250 0.106667
0 0.152812 0.170000 0.068125 0.093333
0 0.521563 0.334167 0.065625 0.070000
0 0.655312 0.405833 0.075625 0.115000
0 0.578125 0.141667 0.081250 0.113333
0 0.670625 0.097917 0.076250 0.124167
0 0.908750 0.624167 0.061250 0.071667
3 0.510000 0.408750 0.088750 0.132500
0 0.716250 0.491667 0.072500 0.101667
0 0.173750 0.165000 0.067500 0.095000
0 0.665312 0.133750 0.076875 0.089167
0 0.967187 0.330000 0.065625 0.116667
0 0.645625 0.448750 0.068750 0.117500
