0 0.159062 0.911250 0.088125 0.087500
0 0.640938 0.612500 0.074375 0.106667
0 0.867812 0.320417 0.069375 0.114167
0 0.500313 0.561667 0.080625 0.103333
0 0.687500 0.123333 0.070000 0.095000
0 0.465938 0.794583 0.089375 0.090833
0 0.476250 0.677500 0.080000 0.101667
0 0.221875 0.718750 0.086250 0.092500
0 0.657188 0.720417 0.081875 0.102500
0 0.431250 0.507083 0.093750 0.094167
0 0.181875 0.299167 0.086250 0.108333
0 0.586250 0.555417 0.092500 0.104167
0 0.844688 0.620000 0.075625 0.103333
0 0.884375 0.945833 0.076250 0.106667
0 0.477187 0.339167 0.074375 0.103333
0 0.249688 0.388333 0.094375 0.103333
0 0.474687 0.252500 0.078125 0.090000
0 0.460625 0.090000 0.087500 0.095000
0 0.391562 0.198333 0.091875 0.098333
0 0.357500 0.432917 0.085000 0.087500
1 0.788750 0.447083 0.096250 0.107500
0 0.233125 0.637083 0.105000 0.094167
0 0.235625 0.827917 0.112500 0.084167
0 0.311875 0.467917 0.103750 0.089167
0 0.717187 0.355417 0.079375 0.095833
0 0.417187 0.934167 0.089375 0.096667
0 0.241875 0.092083 0.092500 0.087500
0 0.910937 0.173750 0.101875 0.089167
0 0.269062 0.036250 0.085625 0.070833
0 0.528125 0.892917 0.110000 0.099167
0 0.773125 0.358333 0.082500 0.095000
0 0.075313 0.542917 0.116875 0.077500
0 0.460313 0.163750 0.105625 0.079167
