0 0.686250 0.870833 0.065000 0.083333
0 0.595000 0.817500 0.060000 0.081667
0 0.896875 0.733750 0.067500 0.084167
0 0.550937 0.898750 0.066875 0.092500
0 0.110625 0.390833 0.075000 0.086667
0 0.057813 0.564583 0.065625 0.085833
0 0.873437 0.637500 0.071875 0.090000
0 0.463750 0.242917 0.060000 0.082500
0 0.499375 0.383333 0.063750 0.083333
0 0.301563 0.186250 0.070625 0.084167
0 0.039375 0.128750 0.065000 0.090833
0 0.953750 0.797083 0.067500 0.094167
0 0.940312 0.477083 0.060625 0.077500
0 0.443437 0.614583 0.063125 0.085833
0 0.641875 0.766250 0.070000 0.080833
0 0.838125 0.802917 0.062500 0.082500
0 0.381250 0.151250 0.070000 0.085833
0 0.102500 0.081250 0.068750 0.097500
0 0.281875 0.380417 0.068750 0.084167
0 0.745000 0.064167 0.063750 0.080000
0 0.087500 0.201250 0.063750 0.080833
0 0.515625 0.118333 0.061250 0.080000
0 0.824375 0.134167 0.063750 0.078333
0 0.170313 0.274583 0.071875 0.084167
0 0.553438 0.746250 0.063125 0.077500
0 0.526563 0.625000 0.065625 0.090000
0 0.764375 0.877500 0.066250 0.080000
0 0.240000 0.653750 0.067500 0.090833
0 0.377812 0.548333 0.070625 0.085000
0 0.340938 0.263750 0.060625 0.084167
0 0.406250 0.700833 0.062500 0.096667
0 0.949688 0.660833 0.064375 0.091667
0 0.447500 0.129167 0.058750 0.091667
0 0.219688 0.340833 0.076875 0.100000
0 0.523125 0.495833 0.063750 0.088333
0 0.958438 0.561667 0.068125 0.088333
0 0.640312 0.101250 0.071875 0.094167
0 0.362812 0.374167 0.069375 0.078333
0 0.825000 0.249167 0.066250 0.098333
0 0.585313 0.342917 0.064375 0.082500
0 0.963437 0.379167 0.071875 0.095000
0 0.048750 0.330000 0.073750 0.096667
0 0.294375 0.696250 0.061250 0.095833
0 0.405313 0.269167 0.055625 0.103333
0 0.888750 0.351250 0.067500 0.079167
0 0.489375 0.728750 0.077500 0.087500
0 0.637813 0.288750 0.063125 0.094167
0 0.513750 0.826250 0.073750 0.079167
0 0.450313 0.503750 0.068125 0.087500
0 0.316875 0.050000 0.071250 0.088333
0 0.087813 0.469583 0.068125 0.077500
0 0.698750 0.954583 0.062500 0.087500
0 0.205000 0.075417 0.062500 0.090833
0 0.396875 0.048333 0.071250 0.088333
0 0.520625 0.204167 0.077500 0.085000
0 0.614062 0.898333 0.066875 0.086667
0 0.348438 0.679167 0.046875 0.096667
1 0.533750 0.297500 0.057500 0.081667
0 0.319688 0.460417 0.073125 0.070833
0 0.813750 0.036250 0.052500 0.072500
0 0.031250 0.663333 0.062500 0.093333
