0 0.719688 0.480833 0.080625 0.101667
0 0.806562 0.356667 0.070625 0.110000
0 0.682813 0.701667 0.090625 0.111667
0 0.503437 0.682083 0.079375 0.095833
0 0.502812 0.550417 0.071875 0.105833
0 0.538438 0.406667 0.088125 0.088333
0 0.619062 0.367917 0.081875 0.069167
0 0.653125 0.304583 0.081250 0.095833
0 0.937187 0.729167 0.081875 0.083333
0 0.924375 0.870417 0.081250 0.095833
0 0.699063 0.917917 0.084375 0.099167
0 0.856563 0.867500 0.066875 0.091667
0 0.207813 0.544167 0.083125 0.096667
0 0.154062 0.749583 0.075625 0.092500
0 0.166250 0.642083 0.076250 0.090833
0 0.233437 0.663750 0.068125 0.097500
0 0.267188 0.804583 0.069375 0.090833
0 0.330313 0.861250 0.070625 0.095833
0 0.869375 0.137917 0.073750 0.102500
0 0.757812 0.251250 0.076875 0.097500
3 0.464375 0.124167 0.101250 0.115000
0 0.409687 0.365833 0.076875 0.085000
0 0.346562 0.242500 0.089375 0.073333
0 0.352812 0.186667 0.069375 0.073333
0 0.320937 0.096250 0.078125 0.095833
0 0.234063 0.055833 0.078125 0.076667
0 0.404687 0.273333 0.078125 0.085000
0 0.422812 0.182083 0.068125 0.075833
0 0.962500 0.399167 0.075000 0.086667
0 0.338125 0.603333 0.077500 0.100000
0 0.393750 0.774583 0.085000 0.069167
0 0.373750 0.714583 0.065000 0.080833
0 0.299687 0.665833 0.061875 0.106667
0 0.339687 0.693333 0.075625 0.088333
0 0.060625 0.904583 0.075000 0.080833
0 0.861250 0.509583 0.077500 0.094167
0 0.883437 0.501667 0.085625 0.101667
0 0.877188 0.946667 0.070625 0.100000
