0 0.185938 0.468333 0.070625 0.093333
0 0.689688 0.315417 0.069375 0.084167
0 0.657188 0.688750 0.071875 0.100833
0 0.896250 0.148750 0.070000 0.087500
0 0.924687 0.654583 0.065625 0.085833
0 0.474062 0.680000 0.079375 0.103333
0 0.343125 0.432083 0.073750 0.100833
0 0.719375 0.414167 0.078750 0.093333
0 0.820000 0.337917 0.065000 0.092500
0 0.048438 0.135833 0.075625 0.093333
0 0.298438 0.747083 0.069375 0.095833
0 0.659062 0.232083 0.069375 0.094167
0 0.319688 0.879583 0.068125 0.100833
0 0.591562 0.416667 0.071875 0.096667
0 0.200625 0.096250 0.076250 0.097500
0 0.698750 0.789167 0.076250 0.091667
0 0.405625 0.280417 0.066250 0.085833
0 0.742500 0.535000 0.072500 0.110000
0 0.254688 0.603750 0.083125 0.089167
0 0.360625 0.813750 0.073750 0.092500
0 0.217500 0.341667 0.068750 0.101667
0 0.871250 0.454167 0.068750 0.103333
0 0.747812 0.202500 0.080625 0.085000
0 0.426875 0.212083 0.078750 0.082500
0 0.233437 0.280000 0.085625 0.091667
6 0.862812 0.730417 0.080625 0.130833
3 0.786875 0.257500 0.083750 0.098333
