0 0.868125 0.499583 0.061250 0.072500
0 0.849063 0.215000 0.066875 0.080000
0 0.382188 0.884583 0.068125 0.092500
0 0.450000 0.712500 0.066250 0.068333
0 0.202187 0.060417 0.063125 0.085833
0 0.445312 0.525833 0.061875 0.091667
0 0.790625 0.837500 0.062500 0.085000
0 0.623125 0.261667 0.056250 0.080000
0 0.636563 0.177917 0.058125 0.080833
0 0.103438 0.757083 0.064375 0.070833
0 0.052187 0.548333 0.071875 0.068333
0 0.098750 0.690833 0.061250 0.076667
0 0.071250 0.191667 0.070000 0.095000
0 0.441563 0.415833 0.070625 0.095000
0 0.667500 0.367917 0.108750 0.070833
0 0.348438 0.261250 0.068125 0.092500
0 0.918438 0.445417 0.066875 0.107500
0 0.922500 0.790417 0.098750 0.072500
0 0.070625 0.606667 0.077500 0.073333
0 0.145625 0.841667 0.080000 0.091667
3 0.542188 0.081250 0.099375 0.102500
0 0.686562 0.563333 0.070625 0.093333
0 0.293125 0.073333 0.091250 0.116667
0 0.704063 0.659167 0.084375 0.111667
3 0.390625 0.800833 0.107500 0.096667
0 0.036875 0.917500 0.072500 0.096667
