0 0.102188 0.076667 0.066875 0.091667
0 0.442188 0.790417 0.084375 0.100833
0 0.530937 0.835417 0.079375 0.095833
0 0.715625 0.107917 0.078750 0.105833
0 0.693125 0.940000 0.085000 0.106667
0 0.673750 0.616667 0.065000 0.086667
0 0.539375 0.533333 0.076250 0.096667
5 0.108125 0.713333 0.067500 0.095000
0 0.212188 0.099167 0.061875 0.093333
0 0.627188 0.517500 0.080625 0.103333
0 0.696562 0.709167 0.069375 0.101667
0 0.048125 0.160833 0.082500 0.110000
0 0.063125 0.528750 0.073750 0.105833
0 0.759375 0.623333 0.072500 0.093333
0 0.267500 0.877500 0.076250 0.105000
0 0.540625 0.623750 0.076250 0.102500
0 0.159062 0.367500 0.074375 0.106667
0 0.855000 0.094583 0.071250 0.085833
0 0.131250 0.283750 0.071250 0.097500
0 0.761250 0.209583 0.073750 0.084167
0 0.655000 0.336250 0.057500 0.079167
0 0.913125 0.716667 0.070000 0.095000
0 0.278750 0.123750 0.068750 0.087500
0 0.613125 0.622083 0.071250 0.092500
0 0.126250 0.483750 0.077500 0.100833
0 0.572187 0.722500 0.061875 0.080000
0 0.375937 0.686250 0.071875 0.090833
0 0.932813 0.637083 0.074375 0.095833
0 0.657813 0.191250 0.068125 0.090833
0 0.761875 0.747083 0.073750 0.092500
0 0.436875 0.902917 0.076250 0.099167
0 0.811875 0.686667 0.066250 0.081667
0 0.822812 0.807500 0.063125 0.078333
0 0.810937 0.312500 0.066875 0.103333
0 0.647813 0.697500 0.073125 0.101667
0 0.510938 0.714167 0.060625 0.080000
0 0.958750 0.483750 0.068750 0.097500
1 0.597812 0.361667 0.073125 0.111667
0 0.759062 0.578333 0.065625 0.105000
0 0.115312 0.604583 0.074375 0.105833
0 0.138437 0.930833 0.073125 0.098333
0 0.614375 0.468750 0.076250 0.090833
6 0.723750 0.274583 0.075000 0.085833
0 0.381875 0.520833 0.070000 0.106667
1 0.330313 0.887500 0.104375 0.125000
1 0.351562 0.167500 0.085625 0.178333
1 0.941250 0.195833 0.077500 0.096667
1 0.765000 0.383333 0.077500 0.121667
1 0.362187 0.428333 0.090625 0.126667
1 0.632812 0.258750 0.084375 0.092500
0 0.326250 0.737917 0.072500 0.089167
0 0.215312 0.194167 0.080625 0.081667
0 0.174375 0.188750 0.071250 0.092500
0 0.047500 0.632500 0.078750 0.103333
0 0.540312 0.361667 0.064375 0.103333
0 0.838750 0.678333 0.057500 0.080000
0 0.944688 0.790833 0.070625 0.098333
0 0.885625 0.165000 0.060000 0.080000
0 0.855625 0.392917 0.080000 0.097500
0 0.725938 0.342500 0.064375 0.081667
0 0.576875 0.287500 0.065000 0.076667
0 0.517813 0.415417 0.070625 0.089167
0 0.136250 0.222917 0.053750 0.099167
0 0.796875 0.228333 0.075000 0.085000
0 0.856250 0.232917 0.057500 0.087500
0 0.916875 0.265833 0.077500 0.081667
0 0.872812 0.340833 0.071875 0.100000
0 0.095000 0.871667 0.080000 0.085000
0 0.073438 0.789583 0.066875 0.079167
0 0.372500 0.808333 0.060000 0.076667
0 0.491250 0.644583 0.071250 0.084167
