0 0.570000 0.587083 0.065000 0.085833
0 0.553750 0.705833 0.071250 0.086667
0 0.937813 0.332500 0.068125 0.083333
0 0.694375 0.712500 0.071250 0.086667
0 0.723750 0.802500 0.063750 0.073333
0 0.310625 0.787917 0.070000 0.087500
0 0.512500 0.603333 0.060000 0.086667
0 0.723125 0.927917 0.085000 0.099167
0 0.837500 0.120417 0.075000 0.094167
0 0.644062 0.765417 0.065625 0.087500
0 0.705313 0.363333 0.073125 0.091667
0 0.513750 0.934167 0.072500 0.088333
0 0.658750 0.127917 0.072500 0.097500
0 0.054375 0.252083 0.076250 0.090833
0 0.635000 0.565833 0.075000 0.096667
0 0.429375 0.607917 0.076250 0.105833
0 0.659062 0.216250 0.073125 0.094167
0 0.396875 0.386667 0.068750 0.081667
0 0.963125 0.457083 0.072500 0.094167
0 0.949688 0.130417 0.065625 0.082500
0 0.588750 0.163750 0.072500 0.089167
0 0.494688 0.151250 0.064375 0.087500
0 0.385313 0.858333 0.078125 0.106667
0 0.772500 0.321250 0.070000 0.090833
0 0.790000 0.051250 0.068750 0.090833
0 0.182188 0.654583 0.065625 0.090833
1 0.595313 0.246250 0.078125 0.089167
0 0.901250 0.128750 0.060000 0.095833
0 0.856563 0.225833 0.063125 0.095000
0 0.042188 0.650000 0.081875 0.095000
0 0.099375 0.765833 0.073750 0.090000
0 0.449062 0.455833 0.055625 0.081667
0 0.747812 0.247083 0.066875 0.080833
0 0.096562 0.601667 0.074375 0.095000
0 0.232187 0.697917 0.074375 0.107500
0 0.816562 0.210000 0.063125 0.093333
0 0.919063 0.200833 0.088125 0.061667
0 0.743750 0.166250 0.058750 0.072500
0 0.725625 0.494583 0.071250 0.085833
1 0.604375 0.352917 0.102500 0.115833
1 0.563750 0.867917 0.106250 0.099167
0 0.130312 0.700417 0.065625 0.075833
0 0.499375 0.502500 0.076250 0.085000
0 0.549687 0.313750 0.061875 0.077500
0 0.363750 0.638750 0.075000 0.097500
0 0.701250 0.551667 0.058750 0.098333
0 0.732187 0.131250 0.068125 0.084167
0 0.624062 0.043333 0.083125 0.085000
1 0.114687 0.459583 0.088125 0.149167
0 0.740000 0.058750 0.072500 0.094167
0 0.727187 0.213333 0.060625 0.083333
0 0.497812 0.305833 0.060625 0.083333
0 0.500000 0.349167 0.056250 0.086667
0 0.289687 0.402917 0.069375 0.077500
0 0.262500 0.535417 0.063750 0.095833
0 0.251875 0.598750 0.085000 0.087500
0 0.312500 0.642917 0.055000 0.095833
0 0.766250 0.712083 0.065000 0.079167
0 0.792500 0.720417 0.081250 0.095833
