0 0.171250 0.510000 0.082500 0.100000
0 0.614688 0.168333 0.074375 0.091667
0 0.098437 0.255000 0.074375 0.093333
0 0.932813 0.207500 0.075625 0.120000
0 0.533125 0.915417 0.070000 0.102500
0 0.433125 0.692500 0.080000 0.088333
0 0.569375 0.747083 0.080000 0.102500
0 0.276562 0.345000 0.084375 0.110000
0 0.775625 0.829583 0.080000 0.100833
0 0.466875 0.946250 0.073750 0.099167
0 0.524687 0.546250 0.075625 0.105833
0 0.375000 0.584167 0.081250 0.100000
0 0.741250 0.188333 0.076250 0.100000
0 0.855000 0.185833 0.068750 0.103333
0 0.429063 0.815833 0.075625 0.108333
0 0.219062 0.793750 0.076875 0.104167
0 0.772813 0.303750 0.074375 0.102500
0 0.925937 0.565833 0.081875 0.083333
0 0.881250 0.792917 0.073750 0.107500
0 0.832812 0.600417 0.080625 0.095833
0 0.474687 0.607083 0.079375 0.102500
2 0.550937 0.169167 0.060625 0.115000
0 0.754687 0.588750 0.078125 0.104167
0 0.114062 0.147917 0.073125 0.120833
0 0.933125 0.470417 0.080000 0.104167
0 0.799687 0.101250 0.066875 0.094167
0 0.336250 0.104583 0.082500 0.085833
0 0.212812 0.905833 0.076875 0.093333
0 0.594063 0.090417 0.086875 0.090833
0 0.861250 0.050000 0.075000 0.098333
