0 0.343750 0.257500 0.067500 0.090000
0 0.234063 0.110000 0.061875 0.085000
0 0.191875 0.522083 0.066250 0.085833
0 0.341875 0.365833 0.068750 0.086667
0 0.245312 0.313750 0.075625 0.094167
0 0.389375 0.416667 0.057500 0.083333
0 0.404687 0.602500 0.071875 0.091667
0 0.859062 0.302500 0.083125 0.106667
0 0.947187 0.374583 0.081875 0.095833
0 0.247812 0.790000 0.069375 0.086667
0 0.476250 0.216250 0.066250 0.077500
0 0.242812 0.473750 0.070625 0.097500
0 0.240937 0.700000 0.075625 0.095000
0 0.141563 0.220417 0.056875 0.075833
0 0.827187 0.213333 0.079375 0.093333
0 0.058438 0.532083 0.073125 0.097500
0 0.085312 0.263333 0.069375 0.081667
0 0.941562 0.503750 0.068125 0.087500
0 0.114062 0.464583 0.075625 0.090833
0 0.356563 0.070833 0.068125 0.088333
0 0.398438 0.507500 0.071875 0.103333
0 0.886875 0.066250 0.065000 0.087500
0 0.564375 0.320833 0.071250 0.085000
0 0.309063 0.649583 0.066875 0.069167
0 0.421563 0.114583 0.063125 0.077500
0 0.324062 0.477500 0.058125 0.075000
0 0.681875 0.307917 0.066250 0.102500
0 0.338438 0.579583 0.064375 0.074167
0 0.357500 0.147917 0.080000 0.102500
0 0.110000 0.128750 0.068750 0.080833
0 0.107500 0.055833 0.063750 0.085000
0 0.514687 0.769167 0.075625 0.103333
0 0.538125 0.220000 0.055000 0.066667
0 0.111562 0.801250 0.078125 0.112500
0 0.747188 0.671667 0.070625 0.091667
0 0.176250 0.837500 0.058750 0.096667
0 0.510938 0.366250 0.064375 0.087500
0 0.878125 0.609167 0.072500 0.108333
0 0.902500 0.770000 0.067500 0.096667
0 0.253437 0.377083 0.066875 0.087500
0 0.277500 0.546250 0.065000 0.087500
0 0.158125 0.707083 0.062500 0.080833
0 0.612500 0.105000 0.066250 0.110000
0 0.419375 0.692083 0.081250 0.085833
0 0.821250 0.057083 0.073750 0.097500
0 0.327188 0.820000 0.070625 0.088333
0 0.066250 0.052917 0.068750 0.092500
0 0.066250 0.391667 0.070000 0.091667
1 0.202500 0.921667 0.082500 0.116667
0 0.757812 0.257917 0.066875 0.072500
0 0.849688 0.450417 0.068125 0.087500
0 0.915625 0.111667 0.052500 0.101667
0 0.121250 0.655417 0.067500 0.110833
0 0.484063 0.277917 0.045625 0.067500
0 0.456875 0.357083 0.065000 0.094167
0 0.960313 0.825417 0.068125 0.095833
1 0.215312 0.228333 0.093125 0.106667
1 0.552188 0.487500 0.128125 0.101667
0 0.059687 0.323333 0.065625 0.080000
0 0.916562 0.209167 0.089375 0.105000
0 0.861250 0.528750 0.058750 0.094167
0 0.953438 0.724167 0.048125 0.076667
0 0.440312 0.418750 0.046875 0.085833
0 0.460313 0.490000 0.049375 0.075000
0 0.466562 0.566250 0.076875 0.090833
0 0.836875 0.398750 0.058750 0.087500
0 0.804688 0.375417 0.066875 0.084167
0 0.630938 0.248750 0.061875 0.087500
0 0.606563 0.236250 0.065625 0.084167
0 0.572500 0.154167 0.077500 0.095000
0 0.630938 0.162083 0.055625 0.082500
0 0.673750 0.167917 0.066250 0.092500
0 0.685000 0.203333 0.055000 0.085000
0 0.764687 0.057500 0.064375 0.076667
0 0.754687 0.104167 0.075625 0.098333
0 0.217812 0.606667 0.061875 0.080000
0 0.191562 0.641667 0.068125 0.088333
0 0.263437 0.558750 0.071875 0.090833
0 0.055625 0.614167 0.062500 0.083333
0 0.080625 0.730000 0.060000 0.080000
0 0.161875 0.789583 0.070000 0.095833
0 0.373750 0.695417 0.076250 0.092500
0 0.330313 0.726250 0.064375 0.090833
0 0.309688 0.741667 0.063125 0.081667
0 0.034063 0.093750 0.065625 0.087500
