0 0.292187 0.415000 0.076875 0.108333
0 0.772500 0.059583 0.078750 0.102500
0 0.121250 0.171250 0.081250 0.100833
0 0.675000 0.950833 0.080000 0.096667
0 0.743125 0.581250 0.083750 0.090833
0 0.323125 0.505000 0.077500 0.085000
0 0.063437 0.937917 0.078125 0.104167
0 0.295938 0.920000 0.078125 0.096667
0 0.531563 0.946667 0.073125 0.101667
1 0.457813 0.440417 0.104375 0.115833
0 0.766563 0.483333 0.070625 0.096667
0 0.316250 0.836250 0.071250 0.084167
0 0.890000 0.209583 0.078750 0.114167
0 0.828125 0.455417 0.065000 0.105833
0 0.558750 0.765000 0.080000 0.103333
0 0.397500 0.259583 0.080000 0.109167
0 0.155312 0.879583 0.071875 0.119167
0 0.470625 0.169167 0.068750 0.105000
0 0.934688 0.472083 0.076875 0.105833
0 0.806562 0.232917 0.076875 0.114167
0 0.342813 0.620833 0.076875 0.093333
0 0.393750 0.162083 0.082500 0.082500
0 0.315312 0.232917 0.076875 0.109167
0 0.612187 0.857083 0.076875 0.082500
0 0.465938 0.534583 0.096875 0.084167
0 0.758437 0.187500 0.070625 0.123333
0 0.582812 0.615417 0.066875 0.089167
0 0.839688 0.930417 0.093125 0.102500
