0 0.839063 0.092083 0.063125 0.084167
0 0.559688 0.534583 0.069375 0.087500
0 0.465938 0.475000 0.064375 0.096667
0 0.908750 0.776250 0.072500 0.097500
0 0.634062 0.145417 0.070625 0.080833
0 0.837812 0.644167 0.063125 0.093333
0 0.303125 0.722500 0.076250 0.095000
0 0.219375 0.923750 0.068750 0.094167
0 0.720625 0.422500 0.075000 0.091667
0 0.069062 0.634583 0.068125 0.089167
0 0.499063 0.105417 0.068125 0.082500
0 0.051875 0.114583 0.066250 0.092500
0 0.176875 0.322500 0.063750 0.090000
0 0.813750 0.212917 0.071250 0.090833
0 0.930000 0.620417 0.070000 0.105833
0 0.685937 0.064583 0.071875 0.089167
0 0.063750 0.920417 0.071250 0.102500
0 0.427500 0.261250 0.071250 0.090833
0 0.324062 0.151250 0.071875 0.097500
0 0.293438 0.937500 0.084375 0.086667
0 0.552813 0.056250 0.064375 0.094167
0 0.468438 0.316667 0.064375 0.090000
0 0.292500 0.636667 0.068750 0.091667
0 0.679688 0.842500 0.076875 0.086667
0 0.928125 0.525000 0.068750 0.081667
0 0.578438 0.877917 0.088125 0.077500
0 0.841250 0.382500 0.065000 0.090000
0 0.690000 0.779167 0.070000 0.078333
0 0.870938 0.511667 0.066875 0.083333
0 0.507500 0.290000 0.076250 0.096667
0 0.755938 0.252500 0.073125 0.095000
0 0.237813 0.607083 0.068125 0.102500
0 0.709688 0.301250 0.070625 0.097500
0 0.653438 0.730417 0.076875 0.092500
0 0.580937 0.205833 0.073125 0.100000
0 0.677188 0.380417 0.071875 0.077500
0 0.650625 0.280000 0.060000 0.096667
0 0.888437 0.446250 0.090625 0.077500
0 0.738437 0.336250 0.069375 0.075833
0 0.966562 0.271250 0.066875 0.089167
