0 0.805937 0.920417 0.061875 0.079167
0 0.345938 0.122083 0.069375 0.089167
0 0.184688 0.702917 0.064375 0.075833
0 0.069062 0.926667 0.068125 0.093333
0 0.405000 0.104583 0.067500 0.115833
0 0.646875 0.178750 0.066250 0.117500
0 0.217188 0.299583 0.079375 0.087500
0 0.696250 0.477917 0.063750 0.094167
0 0.774375 0.538333 0.077500 0.105000
0 0.290312 0.470833 0.078125 0.080000
0 0.132500 0.905833 0.057500 0.105000
0 0.258437 0.179167 0.078125 0.090000
0 0.267188 0.377917 0.084375 0.090833
0 0.872812 0.361250 0.074375 0.095833
0 0.550312 0.787500 0.074375 0.081667
0 0.225000 0.228750 0.077500 0.087500
0 0.703125 0.802083 0.060000 0.075833
0 0.812187 0.417083 0.061875 0.084167
0 0.620000 0.857083 0.067500 0.097500
0 0.264062 0.076250 0.074375 0.080833
0 0.058438 0.100000 0.060625 0.111667
0 0.118750 0.190000 0.088750 0.073333
0 0.840313 0.839583 0.071875 0.094167
0 0.642188 0.686250 0.064375 0.085833
0 0.397188 0.871667 0.065625 0.070000
0 0.539687 0.086250 0.075625 0.085833
0 0.090313 0.517917 0.065625 0.072500
0 0.205937 0.557083 0.079375 0.085833
0 0.856875 0.455000 0.076250 0.098333
0 0.175625 0.110833 0.068750 0.095000
0 0.377812 0.448750 0.086875 0.085833
0 0.625000 0.765417 0.067500 0.082500
0 0.577500 0.152917 0.075000 0.097500
0 0.050937 0.490000 0.070625 0.085000
0 0.721562 0.198750 0.079375 0.107500
0 0.448437 0.168333 0.079375 0.116667
0 0.184688 0.943333 0.070625 0.086667
0 0.302187 0.274167 0.079375 0.116667
0 0.587500 0.202083 0.061250 0.117500
0 0.121250 0.462917 0.052500 0.112500
0 0.060625 0.437083 0.072500 0.070833
0 0.952500 0.319583 0.077500 0.102500
0 0.531875 0.233750 0.063750 0.117500
0 0.118125 0.566250 0.101250 0.065833
0 0.115000 0.644583 0.072500 0.090833
0 0.668438 0.355417 0.065625 0.105833
0 0.063750 0.037917 0.070000 0.069167
0 0.555625 0.690000 0.060000 0.093333
0 0.429688 0.745833 0.086875 0.085000
0 0.468438 0.696667 0.059375 0.120000
0 0.106250 0.827083 0.090000 0.087500
0 0.399375 0.816667 0.075000 0.095000
0 0.672500 0.642500 0.070000 0.105000
0 0.326250 0.810417 0.050000 0.139167
0 0.168750 0.861667 0.057500 0.086667
0 0.363750 0.047500 0.087500 0.088333
0 0.699063 0.905417 0.066875 0.110833
0 0.437812 0.527917 0.086875 0.077500
0 0.113750 0.116250 0.070000 0.084167
0 0.575313 0.284167 0.078125 0.068333
0 0.240625 0.477917 0.072500 0.110833
0 0.528125 0.637083 0.063750 0.127500
0 0.509062 0.752083 0.086875 0.110833
0 0.498437 0.564583 0.074375 0.104167
0 0.274375 0.803333 0.080000 0.106667
0 0.273125 0.680000 0.091250 0.061667
0 0.260625 0.737500 0.103750 0.068333
0 0.689063 0.584583 0.068125 0.087500
0 0.169375 0.465000 0.066250 0.091667
0 0.257812 0.633333 0.089375 0.075000
0 0.207813 0.840000 0.053125 0.110000
0 0.242188 0.821667 0.070625 0.093333
0 0.186562 0.497917 0.081875 0.085833
0 0.459062 0.256250 0.073125 0.094167
0 0.598437 0.605833 0.094375 0.071667
0 0.578438 0.669167 0.054375 0.120000
