0 0.330937 0.339583 0.083125 0.110833
0 0.281875 0.769583 0.076250 0.092500
0 0.075000 0.726667 0.070000 0.095000
0 0.473438 0.172917 0.076875 0.100833
0 0.416563 0.340000 0.076875 0.106667
0 0.127812 0.488750 0.074375 0.107500
0 0.400313 0.435000 0.065625 0.071667
0 0.194062 0.698750 0.066875 0.085833
0 0.195625 0.781667 0.070000 0.098333
0 0.134687 0.769167 0.066875 0.091667
0 0.331250 0.215000 0.068750 0.090000
0 0.439375 0.816667 0.076250 0.101667
0 0.392500 0.921250 0.056250 0.077500
0 0.123125 0.598333 0.077500 0.100000
0 0.567187 0.869583 0.075625 0.090833
0 0.340000 0.824167 0.071250 0.098333
0 0.032188 0.847083 0.063125 0.075833
0 0.648750 0.117917 0.072500 0.109167
0 0.134375 0.902083 0.067500 0.084167
0 0.247500 0.540417 0.067500 0.105833
0 0.539062 0.140833 0.069375 0.101667
0 0.050937 0.563333 0.055625 0.080000
0 0.403750 0.107500 0.058750 0.076667
1 0.916562 0.423750 0.076875 0.110833
0 0.369063 0.258750 0.076875 0.080833
0 0.334688 0.436667 0.066875 0.088333
0 0.469375 0.270000 0.077500 0.098333
1 0.319688 0.629167 0.090625 0.146667
1 0.599688 0.267083 0.090625 0.075833
1 0.740625 0.372083 0.066250 0.090833
0 0.465938 0.404583 0.063125 0.089167
0 0.404062 0.868333 0.066875 0.078333
0 0.145000 0.841250 0.068750 0.067500
0 0.052812 0.777500 0.068125 0.110000
0 0.255312 0.679167 0.071875 0.078333
0 0.322813 0.523750 0.070625 0.092500
0 0.523438 0.409167 0.063125 0.076667
0 0.520625 0.247500 0.073750 0.081667
0 0.672500 0.888333 0.058750 0.080000
0 0.284687 0.120417 0.066875 0.084167
0 0.622188 0.305833 0.063125 0.086667
