0 0.685312 0.078333 0.060625 0.085000
0 0.084375 0.851250 0.065000 0.084167
0 0.247188 0.889167 0.059375 0.085000
0 0.118750 0.563750 0.067500 0.095833
0 0.637500 0.148750 0.066250 0.089167
0 0.308125 0.842500 0.065000 0.095000
0 0.186875 0.257083 0.066250 0.082500
0 0.485000 0.496667 0.063750 0.095000
0 0.305937 0.949167 0.066875 0.091667
0 0.174687 0.860417 0.069375 0.092500
0 0.661250 0.918333 0.065000 0.090000
0 0.278125 0.055417 0.056250 0.079167
0 0.941250 0.389167 0.076250 0.100000
0 0.475000 0.905000 0.066250 0.076667
0 0.132812 0.667083 0.070625 0.089167
0 0.775312 0.599583 0.059375 0.084167
0 0.693750 0.215417 0.070000 0.089167
0 0.184688 0.377500 0.060625 0.101667
0 0.814688 0.197917 0.061875 0.089167
0 0.277813 0.154583 0.068125 0.089167
0 0.700313 0.607500 0.065625 0.086667
0 0.133437 0.067917 0.064375 0.090833
0 0.273438 0.755417 0.056875 0.087500
0 0.562813 0.815417 0.060625 0.080833
0 0.782188 0.708333 0.071875 0.105000
0 0.612187 0.542917 0.064375 0.080833
0 0.766563 0.935000 0.065625 0.090000
0 0.097812 0.954167 0.063125 0.090000
0 0.540937 0.552917 0.060625 0.084167
0 0.734375 0.759583 0.073750 0.099167
0 0.361875 0.102500 0.065000 0.090000
0 0.362187 0.627917 0.061875 0.089167
0 0.577500 0.917083 0.072500 0.087500
0 0.408750 0.563750 0.067500 0.089167
0 0.885938 0.565417 0.070625 0.069167
0 0.481563 0.388750 0.068125 0.090833
0 0.336875 0.525833 0.065000 0.080000
0 0.581875 0.360833 0.063750 0.091667
0 0.652188 0.468750 0.066875 0.092500
0 0.775937 0.847500 0.064375 0.076667
0 0.626875 0.859583 0.065000 0.080833
0 0.267813 0.244583 0.074375 0.084167
0 0.845000 0.341250 0.080000 0.107500
0 0.043437 0.573750 0.064375 0.082500
0 0.088125 0.309167 0.063750 0.081667
0 0.745313 0.175417 0.065625 0.087500
0 0.623437 0.661250 0.061875 0.085833
0 0.809375 0.455833 0.062500 0.088333
0 0.953750 0.819583 0.065000 0.077500
0 0.563750 0.639583 0.060000 0.082500
0 0.063125 0.662917 0.068750 0.095833
0 0.150312 0.798750 0.053125 0.090833
0 0.045312 0.053750 0.061875 0.079167
0 0.708750 0.310000 0.060000 0.081667
0 0.374688 0.784583 0.075625 0.089167
0 0.643125 0.284167 0.055000 0.090000
0 0.541250 0.430000 0.056250 0.086667
0 0.246562 0.315833 0.064375 0.090000
0 0.292500 0.335000 0.055000 0.088333
0 0.285625 0.629583 0.068750 0.075833
0 0.885312 0.150833 0.081875 0.088333
0 0.113750 0.445000 0.061250 0.093333
0 0.246875 0.597083 0.067500 0.092500
0 0.767813 0.356250 0.061875 0.092500
0 0.407813 0.490833 0.065625 0.081667
0 0.191875 0.120417 0.061250 0.070833
0 0.465313 0.183750 0.068125 0.079167
0 0.871563 0.646250 0.054375 0.065833
0 0.783750 0.412917 0.061250 0.085833
0 0.869062 0.942500 0.059375 0.080000
0 0.889687 0.257083 0.075625 0.104167
0 0.875938 0.471250 0.080625 0.084167
0 0.880938 0.715000 0.083125 0.083333
0 0.473438 0.754583 0.070625 0.100833
0 0.423750 0.657500 0.055000 0.078333
0 0.079687 0.473750 0.068125 0.090833
0 0.087188 0.180000 0.060625 0.086667
0 0.921875 0.126250 0.070000 0.094167
0 0.191562 0.961250 0.073125 0.075833
1 0.821250 0.660417 0.051250 0.085833
0 0.725625 0.484167 0.057500 0.091667
0 0.062187 0.197917 0.058125 0.084167
0 0.165625 0.143333 0.062500 0.080000
0 0.905625 0.932083 0.060000 0.074167
0 0.912188 0.737083 0.075625 0.069167
0 0.622812 0.297917 0.068125 0.074167
0 0.439688 0.760000 0.054375 0.083333
0 0.451250 0.682917 0.057500 0.077500
0 0.314375 0.351667 0.048750 0.078333
0 0.442812 0.206250 0.059375 0.074167
0 0.757812 0.509583 0.053125 0.067500
