0 0.163125 0.243333 0.051250 0.080000
0 0.588125 0.333333 0.061250 0.078333
0 0.190312 0.820000 0.070625 0.090000
0 0.430625 0.340833 0.063750 0.075000
0 0.515938 0.692083 0.066875 0.090833
0 0.453125 0.417500 0.056250 0.095000
0 0.224688 0.496667 0.061875 0.083333
0 0.315625 0.557083 0.072500 0.080833
0 0.395625 0.440417 0.061250 0.089167
0 0.071563 0.459167 0.056875 0.073333
0 0.193125 0.906667 0.055000 0.076667
0 0.719688 0.399583 0.068125 0.092500
0 0.175000 0.107083 0.061250 0.085833
0 0.378437 0.173750 0.061875 0.084167
0 0.689688 0.899583 0.066875 0.087500
0 0.673125 0.248750 0.073750 0.090833
0 0.322500 0.278333 0.056250 0.090000
0 0.866563 0.375000 0.069375 0.076667
0 0.889687 0.796667 0.076875 0.071667
0 0.794687 0.449583 0.063125 0.084167
0 0.823438 0.072917 0.066875 0.092500
0 0.857812 0.461250 0.070625 0.089167
0 0.054062 0.586667 0.065625 0.081667
0 0.303750 0.697917 0.061250 0.084167
0 0.464062 0.548333 0.066875 0.076667
0 0.324062 0.329167 0.054375 0.105000
0 0.379688 0.701667 0.061875 0.073333
0 0.585625 0.695833 0.070000 0.098333
0 0.184062 0.557083 0.076875 0.075833
0 0.265313 0.830000 0.063125 0.076667
0 0.187812 0.662917 0.073125 0.089167
0 0.799687 0.939167 0.073125 0.078333
0 0.086250 0.262917 0.060000 0.072500
0 0.375000 0.876250 0.073750 0.097500
0 0.915000 0.879167 0.046250 0.085000
0 0.220625 0.742917 0.066250 0.087500
0 0.699375 0.672917 0.072500 0.105833
0 0.779375 0.140417 0.061250 0.084167
0 0.459375 0.047917 0.060000 0.092500
0 0.715000 0.537500 0.068750 0.090000
0 0.139063 0.457917 0.064375 0.082500
0 0.264688 0.870000 0.071875 0.088333
0 0.708438 0.177500 0.064375 0.083333
0 0.235313 0.085417 0.048125 0.077500
0 0.314063 0.457083 0.059375 0.069167
0 0.320937 0.110833 0.068125 0.081667
0 0.514375 0.163333 0.058750 0.083333
0 0.432500 0.300417 0.071250 0.084167
0 0.641250 0.629583 0.087500 0.100833
0 0.034375 0.311667 0.062500 0.083333
0 0.967500 0.667500 0.055000 0.073333
0 0.615000 0.848333 0.057500 0.095000
0 0.120938 0.383333 0.054375 0.093333
0 0.270625 0.178333 0.073750 0.088333
0 0.920625 0.646667 0.052500 0.073333
0 0.543750 0.748750 0.062500 0.070833
0 0.563125 0.868333 0.065000 0.100000
0 0.074063 0.625417 0.076875 0.089167
1 0.082500 0.355833 0.057500 0.105000
0 0.392813 0.094583 0.064375 0.082500
0 0.483125 0.812083 0.060000 0.094167
0 0.481563 0.505417 0.066875 0.094167
0 0.451875 0.758333 0.063750 0.086667
0 0.775000 0.392500 0.060000 0.080000
0 0.938125 0.467083 0.078750 0.085833
3 0.255000 0.395417 0.075000 0.109167
0 0.923125 0.721667 0.073750 0.075000
0 0.448125 0.824583 0.070000 0.090833
0 0.512500 0.375833 0.062500 0.090000
0 0.281250 0.454583 0.063750 0.080833
0 0.340625 0.053333 0.067500 0.083333
0 0.855625 0.139167 0.072500 0.068333
0 0.307188 0.149583 0.075625 0.077500
1 0.836875 0.632917 0.098750 0.114167
1 0.668750 0.076667 0.097500 0.096667
1 0.867500 0.914167 0.077500 0.125000
0 0.742188 0.710417 0.064375 0.087500
0 0.755000 0.586667 0.063750 0.076667
0 0.337500 0.719167 0.062500 0.086667
0 0.505938 0.094583 0.054375 0.085833
0 0.759375 0.042500 0.061250 0.080000
0 0.963750 0.527917 0.053750 0.085833
0 0.902188 0.540833 0.069375 0.076667
0 0.864062 0.550000 0.068125 0.076667
0 0.912500 0.584167 0.065000 0.076667
0 0.794687 0.515000 0.060625 0.075000
0 0.760000 0.465833 0.060000 0.076667
0 0.685312 0.632917 0.070625 0.092500
0 0.730000 0.106667 0.061250 0.078333
0 0.538125 0.856667 0.057500 0.080000
