0 0.659687 0.055417 0.051875 0.074167
0 0.071875 0.550000 0.056250 0.081667
0 0.799063 0.812083 0.061875 0.085833
0 0.658438 0.396250 0.064375 0.087500
0 0.889062 0.717917 0.073125 0.105833
0 0.720938 0.711250 0.073125 0.099167
0 0.259688 0.357500 0.076875 0.108333
0 0.555000 0.623333 0.070000 0.081667
0 0.191250 0.049583 0.065000 0.087500
0 0.469687 0.130417 0.066875 0.085833
0 0.663750 0.540833 0.066250 0.096667
0 0.440000 0.237500 0.067500 0.100000
0 0.173750 0.135417 0.076250 0.095833
0 0.823438 0.390000 0.063125 0.081667
0 0.716250 0.266667 0.068750 0.090000
0 0.653750 0.729583 0.076250 0.102500
0 0.426875 0.432917 0.065000 0.080833
0 0.519687 0.058333 0.069375 0.090000
0 0.050313 0.080833 0.060625 0.093333
0 0.443750 0.612500 0.075000 0.093333
0 0.768125 0.183750 0.063750 0.090833
4 0.462500 0.800000 0.068750 0.096667
0 0.524062 0.166667 0.070625 0.100000
0 0.487812 0.369167 0.066875 0.086667
0 0.200313 0.810000 0.073125 0.098333
0 0.963437 0.167083 0.069375 0.095833
0 0.721562 0.151250 0.071875 0.100833
0 0.735625 0.455833 0.061250 0.081667
0 0.324688 0.205417 0.065625 0.082500
0 0.116875 0.677500 0.083750 0.091667
0 0.432500 0.525000 0.056250 0.086667
0 0.602812 0.475000 0.069375 0.091667
0 0.874062 0.357500 0.065625 0.086667
0 0.725313 0.944167 0.070625 0.088333
0 0.428438 0.514583 0.056875 0.080833
0 0.363750 0.409167 0.071250 0.080000
0 0.216875 0.467917 0.076250 0.092500
0 0.147500 0.243750 0.067500 0.094167
0 0.955000 0.668750 0.063750 0.085833
0 0.183438 0.930417 0.068125 0.092500
0 0.497188 0.248333 0.061875 0.086667
0 0.595938 0.568750 0.075625 0.100833
0 0.942813 0.818750 0.065625 0.079167
0 0.719688 0.525417 0.058125 0.072500
1 0.533125 0.752917 0.082500 0.109167
0 0.583125 0.112500 0.048750 0.076667
0 0.375000 0.485417 0.058750 0.080833
0 0.918438 0.426667 0.063125 0.096667
0 0.169687 0.840000 0.055625 0.088333
0 0.771563 0.933333 0.076875 0.096667
0 0.541562 0.956250 0.060625 0.085833
0 0.444375 0.952917 0.070000 0.092500
0 0.125938 0.412500 0.061875 0.071667
0 0.099687 0.469167 0.070625 0.075000
