0 0.691250 0.927083 0.082500 0.100833
1 0.227187 0.710000 0.084375 0.115000
0 0.889062 0.618750 0.071875 0.104167
0 0.948125 0.100000 0.080000 0.105000
0 0.638125 0.806667 0.073750 0.108333
0 0.419063 0.581667 0.079375 0.100000
0 0.639375 0.478750 0.080000 0.114167
0 0.092813 0.258750 0.076875 0.095833
0 0.499688 0.072500 0.080625 0.095000
0 0.289062 0.837083 0.084375 0.104167
0 0.370000 0.790000 0.076250 0.093333
0 0.080000 0.455833 0.082500 0.110000
0 0.810937 0.282917 0.074375 0.090833
0 0.849375 0.421250 0.086250 0.105833
0 0.493437 0.169583 0.083125 0.105833
2 0.289375 0.251250 0.097500 0.129167
0 0.318437 0.587917 0.070625 0.094167
0 0.445937 0.815417 0.071875 0.100833
0 0.275313 0.390417 0.075625 0.105833
0 0.102188 0.731250 0.079375 0.109167
0 0.173125 0.357500 0.080000 0.110000
0 0.596250 0.303333 0.076250 0.090000
0 0.839375 0.706667 0.068750 0.096667
0 0.554375 0.527500 0.091250 0.106667
0 0.764687 0.873333 0.074375 0.106667
0 0.214688 0.942500 0.081875 0.110000
0 0.563438 0.818750 0.081875 0.104167
0 0.113125 0.648333 0.095000 0.108333
0 0.739688 0.264583 0.069375 0.099167
0 0.921562 0.841250 0.074375 0.109167
0 0.831250 0.905000 0.078750 0.103333
0 0.100312 0.362917 0.080625 0.125833
0 0.050000 0.352500 0.066250 0.113333
0 0.373437 0.717083 0.103125 0.087500
