0 0.171250 0.750417 0.060000 0.079167
0 0.698438 0.307500 0.061875 0.078333
4 0.592500 0.531250 0.076250 0.100833
4 0.403125 0.091250 0.072500 0.097500
0 0.655000 0.070000 0.068750 0.083333
0 0.644687 0.177083 0.065625 0.087500
0 0.914375 0.284167 0.073750 0.096667
0 0.790000 0.227083 0.065000 0.077500
0 0.825937 0.280417 0.064375 0.072500
0 0.253437 0.107917 0.054375 0.077500
0 0.253125 0.529583 0.070000 0.092500
0 0.650312 0.350417 0.068125 0.089167
0 0.574688 0.666250 0.064375 0.085833
0 0.485000 0.260417 0.061250 0.082500
0 0.116250 0.830417 0.062500 0.090833
0 0.871250 0.369583 0.072500 0.105833
0 0.460625 0.760417 0.060000 0.094167
0 0.346250 0.751667 0.065000 0.083333
0 0.278750 0.260833 0.063750 0.088333
0 0.202187 0.087083 0.065625 0.085833
0 0.324375 0.392917 0.071250 0.089167
0 0.530937 0.850833 0.070625 0.093333
0 0.880625 0.140417 0.067500 0.087500
0 0.275000 0.688333 0.068750 0.086667
0 0.947187 0.756667 0.074375 0.090000
0 0.483125 0.665417 0.058750 0.085833
0 0.536250 0.438750 0.073750 0.094167
0 0.729062 0.602083 0.070625 0.085833
0 0.097500 0.552500 0.065000 0.095000
0 0.224375 0.949167 0.063750 0.078333
0 0.597812 0.366667 0.068125 0.098333
0 0.760625 0.513750 0.067500 0.074167
0 0.729688 0.422083 0.066875 0.085833
0 0.855313 0.078333 0.065625 0.080000
0 0.385625 0.952083 0.057500 0.084167
0 0.123750 0.656667 0.068750 0.098333
0 0.046875 0.610000 0.063750 0.088333
0 0.180312 0.311667 0.061875 0.091667
0 0.134687 0.265000 0.065625 0.088333
0 0.800937 0.801250 0.064375 0.124167
0 0.063125 0.684167 0.063750 0.076667
0 0.925625 0.944167 0.056250 0.080000
0 0.685312 0.507917 0.075625 0.082500
0 0.893750 0.857917 0.070000 0.095833
4 0.866875 0.742083 0.073750 0.109167
0 0.381563 0.440000 0.069375 0.085000
0 0.313437 0.570417 0.069375 0.094167
0 0.369063 0.642917 0.073125 0.087500
0 0.377500 0.528333 0.071250 0.081667
0 0.679063 0.575000 0.068125 0.086667
0 0.591250 0.241667 0.070000 0.085000
0 0.810312 0.919167 0.073125 0.093333
0 0.932813 0.652500 0.066875 0.081667
0 0.330000 0.091250 0.090000 0.072500
0 0.166563 0.539583 0.066875 0.100833
0 0.107188 0.766667 0.066875 0.081667
0 0.547188 0.286667 0.078125 0.088333
0 0.815312 0.162917 0.053125 0.075833
0 0.515625 0.078750 0.065000 0.105833
0 0.434063 0.400417 0.060625 0.075833
0 0.329375 0.935417 0.055000 0.085833
0 0.610625 0.152083 0.068750 0.094167
0 0.035625 0.045833 0.062500 0.085000
0 0.319688 0.885000 0.054375 0.088333
0 0.956875 0.655000 0.052500 0.106667
0 0.060000 0.164583 0.066250 0.120833
0 0.546875 0.207083 0.061250 0.080833
0 0.745938 0.952083 0.058125 0.084167
0 0.225938 0.336667 0.061875 0.076667
0 0.904375 0.786667 0.071250 0.096667
0 0.048125 0.961667 0.057500 0.076667
0 0.137813 0.559167 0.066875 0.083333
0 0.807813 0.733333 0.058125 0.121667
0 0.356250 0.846250 0.058750 0.097500
0 0.731875 0.765833 0.061250 0.125000
0 0.973750 0.922500 0.050000 0.123333
