0 0.210938 0.934167 0.078125 0.106667
0 0.060937 0.556250 0.084375 0.109167
0 0.625313 0.605833 0.071875 0.095000
0 0.655000 0.910417 0.068750 0.095833
0 0.637500 0.728333 0.073750 0.095000
0 0.849688 0.242083 0.075625 0.110833
0 0.958750 0.852083 0.081250 0.099167
0 0.070000 0.405417 0.080000 0.097500
0 0.928125 0.722500 0.076250 0.105000
0 0.823438 0.806667 0.073125 0.101667
0 0.380000 0.692083 0.071250 0.105833
0 0.260000 0.808333 0.072500 0.086667
0 0.382812 0.455833 0.088125 0.098333
0 0.064687 0.875833 0.081875 0.108333
0 0.108125 0.210000 0.085000 0.108333
0 0.234687 0.493333 0.074375 0.110000
0 0.174063 0.358750 0.085625 0.115833
2 0.509375 0.641250 0.080000 0.120833
0 0.574063 0.814167 0.076875 0.110000
0 0.250312 0.317083 0.076875 0.100833
0 0.235937 0.169583 0.070625 0.100833
0 0.680312 0.363333 0.081875 0.113333
0 0.958750 0.456667 0.081250 0.106667
0 0.336250 0.352917 0.078750 0.102500
0 0.120938 0.697083 0.059375 0.100833
0 0.952812 0.350000 0.073125 0.101667
0 0.544063 0.089583 0.069375 0.107500
0 0.355000 0.187500 0.072500 0.090000
0 0.639375 0.073333 0.090000 0.106667
0 0.315937 0.592917 0.074375 0.082500
0 0.340000 0.511250 0.078750 0.092500
0 0.499063 0.914167 0.071875 0.105000
0 0.434375 0.124167 0.073750 0.101667
0 0.612187 0.326250 0.075625 0.109167
0 0.111250 0.075000 0.090000 0.105000
0 0.295625 0.500833 0.063750 0.106667
0 0.041563 0.707083 0.075625 0.100833
0 0.579375 0.458750 0.080000 0.110833
0 0.744687 0.733750 0.080625 0.097500
0 0.415000 0.517083 0.070000 0.079167
0 0.400625 0.807083 0.077500 0.105833
0 0.304688 0.275417 0.078125 0.125833
0 0.850000 0.947083 0.070000 0.104167
0 0.430312 0.190417 0.076875 0.092500
0 0.903125 0.203333 0.061250 0.120000
0 0.171875 0.511250 0.090000 0.104167
0 0.444375 0.322500 0.091250 0.095000
0 0.470313 0.352083 0.071875 0.094167
0 0.461875 0.925417 0.076250 0.109167
0 0.470313 0.762917 0.064375 0.087500
0 0.230000 0.692083 0.058750 0.089167
0 0.456562 0.230833 0.075625 0.105000
0 0.416875 0.821667 0.067500 0.098333
0 0.793750 0.247917 0.068750 0.107500
0 0.956562 0.186667 0.056875 0.065000
3 0.180938 0.719167 0.081875 0.143333
0 0.505625 0.460000 0.068750 0.101667
0 0.503125 0.754583 0.058750 0.129167
0 0.530000 0.390833 0.047500 0.145000
