0 0.450313 0.389167 0.063125 0.083333
0 0.745313 0.744583 0.069375 0.084167
0 0.796875 0.184583 0.061250 0.087500
0 0.565937 0.587083 0.063125 0.084167
0 0.927188 0.611667 0.068125 0.096667
0 0.127500 0.824167 0.057500 0.080000
0 0.851875 0.217500 0.056250 0.081667
0 0.959688 0.719583 0.066875 0.090833
0 0.719375 0.280000 0.053750 0.081667
0 0.899062 0.850417 0.058125 0.085833
0 0.467813 0.305833 0.048125 0.076667
0 0.513437 0.086250 0.066875 0.097500
0 0.805000 0.804583 0.056250 0.080833
5 0.400625 0.533750 0.071250 0.090833
0 0.510312 0.881667 0.070625 0.073333
0 0.626875 0.115417 0.061250 0.082500
0 0.400313 0.442917 0.070625 0.082500
0 0.241250 0.692500 0.065000 0.085000
0 0.810937 0.298750 0.065625 0.084167
0 0.314063 0.537500 0.064375 0.083333
0 0.437188 0.888750 0.065625 0.084167
0 0.657188 0.462500 0.070625 0.086667
0 0.569375 0.123333 0.066250 0.081667
0 0.244688 0.773750 0.064375 0.085833
0 0.677188 0.065833 0.069375 0.091667
0 0.737500 0.848333 0.060000 0.068333
0 0.688438 0.657917 0.064375 0.089167
0 0.840313 0.540000 0.065625 0.085000
0 0.068125 0.082083 0.072500 0.095833
0 0.845000 0.712083 0.070000 0.094167
0 0.903750 0.259583 0.070000 0.084167
0 0.590313 0.477500 0.056875 0.086667
0 0.412187 0.763750 0.065625 0.090833
0 0.360312 0.948750 0.070625 0.089167
0 0.475313 0.762083 0.054375 0.072500
0 0.665937 0.545833 0.061875 0.080000
0 0.049688 0.894583 0.070625 0.079167
0 0.719375 0.919583 0.061250 0.092500
0 0.511563 0.178333 0.059375 0.085000
0 0.788750 0.945417 0.066250 0.084167
0 0.495625 0.618333 0.076250 0.081667
0 0.381563 0.831250 0.068125 0.087500
0 0.370625 0.414583 0.067500 0.095833
0 0.259375 0.602500 0.070000 0.088333
0 0.554063 0.204167 0.065625 0.091667
0 0.925000 0.406250 0.058750 0.087500
0 0.568125 0.770000 0.061250 0.065000
0 0.591562 0.377083 0.054375 0.075833
0 0.273438 0.404167 0.063125 0.076667
0 0.113125 0.946250 0.070000 0.077500
0 0.098125 0.512083 0.060000 0.080833
0 0.070000 0.277083 0.062500 0.080833
0 0.707500 0.134167 0.058750 0.081667
0 0.904062 0.475417 0.065625 0.079167
0 0.530000 0.688750 0.071250 0.084167
0 0.057500 0.671250 0.063750 0.080833
0 0.310312 0.747917 0.066875 0.094167
0 0.201250 0.673750 0.065000 0.085833
0 0.598437 0.298750 0.068125 0.079167
0 0.125625 0.247917 0.072500 0.105833
0 0.547500 0.458333 0.063750 0.081667
0 0.882500 0.418750 0.065000 0.075833
0 0.952500 0.122083 0.071250 0.094167
0 0.764687 0.422917 0.055625 0.077500
0 0.400938 0.193750 0.071875 0.099167
0 0.187812 0.577500 0.070625 0.088333
0 0.420000 0.192500 0.058750 0.088333
0 0.328125 0.842917 0.071250 0.082500
0 0.817813 0.452917 0.049375 0.100833
0 0.609062 0.715833 0.060625 0.073333
0 0.625000 0.198750 0.083750 0.092500
0 0.742812 0.552917 0.063125 0.084167
0 0.085625 0.714583 0.058750 0.082500
0 0.813750 0.632917 0.055000 0.075833
0 0.724375 0.178333 0.068750 0.100000
0 0.770938 0.593750 0.066875 0.084167
1 0.139063 0.736250 0.089375 0.114167
1 0.484687 0.828333 0.084375 0.076667
0 0.749687 0.124167 0.069375 0.091667
1 0.148125 0.382917 0.086250 0.109167
0 0.225625 0.517083 0.057500 0.075833
0 0.768125 0.509583 0.068750 0.082500
0 0.118750 0.165000 0.058750 0.070000
0 0.704375 0.209583 0.063750 0.075833
0 0.627188 0.619167 0.071875 0.101667
0 0.711875 0.424167 0.057500 0.085000
0 0.264062 0.472500 0.068125 0.093333
0 0.704375 0.498333 0.048750 0.080000
0 0.802188 0.365833 0.059375 0.070000
3 0.161562 0.550417 0.083125 0.089167
1 0.317500 0.668333 0.100000 0.131667
0 0.515938 0.381250 0.071875 0.085833
0 0.605625 0.230833 0.058750 0.073333
0 0.165625 0.485000 0.061250 0.078333
0 0.793125 0.687917 0.056250 0.087500
0 0.618437 0.660417 0.068125 0.077500
0 0.067500 0.153333 0.057500 0.075000
0 0.110312 0.331667 0.070625 0.071667
0 0.125625 0.447500 0.063750 0.081667
0 0.612500 0.307500 0.072500 0.080000
0 0.540000 0.407917 0.072500 0.092500
