0 0.311875 0.626250 0.058750 0.084167
0 0.925937 0.286667 0.058125 0.081667
0 0.425625 0.630000 0.071250 0.088333
0 0.072188 0.582500 0.073125 0.093333
0 0.199063 0.485833 0.074375 0.095000
0 0.500313 0.706667 0.074375 0.101667
0 0.396562 0.447083 0.063125 0.082500
0 0.771563 0.574583 0.060625 0.079167
4 0.795000 0.880417 0.080000 0.099167
0 0.708125 0.561250 0.062500 0.089167
0 0.308125 0.198750 0.060000 0.080833
0 0.475625 0.451667 0.075000 0.095000
0 0.278750 0.116667 0.070000 0.095000
0 0.703750 0.441250 0.070000 0.087500
0 0.095937 0.471250 0.060625 0.079167
0 0.962187 0.726667 0.060625 0.083333
0 0.438437 0.069167 0.065625 0.088333
0 0.492812 0.599583 0.064375 0.085833
0 0.190312 0.191250 0.069375 0.095833
0 0.144375 0.776667 0.070000 0.090000
0 0.408125 0.214167 0.063750 0.083333
0 0.728750 0.823333 0.065000 0.088333
0 0.287187 0.414583 0.078125 0.080833
0 0.115000 0.848750 0.060000 0.084167
0 0.742188 0.331667 0.065625 0.081667
0 0.363125 0.870833 0.061250 0.086667
0 0.926250 0.668333 0.061250 0.095000
0 0.477500 0.833333 0.061250 0.090000
0 0.875938 0.213750 0.061875 0.085833
0 0.524062 0.909583 0.073125 0.087500
0 0.160312 0.926667 0.061875 0.095000
0 0.435937 0.951667 0.069375 0.085000
0 0.424687 0.855000 0.066875 0.091667
0 0.836562 0.831250 0.058125 0.080833
0 0.766563 0.685000 0.061875 0.121667
0 0.644687 0.531667 0.063125 0.090000
0 0.285625 0.312083 0.065000 0.077500
0 0.824688 0.250833 0.059375 0.086667
0 0.597500 0.785000 0.061250 0.086667
0 0.780625 0.274583 0.075000 0.095833
0 0.151250 0.299167 0.067500 0.088333
0 0.398750 0.116667 0.067500 0.071667
0 0.343438 0.073750 0.058125 0.075833
0 0.029063 0.407917 0.058125 0.089167
0 0.596875 0.500417 0.057500 0.084167
0 0.246875 0.227500 0.067500 0.093333
0 0.649062 0.153750 0.080625 0.085833
0 0.704688 0.125000 0.065625 0.083333
1 0.538750 0.207083 0.076250 0.102500
0 0.757812 0.052500 0.064375 0.081667
0 0.715000 0.761667 0.083750 0.085000
0 0.092188 0.147917 0.076875 0.079167
0 0.464062 0.155833 0.054375 0.075000
0 0.363125 0.692083 0.080000 0.115833
0 0.099687 0.238750 0.065625 0.074167
0 0.735938 0.122917 0.058125 0.064167
0 0.109375 0.304167 0.067500 0.083333
0 0.649375 0.763750 0.071250 0.087500
0 0.478125 0.230417 0.050000 0.064167
0 0.284062 0.957917 0.066875 0.084167
0 0.077813 0.203750 0.059375 0.075833
