0 0.161562 0.065833 0.060625 0.080000
0 0.348125 0.191667 0.066250 0.090000
0 0.190938 0.870000 0.056875 0.076667
0 0.595000 0.394167 0.062500 0.078333
0 0.432188 0.853333 0.061875 0.071667
0 0.597812 0.737917 0.068125 0.090833
0 0.585625 0.318333 0.068750 0.085000
0 0.872500 0.530833 0.065000 0.085000
0 0.697500 0.144167 0.073750 0.083333
0 0.710938 0.061667 0.075625 0.081667
0 0.907500 0.860833 0.060000 0.095000
0 0.883437 0.767917 0.059375 0.080833
0 0.313750 0.438750 0.065000 0.080833
0 0.479375 0.101667 0.063750 0.073333
0 0.525937 0.257917 0.066875 0.072500
0 0.934688 0.904583 0.061875 0.104167
0 0.300312 0.658750 0.054375 0.074167
0 0.574375 0.593333 0.071250 0.088333
0 0.527500 0.804583 0.061250 0.085833
0 0.091250 0.362917 0.060000 0.087500
0 0.889062 0.624167 0.063125 0.095000
0 0.580313 0.655417 0.059375 0.077500
0 0.425000 0.339167 0.051250 0.068333
0 0.342187 0.288750 0.063125 0.080833
0 0.466875 0.792917 0.052500 0.074167
0 0.043125 0.390833 0.058750 0.081667
0 0.935312 0.525417 0.051875 0.075833
0 0.584688 0.199583 0.064375 0.079167
0 0.885312 0.116250 0.063125 0.094167
0 0.776250 0.778333 0.047500 0.073333
0 0.573438 0.043333 0.076875 0.075000
0 0.836875 0.154167 0.050000 0.070000
0 0.115312 0.779583 0.054375 0.069167
0 0.456875 0.712500 0.062500 0.085000
0 0.946562 0.452083 0.076875 0.094167
0 0.666875 0.503750 0.056250 0.082500
0 0.033750 0.769167 0.060000 0.086667
0 0.695000 0.227917 0.081250 0.092500
0 0.569063 0.122917 0.061875 0.077500
0 0.941875 0.120000 0.058750 0.110000
0 0.491875 0.581667 0.065000 0.085000
0 0.474062 0.496667 0.059375 0.070000
0 0.349062 0.575417 0.058125 0.070833
0 0.150312 0.456667 0.064375 0.093333
0 0.250312 0.862500 0.061875 0.090000
2 0.056250 0.660833 0.063750 0.110000
0 0.083750 0.908750 0.065000 0.082500
0 0.455000 0.622500 0.047500 0.070000
0 0.169687 0.646667 0.066875 0.096667
0 0.855000 0.057917 0.053750 0.079167
0 0.839063 0.865000 0.056875 0.068333
0 0.275625 0.516667 0.070000 0.095000
0 0.855000 0.762083 0.072500 0.082500
0 0.648438 0.475833 0.055625 0.080000
0 0.214062 0.711667 0.054375 0.093333
0 0.949375 0.585833 0.065000 0.091667
0 0.555312 0.882083 0.061875 0.082500
6 0.212188 0.393333 0.076875 0.101667
0 0.877812 0.399167 0.064375 0.070000
0 0.290938 0.538333 0.058125 0.076667
0 0.172187 0.735417 0.066875 0.094167
0 0.380312 0.405833 0.069375 0.103333
1 0.754687 0.643750 0.089375 0.132500
0 0.105625 0.638333 0.052500 0.068333
0 0.896563 0.348333 0.061875 0.075000
0 0.059062 0.096667 0.053125 0.081667
0 0.812187 0.793333 0.054375 0.101667
0 0.254063 0.406667 0.050625 0.118333
0 0.795937 0.649167 0.056875 0.085000
0 0.093438 0.185000 0.063125 0.085000
1 0.207187 0.183333 0.115625 0.098333
3 0.366250 0.780417 0.097500 0.130833
0 0.186875 0.607500 0.065000 0.118333
0 0.090625 0.708333 0.052500 0.071667
0 0.039062 0.964167 0.048125 0.071667
0 0.100000 0.117500 0.055000 0.073333
0 0.234687 0.118333 0.049375 0.086667
0 0.295625 0.166667 0.046250 0.078333
0 0.801250 0.089583 0.048750 0.060833
0 0.760625 0.265417 0.048750 0.079167
0 0.141250 0.178333 0.053750 0.066667
0 0.030000 0.183750 0.052500 0.077500
0 0.294063 0.362917 0.045625 0.090833
0 0.339375 0.372083 0.055000 0.077500
0 0.153438 0.386250 0.048125 0.065833
0 0.075000 0.450833 0.053750 0.076667
0 0.127188 0.422917 0.065625 0.079167
0 0.963750 0.162500 0.061250 0.091667
