0 0.424063 0.270000 0.071875 0.091667
0 0.583750 0.824583 0.065000 0.100833
0 0.323125 0.494167 0.071250 0.096667
0 0.397188 0.482917 0.061875 0.092500
0 0.597812 0.192083 0.059375 0.095833
0 0.495937 0.708333 0.068125 0.090000
0 0.184375 0.244583 0.072500 0.082500
0 0.373437 0.791250 0.065625 0.087500
0 0.209687 0.790000 0.063125 0.090000
0 0.847812 0.701250 0.069375 0.092500
0 0.789687 0.919167 0.064375 0.086667
0 0.318437 0.900000 0.068125 0.096667
0 0.675937 0.073333 0.071875 0.090000
0 0.751250 0.060833 0.063750 0.105000
0 0.565312 0.672083 0.061875 0.099167
0 0.153125 0.115000 0.063750 0.096667
0 0.716562 0.490833 0.073125 0.088333
0 0.507500 0.288333 0.068750 0.071667
0 0.233125 0.424583 0.067500 0.089167
0 0.105000 0.249583 0.065000 0.089167
0 0.050937 0.300833 0.069375 0.093333
0 0.529062 0.530833 0.064375 0.088333
0 0.305625 0.392917 0.067500 0.092500
0 0.104063 0.907917 0.061875 0.079167
0 0.557187 0.436667 0.065625 0.090000
0 0.425000 0.722500 0.061250 0.083333
0 0.764687 0.423750 0.061875 0.082500
0 0.422187 0.167083 0.071875 0.090833
0 0.200000 0.681250 0.072500 0.092500
0 0.882812 0.128750 0.071875 0.095833
0 0.516875 0.792500 0.063750 0.081667
0 0.623437 0.727917 0.061875 0.095833
0 0.666562 0.236667 0.063125 0.083333
0 0.911563 0.780833 0.074375 0.100000
0 0.337500 0.243750 0.065000 0.077500
0 0.273125 0.708333 0.068750 0.103333
0 0.636563 0.501250 0.055625 0.087500
0 0.571562 0.058333 0.059375 0.093333
0 0.164687 0.881667 0.058125 0.096667
0 0.849063 0.527917 0.069375 0.089167
0 0.951562 0.464583 0.073125 0.095833
0 0.415625 0.618333 0.078750 0.080000
0 0.220938 0.153750 0.056875 0.109167
0 0.260313 0.296250 0.071875 0.090833
0 0.913750 0.565833 0.063750 0.091667
0 0.253125 0.934167 0.058750 0.073333
0 0.625313 0.602500 0.061875 0.090000
0 0.519687 0.129167 0.065625 0.083333
0 0.455625 0.504583 0.068750 0.080833
0 0.387188 0.932500 0.076875 0.090000
0 0.361875 0.587083 0.070000 0.092500
0 0.599688 0.301250 0.073125 0.087500
0 0.780312 0.604167 0.073125 0.090000
0 0.811562 0.793750 0.065625 0.085833
0 0.318437 0.750000 0.069375 0.090000
0 0.284375 0.572500 0.067500 0.081667
0 0.903125 0.250417 0.060000 0.074167
0 0.966562 0.051667 0.055625 0.083333
0 0.265937 0.825417 0.065625 0.085833
0 0.289687 0.149167 0.071875 0.093333
0 0.943750 0.175417 0.061250 0.085833
0 0.863750 0.877917 0.068750 0.099167
0 0.064687 0.443750 0.061875 0.085833
0 0.715000 0.785417 0.058750 0.089167
0 0.075000 0.082500 0.068750 0.085000
0 0.197813 0.357083 0.068125 0.090833
0 0.574688 0.344167 0.069375 0.071667
0 0.965625 0.909583 0.067500 0.089167
0 0.473438 0.862917 0.073125 0.090833
0 0.699688 0.349583 0.056875 0.082500
0 0.801875 0.508333 0.067500 0.076667
0 0.373750 0.070417 0.066250 0.084167
0 0.716875 0.946667 0.072500 0.100000
0 0.665312 0.707917 0.063125 0.092500
0 0.134375 0.557500 0.073750 0.106667
0 0.649375 0.874583 0.066250 0.087500
0 0.748125 0.699583 0.068750 0.064167
0 0.620313 0.902500 0.065625 0.090000
0 0.569063 0.934167 0.070625 0.090000
0 0.243750 0.572500 0.067500 0.091667
0 0.524375 0.225000 0.068750 0.086667
0 0.471250 0.371667 0.071250 0.075000
0 0.055313 0.692083 0.061875 0.080833
0 0.755000 0.288333 0.062500 0.081667
0 0.372188 0.331250 0.064375 0.082500
0 0.482500 0.427500 0.067500 0.088333
0 0.134687 0.410000 0.066875 0.081667
0 0.893125 0.352917 0.076250 0.100833
0 0.500938 0.045417 0.068125 0.087500
0 0.812813 0.090833 0.055625 0.085000
0 0.840313 0.430417 0.080625 0.092500
0 0.428438 0.849167 0.060625 0.080000
0 0.235937 0.872500 0.069375 0.090000
0 0.438437 0.904583 0.074375 0.094167
0 0.887188 0.902917 0.061875 0.074167
0 0.305000 0.043333 0.060000 0.086667
0 0.130000 0.360833 0.060000 0.070000
0 0.025625 0.718333 0.051250 0.095000
0 0.670625 0.330833 0.063750 0.081667
0 0.946875 0.067917 0.060000 0.089167
0 0.623750 0.470417 0.061250 0.090833
0 0.682813 0.792083 0.068125 0.072500
0 0.878437 0.242500 0.063125 0.081667
0 0.769375 0.730417 0.052500 0.077500
