0 0.272813 0.193750 0.066875 0.087500
0 0.107813 0.148750 0.065625 0.099167
0 0.200937 0.266250 0.071875 0.094167
0 0.665937 0.364167 0.071875 0.103333
0 0.792188 0.707917 0.069375 0.099167
0 0.475000 0.332500 0.066250 0.091667
0 0.643437 0.662500 0.066875 0.086667
0 0.462500 0.934583 0.057500 0.079167
0 0.816250 0.216667 0.073750 0.103333
0 0.744062 0.614167 0.080625 0.096667
0 0.527813 0.050833 0.075625 0.091667
0 0.557500 0.192500 0.066250 0.083333
0 0.349375 0.187083 0.071250 0.104167
0 0.414062 0.284167 0.063125 0.098333
0 0.059375 0.397083 0.067500 0.087500
0 0.756875 0.857083 0.076250 0.092500
0 0.065625 0.235000 0.065000 0.098333
0 0.887813 0.526667 0.075625 0.075000
0 0.265937 0.335000 0.059375 0.086667
0 0.490625 0.136250 0.072500 0.110833
0 0.225938 0.932917 0.056875 0.089167
0 0.089688 0.694167 0.075625 0.080000
0 0.765625 0.451250 0.087500 0.100833
0 0.508437 0.637083 0.060625 0.084167
0 0.659687 0.178333 0.071875 0.105000
0 0.054375 0.458750 0.066250 0.110833
0 0.554063 0.267500 0.076875 0.090000
0 0.304375 0.120417 0.060000 0.099167
0 0.419063 0.828333 0.051875 0.095000
0 0.341562 0.297500 0.073125 0.111667
0 0.102813 0.508333 0.063125 0.110000
0 0.627812 0.540417 0.059375 0.105833
0 0.676250 0.084583 0.067500 0.095833
0 0.844688 0.476250 0.076875 0.084167
0 0.203437 0.605417 0.061875 0.089167
0 0.670000 0.750833 0.068750 0.090000
0 0.376875 0.098750 0.065000 0.077500
0 0.375625 0.375833 0.061250 0.080000
0 0.047500 0.101250 0.063750 0.084167
0 0.214688 0.768750 0.065625 0.099167
0 0.861250 0.770417 0.071250 0.085833
0 0.181250 0.141250 0.068750 0.087500
0 0.798438 0.931250 0.071875 0.067500
0 0.918438 0.457083 0.074375 0.080833
0 0.421875 0.147083 0.068750 0.092500
0 0.698750 0.854167 0.066250 0.088333
0 0.142187 0.761250 0.066875 0.070833
0 0.076563 0.325833 0.066875 0.076667
0 0.313750 0.667917 0.063750 0.102500
0 0.438125 0.749583 0.070000 0.089167
0 0.881563 0.381250 0.074375 0.102500
0 0.935937 0.928750 0.060625 0.094167
0 0.071563 0.946250 0.065625 0.085833
0 0.218750 0.840833 0.070000 0.118333
0 0.582187 0.503750 0.088125 0.087500
0 0.045625 0.641250 0.071250 0.099167
0 0.155000 0.940417 0.061250 0.074167
0 0.332500 0.795833 0.052500 0.095000
0 0.433750 0.619167 0.063750 0.095000
0 0.613437 0.125417 0.069375 0.099167
0 0.142187 0.332500 0.061875 0.078333
0 0.240000 0.534583 0.060000 0.089167
0 0.889062 0.685833 0.070625 0.100000
0 0.082812 0.620833 0.065625 0.085000
0 0.556875 0.883333 0.061250 0.083333
0 0.511250 0.402083 0.072500 0.087500
0 0.325937 0.401250 0.065625 0.089167
0 0.302187 0.574167 0.073125 0.075000
0 0.578750 0.797500 0.060000 0.081667
0 0.103125 0.052083 0.075000 0.080833
0 0.249375 0.679167 0.050000 0.078333
0 0.759687 0.350833 0.066875 0.101667
0 0.594375 0.605417 0.057500 0.089167
0 0.582187 0.373750 0.061875 0.094167
0 0.916562 0.268333 0.058125 0.091667
0 0.638437 0.428333 0.070625 0.095000
0 0.733437 0.950417 0.065625 0.097500
0 0.958438 0.198333 0.049375 0.085000
0 0.743750 0.773333 0.070000 0.088333
0 0.476562 0.250417 0.053125 0.085833
0 0.368437 0.855833 0.055625 0.085000
0 0.896563 0.162500 0.073125 0.095000
0 0.125312 0.432500 0.061875 0.091667
0 0.787813 0.780000 0.068125 0.093333
0 0.502812 0.716250 0.088125 0.090833
0 0.228437 0.103750 0.075625 0.135833
0 0.851562 0.152500 0.065625 0.126667
0 0.393125 0.705833 0.065000 0.065000
0 0.375000 0.667917 0.058750 0.089167
0 0.487500 0.800417 0.075000 0.087500
0 0.160000 0.845000 0.066250 0.081667
0 0.826250 0.516250 0.081250 0.079167
0 0.511875 0.541667 0.057500 0.105000
0 0.692813 0.517917 0.065625 0.129167
0 0.275625 0.807083 0.055000 0.084167
0 0.640625 0.852500 0.076250 0.081667
0 0.512500 0.838333 0.062500 0.113333
0 0.954375 0.577917 0.062500 0.070833
0 0.797813 0.316667 0.090625 0.090000
0 0.302812 0.833333 0.059375 0.085000
0 0.874687 0.277917 0.081875 0.094167
0 0.653125 0.932917 0.075000 0.102500
0 0.394375 0.459167 0.062500 0.083333
0 0.886250 0.949583 0.061250 0.079167
1 0.188125 0.395417 0.070000 0.104167
0 0.184688 0.626667 0.064375 0.095000
0 0.368437 0.952500 0.076875 0.088333
0 0.474375 0.900000 0.057500 0.078333
0 0.270625 0.283750 0.052500 0.080833
0 0.309688 0.302500 0.074375 0.091667
0 0.375000 0.252083 0.081250 0.074167
0 0.317812 0.082500 0.070625 0.093333
0 0.213438 0.127917 0.055625 0.084167
0 0.312500 0.432083 0.080000 0.099167
0 0.433437 0.232500 0.061875 0.061667
0 0.604375 0.077917 0.048750 0.087500
0 0.452188 0.045833 0.058125 0.091667
0 0.599375 0.040833 0.058750 0.078333
0 0.454062 0.180000 0.063125 0.093333
0 0.541875 0.173333 0.061250 0.068333
0 0.661563 0.247500 0.054375 0.098333
0 0.535000 0.290417 0.061250 0.070833
0 0.594063 0.265833 0.074375 0.081667
0 0.623125 0.280833 0.060000 0.101667
0 0.707812 0.279167 0.070625 0.093333
0 0.520938 0.436667 0.053125 0.080000
0 0.531250 0.483750 0.051250 0.084167
0 0.419687 0.438333 0.065625 0.080000
0 0.414375 0.487500 0.066250 0.080000
0 0.442188 0.510417 0.073125 0.084167
0 0.491875 0.568750 0.061250 0.085833
0 0.606250 0.410833 0.070000 0.078333
0 0.675625 0.571250 0.060000 0.084167
0 0.568750 0.665417 0.057500 0.097500
0 0.649375 0.788333 0.061250 0.080000
0 0.603750 0.747500 0.058750 0.116667
0 0.820000 0.902917 0.065000 0.095833
0 0.947812 0.745833 0.061875 0.070000
0 0.927500 0.650417 0.060000 0.100833
0 0.875000 0.627500 0.070000 0.105000
0 0.947812 0.862917 0.084375 0.075833
0 0.915000 0.896250 0.067500 0.085833
0 0.864062 0.822917 0.063125 0.072500
0 0.834063 0.817917 0.063125 0.085833
0 0.796562 0.421250 0.061875 0.087500
0 0.798125 0.550833 0.058750 0.080000
0 0.953750 0.109583 0.050000 0.092500
0 0.922813 0.129583 0.063125 0.095833
0 0.784687 0.160833 0.064375 0.081667
0 0.336562 0.511250 0.086875 0.070833
0 0.327813 0.560000 0.069375 0.073333
0 0.332813 0.651667 0.071875 0.065000
0 0.174375 0.893333 0.053750 0.095000
0 0.245000 0.948750 0.058750 0.090833
0 0.321562 0.857083 0.068125 0.095833
0 0.343438 0.749583 0.078125 0.082500
0 0.386250 0.800000 0.072500 0.080000
0 0.455000 0.620000 0.056250 0.086667
0 0.376563 0.622500 0.053125 0.095000
0 0.179688 0.167917 0.054375 0.072500
0 0.755938 0.154167 0.065625 0.080000
0 0.778125 0.119167 0.070000 0.078333
0 0.804375 0.094167 0.082500 0.070000
0 0.877812 0.055000 0.070625 0.095000
0 0.938438 0.249583 0.063125 0.090833
0 0.682813 0.474583 0.056875 0.084167
0 0.607187 0.373333 0.054375 0.071667
0 0.552188 0.621250 0.049375 0.110833
0 0.567187 0.540833 0.051875 0.098333
0 0.729688 0.663750 0.054375 0.085833
0 0.685000 0.633333 0.045000 0.116667
0 0.571250 0.837500 0.071250 0.093333
0 0.540625 0.737083 0.070000 0.087500
0 0.406562 0.863750 0.061875 0.094167
0 0.729688 0.230417 0.074375 0.095833
0 0.853125 0.306667 0.060000 0.080000
0 0.835938 0.352500 0.063125 0.088333
0 0.235000 0.116250 0.052500 0.090833
0 0.472813 0.217500 0.074375 0.095000
0 0.065625 0.295417 0.046250 0.095833
0 0.152500 0.429583 0.060000 0.089167
0 0.175937 0.463750 0.045625 0.094167
0 0.181250 0.510417 0.057500 0.102500
0 0.257500 0.488750 0.060000 0.085833
0 0.294063 0.475000 0.056875 0.078333
0 0.251563 0.640833 0.056875 0.070000
0 0.817813 0.620000 0.053125 0.101667
0 0.857187 0.639167 0.085625 0.075000
0 0.955625 0.669583 0.048750 0.082500
0 0.118438 0.337500 0.048125 0.118333
0 0.151562 0.722083 0.056875 0.069167
0 0.167187 0.779167 0.068125 0.088333
0 0.108125 0.782917 0.058750 0.079167
0 0.093438 0.829167 0.053125 0.081667
0 0.034375 0.819583 0.057500 0.085833
0 0.040938 0.957083 0.064375 0.074167
0 0.133125 0.861667 0.068750 0.070000
0 0.035000 0.870417 0.052500 0.090833
0 0.120000 0.609583 0.053750 0.057500
0 0.119688 0.529583 0.065625 0.080833
0 0.043437 0.548333 0.055625 0.076667
0 0.733437 0.170000 0.053125 0.093333
0 0.742812 0.283750 0.063125 0.114167
0 0.724375 0.757083 0.062500 0.094167
0 0.146250 0.040833 0.072500 0.078333
0 0.737187 0.042917 0.063125 0.085833
0 0.906563 0.090417 0.075625 0.085833
0 0.950000 0.531667 0.075000 0.083333
0 0.674375 0.847500 0.080000 0.095000
0 0.576250 0.642917 0.070000 0.085833
0 0.206563 0.483750 0.038125 0.087500
0 0.692187 0.178750 0.061875 0.057500
0 0.409062 0.308333 0.046875 0.080000
0 0.938125 0.431250 0.058750 0.085833
0 0.061562 0.760000 0.043125 0.068333
0 0.090000 0.925000 0.051250 0.093333
