0 0.442812 0.870417 0.060625 0.077500
0 0.472813 0.162917 0.063125 0.080833
0 0.506875 0.671250 0.070000 0.094167
4 0.341562 0.247917 0.075625 0.109167
0 0.706562 0.163750 0.071875 0.085833
0 0.573438 0.267083 0.065625 0.084167
0 0.049688 0.896667 0.061875 0.086667
0 0.190312 0.347083 0.056875 0.084167
0 0.841875 0.270000 0.070000 0.090000
0 0.375000 0.945000 0.068750 0.083333
0 0.363125 0.091250 0.076250 0.105833
0 0.048438 0.184583 0.073125 0.089167
0 0.194375 0.740417 0.061250 0.077500
0 0.718437 0.839583 0.070625 0.095833
0 0.938750 0.097917 0.057500 0.075833
0 0.707812 0.580000 0.058125 0.078333
0 0.819688 0.465833 0.070625 0.095000
0 0.566250 0.564167 0.066250 0.081667
0 0.326875 0.619583 0.065000 0.084167
0 0.551875 0.491667 0.058750 0.095000
0 0.650937 0.106667 0.073125 0.081667
0 0.923438 0.609583 0.061875 0.069167
0 0.923750 0.693750 0.062500 0.075833
1 0.261875 0.697083 0.085000 0.105833
0 0.483125 0.326667 0.070000 0.081667
0 0.604375 0.818333 0.058750 0.078333
0 0.655000 0.542917 0.066250 0.087500
0 0.657188 0.442083 0.065625 0.080833
0 0.457500 0.584167 0.052500 0.081667
0 0.957500 0.380417 0.073750 0.080833
0 0.946875 0.275000 0.067500 0.101667
0 0.682500 0.947917 0.060000 0.097500
0 0.690000 0.343750 0.071250 0.102500
0 0.808125 0.378750 0.058750 0.062500
0 0.288438 0.559583 0.071875 0.094167
0 0.655625 0.331667 0.062500 0.088333
0 0.534687 0.137083 0.061875 0.090833
1 0.601875 0.157917 0.067500 0.090833
3 0.645625 0.730417 0.086250 0.120833
5 0.894062 0.937500 0.080625 0.103333
0 0.173750 0.414583 0.065000 0.075833
0 0.935312 0.538333 0.064375 0.076667
0 0.855000 0.536667 0.060000 0.071667
0 0.859375 0.391250 0.062500 0.067500
0 0.961875 0.883333 0.056250 0.071667
0 0.863437 0.800000 0.069375 0.085000
0 0.835000 0.675417 0.061250 0.077500
0 0.827812 0.830833 0.064375 0.075000
0 0.870313 0.887917 0.069375 0.067500
0 0.832812 0.712917 0.059375 0.085833
0 0.083750 0.052083 0.056250 0.087500
0 0.505938 0.106250 0.073125 0.085833
0 0.742812 0.282917 0.089375 0.060833
0 0.258125 0.547083 0.065000 0.060833
0 0.941875 0.641250 0.067500 0.092500
0 0.803125 0.762083 0.065000 0.065833
0 0.965938 0.471250 0.065625 0.080833
0 0.932187 0.294583 0.059375 0.090833
