0 0.306875 0.149167 0.071250 0.100000
0 0.480625 0.737500 0.063750 0.111667
0 0.235937 0.107083 0.071875 0.109167
0 0.868750 0.779583 0.068750 0.105833
0 0.134063 0.150000 0.074375 0.098333
0 0.302812 0.686250 0.063125 0.084167
0 0.646250 0.827500 0.073750 0.091667
0 0.390625 0.183750 0.075000 0.089167
0 0.675000 0.272917 0.067500 0.095833
0 0.934688 0.185417 0.065625 0.114167
0 0.416875 0.619167 0.070000 0.091667
0 0.938438 0.631667 0.081875 0.111667
0 0.210938 0.638333 0.071875 0.088333
0 0.876875 0.660417 0.062500 0.090833
6 0.764375 0.659167 0.081250 0.110000
0 0.473438 0.535000 0.071875 0.073333
0 0.275000 0.539583 0.077500 0.094167
0 0.257500 0.802083 0.075000 0.089167
0 0.211562 0.730417 0.066875 0.094167
0 0.548438 0.685000 0.069375 0.093333
0 0.490312 0.328750 0.070625 0.099167
0 0.578750 0.409167 0.065000 0.088333
0 0.437812 0.420417 0.068125 0.105833
0 0.874687 0.223333 0.073125 0.088333
0 0.040938 0.485417 0.070625 0.112500
0 0.866875 0.303750 0.077500 0.087500
0 0.041563 0.191667 0.078125 0.083333
0 0.855000 0.507083 0.052500 0.100833
0 0.270000 0.890417 0.070000 0.089167
0 0.310312 0.949583 0.060625 0.084167
0 0.344375 0.352500 0.061250 0.095000
0 0.727500 0.762083 0.066250 0.104167
0 0.800000 0.839583 0.085000 0.065833
0 0.595625 0.120000 0.075000 0.081667
0 0.190312 0.806667 0.059375 0.075000
0 0.697187 0.902917 0.080625 0.107500
0 0.625000 0.238750 0.063750 0.120833
0 0.752500 0.574167 0.068750 0.071667
0 0.787813 0.920000 0.090625 0.083333
0 0.602500 0.327500 0.075000 0.066667
0 0.801250 0.757917 0.073750 0.120833
0 0.410938 0.521667 0.068125 0.105000
0 0.035625 0.335833 0.063750 0.091667
2 0.658750 0.424167 0.082500 0.118333
0 0.564688 0.589167 0.069375 0.095000
0 0.769687 0.402500 0.080625 0.071667
1 0.242188 0.455833 0.079375 0.123333
3 0.126562 0.267083 0.083125 0.127500
0 0.551875 0.548333 0.072500 0.085000
0 0.385937 0.081250 0.071875 0.097500
0 0.194062 0.272917 0.065625 0.139167
3 0.782500 0.337917 0.101250 0.085833
0 0.284687 0.368750 0.059375 0.115833
0 0.583438 0.166250 0.070625 0.075833
0 0.317188 0.256250 0.053125 0.070833
1 0.505625 0.184167 0.093750 0.111667
0 0.386875 0.445833 0.062500 0.098333
1 0.320625 0.850833 0.075000 0.141667
0 0.795937 0.449583 0.090625 0.079167
0 0.812813 0.607917 0.068125 0.075833
0 0.713750 0.396667 0.042500 0.151667
0 0.794063 0.516667 0.069375 0.073333
