0 0.382812 0.920000 0.066875 0.088333
0 0.285938 0.618333 0.070625 0.095000
0 0.545000 0.395833 0.067500 0.091667
0 0.878125 0.096250 0.066250 0.085833
0 0.482812 0.640833 0.064375 0.078333
0 0.617812 0.696667 0.073125 0.096667
0 0.185938 0.660000 0.079375 0.085000
0 0.363125 0.547500 0.081250 0.101667
0 0.699063 0.665000 0.071875 0.100000
0 0.063125 0.677917 0.065000 0.089167
0 0.899375 0.189583 0.065000 0.089167
0 0.657188 0.348333 0.069375 0.106667
0 0.271562 0.872500 0.068125 0.106667
0 0.745625 0.076250 0.062500 0.074167
0 0.757500 0.575833 0.057500 0.078333
0 0.720313 0.287500 0.068125 0.088333
0 0.461250 0.801667 0.072500 0.080000
0 0.205313 0.173333 0.066875 0.096667
0 0.292187 0.225833 0.069375 0.093333
0 0.868437 0.506667 0.078125 0.083333
0 0.210625 0.381667 0.073750 0.105000
0 0.527500 0.532500 0.066250 0.078333
0 0.721562 0.400417 0.076875 0.104167
0 0.076250 0.873333 0.058750 0.078333
0 0.757500 0.720000 0.071250 0.085000
0 0.734688 0.193750 0.060625 0.079167
0 0.907813 0.397917 0.080625 0.099167
0 0.188750 0.809167 0.067500 0.093333
0 0.367188 0.150833 0.071875 0.100000
0 0.297187 0.766667 0.065625 0.080000
0 0.600000 0.467500 0.078750 0.096667
0 0.858125 0.395833 0.076250 0.101667
0 0.911563 0.915417 0.074375 0.100833
0 0.780937 0.230417 0.073125 0.095833
0 0.215625 0.072083 0.060000 0.075833
0 0.194375 0.954167 0.062500 0.086667
0 0.166563 0.053333 0.059375 0.091667
0 0.605625 0.584583 0.072500 0.105833
0 0.919375 0.283333 0.077500 0.098333
0 0.131875 0.791667 0.061250 0.083333
0 0.443125 0.713750 0.081250 0.092500
0 0.029375 0.070417 0.058750 0.089167
0 0.442500 0.207083 0.077500 0.100833
0 0.499688 0.912917 0.074375 0.102500
0 0.887500 0.608750 0.093750 0.099167
0 0.300938 0.061250 0.091875 0.094167
0 0.815625 0.040417 0.058750 0.080833
0 0.828438 0.635417 0.076875 0.132500
0 0.650625 0.540833 0.085000 0.100000
0 0.593437 0.095833 0.075625 0.100000
0 0.526563 0.147500 0.073125 0.116667
0 0.546562 0.209583 0.094375 0.082500
0 0.448125 0.130417 0.072500 0.107500
0 0.149375 0.860000 0.073750 0.090000
0 0.272813 0.121667 0.069375 0.095000
0 0.653125 0.192917 0.066250 0.060833
0 0.126250 0.398333 0.065000 0.091667
0 0.494688 0.049583 0.071875 0.095833
0 0.645625 0.853333 0.072500 0.090000
1 0.351250 0.698333 0.080000 0.105000
1 0.482812 0.339167 0.083125 0.110000
0 0.159688 0.475833 0.089375 0.106667
0 0.636250 0.813750 0.067500 0.075833
0 0.263125 0.323750 0.097500 0.122500
