0 0.554688 0.887083 0.066875 0.094167
0 0.098125 0.903750 0.068750 0.100833
0 0.615000 0.875000 0.062500 0.095000
0 0.861250 0.803333 0.063750 0.085000
0 0.158125 0.763333 0.071250 0.103333
0 0.902813 0.445417 0.073125 0.090833
0 0.135937 0.390417 0.081875 0.092500
0 0.925000 0.831667 0.070000 0.103333
0 0.591562 0.112500 0.078125 0.098333
0 0.466875 0.524167 0.070000 0.085000
0 0.075938 0.335417 0.071875 0.094167
0 0.570000 0.444167 0.077500 0.093333
0 0.331250 0.437083 0.072500 0.085833
0 0.521250 0.163333 0.085000 0.116667
0 0.654687 0.465000 0.081875 0.095000
0 0.362187 0.870833 0.063125 0.115000
0 0.680000 0.058750 0.077500 0.100833
0 0.500313 0.931250 0.074375 0.090833
0 0.953438 0.368333 0.083125 0.090000
0 0.208125 0.807500 0.073750 0.111667
0 0.326562 0.344167 0.074375 0.106667
0 0.402813 0.482500 0.089375 0.096667
0 0.857812 0.180000 0.084375 0.113333
0 0.332813 0.697500 0.074375 0.080000
0 0.272500 0.153333 0.070000 0.101667
0 0.817500 0.940417 0.072500 0.102500
0 0.746563 0.637083 0.066875 0.085833
0 0.493437 0.835000 0.083125 0.096667
0 0.901563 0.117083 0.069375 0.114167
0 0.609688 0.583750 0.086875 0.100833
0 0.652188 0.782917 0.075625 0.095833
0 0.844063 0.286667 0.088125 0.123333
0 0.488750 0.286667 0.071250 0.100000
