0 0.608750 0.472083 0.077500 0.084167
0 0.343125 0.535000 0.080000 0.096667
0 0.225000 0.362083 0.068750 0.087500
0 0.226250 0.206667 0.072500 0.103333
0 0.081875 0.703333 0.067500 0.085000
0 0.693750 0.617917 0.087500 0.085833
0 0.236875 0.097917 0.063750 0.094167
0 0.112500 0.421250 0.055000 0.082500
0 0.652188 0.947917 0.076875 0.072500
0 0.861250 0.765000 0.072500 0.083333
0 0.607500 0.232917 0.080000 0.075833
0 0.108750 0.533750 0.068750 0.089167
0 0.273438 0.539583 0.064375 0.107500
0 0.774062 0.670000 0.063125 0.075000
0 0.345000 0.353750 0.073750 0.077500
0 0.266875 0.750000 0.078750 0.108333
0 0.939688 0.394167 0.090625 0.098333
0 0.442812 0.899167 0.079375 0.080000
0 0.149062 0.347917 0.066875 0.094167
0 0.328125 0.207500 0.077500 0.090000
0 0.355938 0.850833 0.096875 0.068333
0 0.793125 0.612917 0.102500 0.075833
0 0.247188 0.643750 0.056875 0.074167
0 0.715313 0.167500 0.099375 0.071667
0 0.884375 0.553750 0.080000 0.079167
0 0.300938 0.654167 0.071875 0.081667
0 0.286875 0.295000 0.086250 0.076667
0 0.325937 0.103750 0.111875 0.077500
0 0.692813 0.093333 0.098125 0.070000
0 0.218125 0.718750 0.077500 0.089167
0 0.624062 0.176667 0.101875 0.063333
0 0.381875 0.942500 0.116250 0.063333
0 0.292812 0.162083 0.113125 0.062500
0 0.573438 0.954167 0.074375 0.091667
