0 0.479063 0.945000 0.056875 0.080000
0 0.906875 0.186667 0.056250 0.075000
0 0.741250 0.734583 0.060000 0.075833
4 0.112187 0.915833 0.080625 0.105000
0 0.589375 0.563333 0.056250 0.078333
0 0.236563 0.202083 0.066875 0.075833
0 0.943125 0.725833 0.056250 0.085000
0 0.243750 0.843750 0.076250 0.094167
0 0.720938 0.542917 0.055625 0.077500
0 0.725000 0.234167 0.066250 0.088333
0 0.310312 0.920000 0.078125 0.100000
0 0.533750 0.073333 0.066250 0.083333
0 0.842500 0.194583 0.072500 0.090833
0 0.744687 0.876667 0.069375 0.083333
0 0.201250 0.460833 0.070000 0.095000
0 0.656250 0.233333 0.065000 0.081667
0 0.924375 0.082083 0.072500 0.099167
0 0.241250 0.577500 0.055000 0.080000
0 0.266250 0.653333 0.065000 0.081667
0 0.360000 0.189167 0.048750 0.071667
0 0.254688 0.393333 0.059375 0.081667
0 0.125938 0.291667 0.060625 0.083333
0 0.629375 0.674583 0.055000 0.085833
0 0.510000 0.565833 0.068750 0.085000
0 0.323125 0.355000 0.065000 0.085000
0 0.192188 0.270833 0.063125 0.088333
0 0.947500 0.353333 0.065000 0.083333
0 0.193750 0.957500 0.062500 0.075000
0 0.512813 0.333750 0.071875 0.099167
0 0.053750 0.087083 0.051250 0.082500
0 0.156562 0.166667 0.068125 0.088333
0 0.138437 0.710833 0.070625 0.073333
0 0.301250 0.761667 0.061250 0.085000
0 0.401875 0.336667 0.067500 0.083333
0 0.090313 0.389167 0.070625 0.090000
0 0.902188 0.853333 0.071875 0.096667
0 0.849375 0.680000 0.075000 0.091667
0 0.674375 0.272500 0.063750 0.095000
0 0.435000 0.689167 0.062500 0.088333
0 0.362500 0.445000 0.067500 0.085000
0 0.645312 0.746667 0.075625 0.078333
0 0.894062 0.600417 0.074375 0.089167
0 0.522813 0.478333 0.071875 0.095000
4 0.657500 0.084583 0.071250 0.104167
0 0.445312 0.513333 0.064375 0.081667
0 0.791250 0.557917 0.070000 0.094167
0 0.837187 0.278750 0.064375 0.080833
0 0.628125 0.815833 0.066250 0.081667
0 0.884375 0.410000 0.057500 0.078333
0 0.107813 0.640000 0.061875 0.090000
0 0.097187 0.219583 0.068125 0.082500
0 0.634687 0.509583 0.063125 0.087500
0 0.493125 0.148750 0.062500 0.082500
0 0.566875 0.699583 0.066250 0.095833
0 0.055625 0.609167 0.061250 0.085000
0 0.292187 0.560417 0.058125 0.084167
0 0.870313 0.330833 0.070625 0.085000
0 0.407813 0.232917 0.065625 0.079167
0 0.522188 0.691250 0.058125 0.084167
0 0.248750 0.135417 0.067500 0.079167
0 0.806875 0.436667 0.063750 0.095000
0 0.481875 0.633750 0.056250 0.082500
0 0.474687 0.294167 0.078125 0.091667
0 0.445625 0.405833 0.061250 0.083333
0 0.860938 0.461250 0.070625 0.087500
0 0.412813 0.132500 0.063125 0.063333
0 0.475938 0.435833 0.068125 0.085000
0 0.565000 0.657500 0.065000 0.081667
0 0.338438 0.711667 0.069375 0.083333
0 0.385313 0.516667 0.056875 0.083333
0 0.444688 0.664167 0.063125 0.090000
0 0.335625 0.512917 0.056250 0.089167
0 0.835938 0.519583 0.065625 0.099167
0 0.112812 0.142500 0.078125 0.085000
0 0.434688 0.172083 0.056875 0.094167
0 0.190938 0.316667 0.065625 0.100000
0 0.774687 0.195000 0.056875 0.081667
0 0.664375 0.140417 0.063750 0.082500
0 0.383750 0.666667 0.051250 0.100000
0 0.245000 0.320417 0.062500 0.084167
0 0.297500 0.488333 0.053750 0.081667
