0 0.751250 0.291250 0.068750 0.092500
0 0.631875 0.194583 0.068750 0.097500
0 0.566875 0.822917 0.072500 0.095833
0 0.284375 0.322500 0.073750 0.100000
0 0.859688 0.785833 0.061875 0.086667
0 0.477500 0.516667 0.060000 0.083333
0 0.457500 0.779583 0.067500 0.090833
0 0.241875 0.673333 0.066250 0.086667
0 0.107188 0.543333 0.070625 0.085000
0 0.896875 0.337500 0.072500 0.100000
0 0.165625 0.816250 0.066250 0.082500
0 0.921562 0.843333 0.065625 0.088333
0 0.649375 0.633750 0.066250 0.089167
0 0.520312 0.085417 0.069375 0.095833
0 0.880313 0.181667 0.059375 0.081667
0 0.545312 0.588333 0.061875 0.085000
0 0.690625 0.753333 0.058750 0.093333
0 0.677500 0.888333 0.075000 0.105000
0 0.918750 0.538750 0.073750 0.102500
0 0.280938 0.810000 0.073125 0.098333
0 0.769375 0.757917 0.071250 0.095833
0 0.412500 0.549583 0.068750 0.092500
0 0.610938 0.536667 0.066875 0.088333
0 0.159062 0.450833 0.065625 0.080000
0 0.280625 0.544167 0.072500 0.103333
0 0.874375 0.654583 0.080000 0.112500
0 0.053750 0.632500 0.078750 0.110000
0 0.609688 0.426250 0.074375 0.102500
0 0.440937 0.148333 0.075625 0.086667
0 0.450000 0.920417 0.076250 0.100833
0 0.286875 0.065000 0.075000 0.100000
0 0.794063 0.846667 0.069375 0.076667
0 0.540937 0.378333 0.063125 0.106667
0 0.328750 0.917500 0.066250 0.095000
0 0.757500 0.184167 0.067500 0.090000
0 0.792500 0.633750 0.065000 0.090833
0 0.809688 0.138333 0.079375 0.103333
0 0.714063 0.110833 0.061875 0.075000
0 0.406250 0.870000 0.077500 0.103333
0 0.632188 0.735417 0.064375 0.089167
0 0.435312 0.048333 0.063125 0.086667
0 0.737187 0.430417 0.065625 0.084167
0 0.849688 0.370417 0.068125 0.107500
0 0.090313 0.382500 0.075625 0.078333
0 0.824688 0.327083 0.061875 0.069167
0 0.141875 0.085417 0.060000 0.075833
0 0.734375 0.478750 0.060000 0.084167
0 0.095000 0.179583 0.086250 0.105833
1 0.477187 0.392917 0.080625 0.112500
5 0.461250 0.300000 0.051250 0.073333
