0 0.841562 0.387917 0.071875 0.082500
0 0.486563 0.799167 0.065625 0.090000
0 0.123125 0.067917 0.075000 0.082500
0 0.139375 0.165833 0.065000 0.096667
0 0.526563 0.198333 0.068125 0.093333
0 0.070312 0.174583 0.061875 0.097500
0 0.194375 0.237500 0.065000 0.083333
0 0.904687 0.757500 0.060625 0.095000
0 0.549063 0.102083 0.064375 0.087500
0 0.204375 0.518333 0.072500 0.088333
0 0.515000 0.545417 0.066250 0.084167
0 0.659062 0.637083 0.063125 0.082500
0 0.547188 0.845833 0.066875 0.093333
0 0.771563 0.332083 0.068125 0.084167
0 0.085938 0.507917 0.069375 0.084167
0 0.137813 0.355417 0.060625 0.079167
0 0.639687 0.079583 0.063125 0.097500
0 0.950625 0.557083 0.068750 0.104167
0 0.117188 0.269583 0.070625 0.094167
0 0.444063 0.244583 0.063125 0.085833
0 0.730938 0.622500 0.064375 0.096667
0 0.635000 0.340833 0.063750 0.098333
0 0.853125 0.485000 0.073750 0.100000
0 0.037500 0.274583 0.060000 0.082500
0 0.893125 0.314583 0.063750 0.094167
0 0.131250 0.580833 0.072500 0.088333
0 0.074375 0.722083 0.063750 0.089167
0 0.377812 0.165000 0.069375 0.100000
0 0.179063 0.654167 0.066875 0.081667
0 0.293438 0.346667 0.068125 0.090000
0 0.246562 0.879583 0.065625 0.089167
0 0.481875 0.896667 0.061250 0.081667
0 0.148750 0.442500 0.071250 0.088333
0 0.169375 0.906250 0.071250 0.092500
0 0.051875 0.423333 0.065000 0.086667
0 0.597812 0.667917 0.064375 0.102500
0 0.364375 0.288750 0.063750 0.090833
0 0.773438 0.170417 0.064375 0.095833
0 0.091250 0.882083 0.067500 0.092500
0 0.442812 0.587083 0.068125 0.080833
0 0.838125 0.705417 0.063750 0.079167
0 0.521250 0.639167 0.075000 0.088333
0 0.196250 0.745000 0.063750 0.088333
0 0.896563 0.643333 0.065625 0.083333
0 0.266562 0.205833 0.064375 0.090000
0 0.915000 0.175417 0.067500 0.100833
0 0.334688 0.086250 0.061875 0.085833
0 0.597187 0.901250 0.064375 0.084167
0 0.813750 0.058750 0.068750 0.090833
0 0.728750 0.820417 0.063750 0.090833
0 0.388437 0.893333 0.068125 0.083333
0 0.820000 0.252917 0.063750 0.095833
0 0.139687 0.741250 0.063125 0.089167
0 0.470625 0.118750 0.067500 0.085833
0 0.859375 0.919583 0.065000 0.090833
0 0.151250 0.823333 0.073750 0.085000
0 0.876563 0.563750 0.059375 0.069167
0 0.827812 0.620000 0.065625 0.081667
0 0.585000 0.552083 0.060000 0.092500
0 0.050000 0.937083 0.061250 0.089167
0 0.538750 0.460000 0.062500 0.081667
0 0.770938 0.703750 0.061875 0.099167
0 0.705625 0.717083 0.057500 0.094167
0 0.064062 0.634583 0.074375 0.084167
0 0.655625 0.833333 0.062500 0.100000
0 0.418750 0.845000 0.053750 0.078333
0 0.570000 0.755833 0.055000 0.075000
0 0.699063 0.150833 0.056875 0.073333
0 0.690312 0.404167 0.064375 0.086667
0 0.798750 0.579583 0.070000 0.092500
0 0.038125 0.080417 0.067500 0.084167
0 0.789687 0.475000 0.066875 0.090000
0 0.931875 0.946667 0.068750 0.095000
0 0.191562 0.120417 0.065625 0.092500
0 0.717812 0.908333 0.064375 0.093333
0 0.937187 0.061667 0.058125 0.098333
0 0.841875 0.200833 0.070000 0.105000
0 0.253750 0.685833 0.063750 0.098333
0 0.378125 0.393333 0.058750 0.081667
0 0.761563 0.430000 0.059375 0.093333
0 0.793438 0.815833 0.049375 0.078333
0 0.678438 0.537083 0.069375 0.090833
0 0.328750 0.830000 0.071250 0.086667
0 0.964375 0.447917 0.070000 0.090833
0 0.341562 0.530417 0.070625 0.079167
0 0.335625 0.722083 0.066250 0.082500
0 0.406875 0.782500 0.066250 0.085000
0 0.281250 0.954167 0.068750 0.090000
0 0.880938 0.112500 0.066875 0.106667
0 0.873125 0.858333 0.066250 0.078333
0 0.285625 0.517500 0.061250 0.085000
0 0.640312 0.201250 0.061875 0.080833
0 0.274375 0.046250 0.062500 0.085833
0 0.389688 0.730833 0.064375 0.088333
0 0.240000 0.343750 0.075000 0.082500
0 0.604688 0.168333 0.065625 0.075000
0 0.334688 0.419167 0.069375 0.101667
0 0.644687 0.771250 0.064375 0.097500
0 0.286250 0.782917 0.070000 0.095833
0 0.312500 0.622500 0.063750 0.081667
0 0.268125 0.743333 0.060000 0.085000
1 0.787813 0.902917 0.061875 0.080833
0 0.053125 0.295000 0.048750 0.068333
0 0.371250 0.559167 0.071250 0.070000
0 0.546562 0.730417 0.055625 0.070833
0 0.357500 0.961667 0.062500 0.076667
0 0.708750 0.112917 0.057500 0.074167
0 0.448125 0.210417 0.061250 0.074167
