0 0.880938 0.685417 0.080625 0.107500
0 0.418125 0.935417 0.072500 0.092500
0 0.665000 0.701667 0.075000 0.093333
0 0.641250 0.513750 0.081250 0.105833
0 0.191562 0.860417 0.061875 0.067500
0 0.599063 0.597917 0.066875 0.094167
0 0.114375 0.095833 0.068750 0.078333
0 0.342187 0.288750 0.076875 0.099167
0 0.779687 0.617500 0.083125 0.103333
0 0.213750 0.149583 0.078750 0.100833
0 0.208125 0.262917 0.078750 0.092500
0 0.251875 0.911250 0.066250 0.090833
0 0.862500 0.776250 0.065000 0.089167
0 0.222500 0.613333 0.070000 0.093333
0 0.489375 0.445833 0.080000 0.095000
0 0.279375 0.311667 0.068750 0.095000
0 0.424687 0.662500 0.080625 0.101667
0 0.701875 0.158333 0.070000 0.103333
0 0.240937 0.465417 0.071875 0.095833
0 0.699063 0.631667 0.064375 0.085000
0 0.550625 0.592917 0.056250 0.087500
0 0.412813 0.319167 0.068125 0.080000
0 0.507188 0.370000 0.069375 0.086667
0 0.737187 0.780000 0.061875 0.086667
0 0.259688 0.390833 0.066875 0.076667
0 0.506563 0.116250 0.065625 0.092500
0 0.565625 0.157083 0.080000 0.105833
0 0.208750 0.695417 0.072500 0.085833
0 0.494375 0.793333 0.073750 0.086667
0 0.167813 0.442917 0.078125 0.090833
0 0.033438 0.431250 0.058125 0.082500
0 0.781250 0.830833 0.066250 0.086667
0 0.361563 0.435000 0.068125 0.088333
0 0.808438 0.164167 0.079375 0.098333
0 0.318437 0.195833 0.074375 0.090000
0 0.903438 0.452083 0.075625 0.115833
0 0.398750 0.551667 0.060000 0.076667
0 0.687500 0.419167 0.075000 0.106667
0 0.577812 0.457917 0.073125 0.099167
0 0.465313 0.872917 0.069375 0.085833
0 0.215000 0.560417 0.075000 0.094167
0 0.310625 0.485000 0.068750 0.108333
0 0.955313 0.353750 0.075625 0.099167
0 0.078125 0.492917 0.066250 0.082500
0 0.637188 0.131250 0.069375 0.095833
0 0.481563 0.597083 0.066875 0.097500
0 0.141875 0.370000 0.062500 0.065000
0 0.837812 0.409583 0.075625 0.114167
0 0.736250 0.495417 0.071250 0.107500
0 0.127500 0.865000 0.067500 0.098333
0 0.090625 0.422083 0.060000 0.077500
0 0.271250 0.752917 0.075000 0.087500
0 0.189688 0.937500 0.064375 0.098333
0 0.144063 0.475417 0.065625 0.090833
1 0.422187 0.461250 0.074375 0.109167
0 0.449375 0.516250 0.060000 0.087500
0 0.772500 0.445417 0.076250 0.110833
0 0.427187 0.786250 0.078125 0.089167
0 0.309688 0.079583 0.056875 0.080833
0 0.507812 0.552500 0.066875 0.090000
0 0.281875 0.218750 0.078750 0.095833
0 0.072813 0.905833 0.071875 0.105000
0 0.262813 0.784167 0.071875 0.083333
0 0.160000 0.788333 0.067500 0.088333
0 0.601250 0.395000 0.075000 0.083333
0 0.549063 0.410000 0.069375 0.083333
1 0.247188 0.055417 0.089375 0.107500
1 0.073750 0.835833 0.076250 0.126667
0 0.551875 0.672500 0.075000 0.086667
0 0.546250 0.701667 0.083750 0.096667
0 0.782500 0.872500 0.055000 0.071667
