0 0.348438 0.314583 0.078125 0.105833
0 0.959063 0.089583 0.074375 0.107500
0 0.946250 0.542500 0.075000 0.093333
0 0.925000 0.335000 0.068750 0.086667
0 0.462813 0.954167 0.066875 0.091667
0 0.909375 0.737917 0.073750 0.119167
0 0.614062 0.508750 0.065625 0.099167
0 0.206250 0.116667 0.071250 0.106667
0 0.122188 0.085833 0.079375 0.098333
0 0.767500 0.714167 0.075000 0.100000
0 0.899687 0.420000 0.080625 0.101667
0 0.086563 0.192917 0.081875 0.107500
0 0.374688 0.161667 0.073125 0.108333
0 0.237500 0.860833 0.077500 0.100000
0 0.709063 0.400417 0.075625 0.095833
0 0.145937 0.755417 0.071875 0.107500
0 0.540312 0.661667 0.061875 0.083333
0 0.133437 0.325833 0.075625 0.095000
0 0.289375 0.412083 0.071250 0.095833
0 0.545312 0.820000 0.065625 0.093333
0 0.411875 0.512083 0.081250 0.114167
0 0.455000 0.175833 0.080000 0.105000
0 0.400000 0.899583 0.071250 0.109167
0 0.803438 0.932917 0.075625 0.094167
0 0.335938 0.800417 0.071875 0.099167
0 0.427500 0.351250 0.073750 0.112500
0 0.325937 0.513750 0.070625 0.089167
0 0.275938 0.303750 0.076875 0.104167
0 0.045312 0.548333 0.069375 0.100000
0 0.764062 0.366667 0.071875 0.093333
0 0.793750 0.549583 0.066250 0.099167
0 0.796250 0.296250 0.070000 0.099167
0 0.320937 0.609583 0.075625 0.112500
0 0.412500 0.729167 0.071250 0.108333
0 0.123750 0.863750 0.071250 0.089167
0 0.099062 0.413333 0.070625 0.096667
0 0.581875 0.201667 0.077500 0.086667
0 0.310312 0.167083 0.071875 0.102500
0 0.719375 0.053750 0.067500 0.097500
0 0.501875 0.560417 0.063750 0.094167
0 0.171250 0.420000 0.075000 0.106667
0 0.458750 0.491667 0.065000 0.081667
0 0.120000 0.525000 0.075000 0.103333
0 0.489375 0.862500 0.072500 0.090000
0 0.950000 0.953750 0.070000 0.092500
0 0.039062 0.673750 0.065625 0.110833
0 0.106563 0.667083 0.074375 0.099167
0 0.566875 0.425417 0.065000 0.094167
0 0.407500 0.557083 0.078750 0.099167
0 0.678438 0.875417 0.085625 0.082500
0 0.859688 0.340000 0.070625 0.101667
0 0.595000 0.251667 0.063750 0.095000
0 0.880313 0.269167 0.070625 0.090000
0 0.071563 0.643333 0.075625 0.100000
0 0.310000 0.125833 0.080000 0.103333
0 0.654062 0.860000 0.071875 0.105000
0 0.079062 0.738750 0.056875 0.104167
