0 0.668438 0.900417 0.083125 0.104167
0 0.119375 0.870000 0.078750 0.096667
0 0.815312 0.457917 0.079375 0.102500
5 0.513437 0.392083 0.094375 0.114167
0 0.415625 0.417917 0.072500 0.092500
0 0.908125 0.436667 0.077500 0.096667
0 0.145313 0.579583 0.073125 0.084167
0 0.801875 0.333333 0.083750 0.096667
0 0.667500 0.622500 0.072500 0.096667
0 0.730625 0.227500 0.077500 0.096667
0 0.411562 0.720417 0.081875 0.100833
0 0.914375 0.498750 0.080000 0.095833
0 0.873125 0.726250 0.071250 0.095833
0 0.648750 0.087917 0.071250 0.100833
0 0.161875 0.830000 0.085000 0.091667
0 0.494688 0.662917 0.071875 0.095833
0 0.266875 0.240833 0.076250 0.105000
0 0.140313 0.741250 0.083125 0.099167
0 0.305937 0.840833 0.073125 0.108333
0 0.365000 0.340833 0.072500 0.123333
0 0.895000 0.801667 0.076250 0.103333
0 0.670625 0.136667 0.075000 0.105000
0 0.750625 0.346250 0.070000 0.094167
0 0.235000 0.081667 0.077500 0.098333
0 0.499063 0.278750 0.086875 0.100833
0 0.079062 0.627917 0.069375 0.094167
0 0.854688 0.175000 0.065625 0.088333
0 0.519687 0.896250 0.081875 0.097500
0 0.378437 0.045000 0.063125 0.081667
0 0.908438 0.611250 0.073125 0.100833
0 0.379688 0.151667 0.073125 0.090000
0 0.042188 0.172917 0.079375 0.097500
0 0.709688 0.472917 0.078125 0.110833
0 0.952187 0.819167 0.076875 0.103333
0 0.446562 0.939167 0.076875 0.106667
0 0.264688 0.567500 0.079375 0.105000
0 0.173125 0.074167 0.076250 0.098333
0 0.798438 0.720000 0.083125 0.113333
0 0.186875 0.257500 0.081250 0.105000
0 0.064375 0.743750 0.083750 0.109167
0 0.121563 0.272083 0.073125 0.119167
0 0.597500 0.463333 0.075000 0.103333
0 0.192812 0.665833 0.081875 0.110000
0 0.446875 0.827083 0.073750 0.099167
0 0.776875 0.048750 0.071250 0.092500
0 0.646875 0.472917 0.080000 0.110833
0 0.469062 0.750000 0.069375 0.098333
0 0.817813 0.820417 0.069375 0.095833
0 0.913750 0.300833 0.077500 0.096667
0 0.838437 0.415833 0.065625 0.083333
0 0.350938 0.467083 0.074375 0.095833
0 0.942813 0.044583 0.070625 0.089167
0 0.891250 0.285000 0.076250 0.103333
0 0.960938 0.370833 0.066875 0.095000
