0 0.425625 0.294583 0.070000 0.087500
0 0.163750 0.655833 0.075000 0.100000
0 0.525000 0.800417 0.076250 0.087500
0 0.319688 0.732917 0.065625 0.099167
0 0.615938 0.305000 0.065625 0.105000
0 0.662188 0.373750 0.066875 0.087500
0 0.111562 0.167500 0.065625 0.110000
0 0.555312 0.254167 0.069375 0.096667
0 0.537188 0.063750 0.075625 0.097500
0 0.583438 0.792083 0.068125 0.099167
0 0.714375 0.438333 0.071250 0.098333
0 0.705000 0.195417 0.082500 0.104167
0 0.224062 0.372500 0.071875 0.086667
0 0.812187 0.305833 0.071875 0.083333
0 0.928125 0.823750 0.071250 0.110833
0 0.850000 0.193333 0.081250 0.100000
0 0.443750 0.062083 0.065000 0.122500
0 0.266250 0.848333 0.077500 0.106667
0 0.811875 0.691250 0.067500 0.092500
0 0.768750 0.787083 0.053750 0.122500
0 0.428750 0.212083 0.078750 0.090833
0 0.866563 0.573750 0.076875 0.094167
0 0.862812 0.491667 0.068125 0.078333
0 0.805312 0.387500 0.069375 0.085000
0 0.184688 0.106667 0.075625 0.100000
0 0.395625 0.748333 0.065000 0.110000
0 0.825000 0.079583 0.063750 0.090833
0 0.865625 0.097917 0.061250 0.085833
0 0.302812 0.941250 0.066875 0.107500
0 0.818750 0.456250 0.071250 0.094167
0 0.162812 0.526667 0.076875 0.095000
0 0.057188 0.601667 0.061875 0.116667
0 0.736563 0.537083 0.083125 0.100833
0 0.756563 0.342083 0.073125 0.110833
0 0.384062 0.577083 0.080625 0.100833
0 0.935625 0.296667 0.073750 0.096667
0 0.343438 0.317500 0.064375 0.115000
0 0.965313 0.054167 0.068125 0.093333
0 0.919687 0.416250 0.096875 0.095833
0 0.700937 0.836250 0.044375 0.152500
