0 0.149688 0.568750 0.061875 0.084167
0 0.104063 0.452083 0.066875 0.080833
0 0.702500 0.350417 0.071250 0.097500
0 0.440312 0.365417 0.063125 0.092500
0 0.338438 0.493333 0.078125 0.086667
0 0.231250 0.514167 0.073750 0.108333
0 0.698750 0.928750 0.072500 0.095833
0 0.772813 0.781250 0.074375 0.090833
0 0.789375 0.297500 0.071250 0.096667
0 0.741250 0.508750 0.071250 0.080833
0 0.934688 0.798333 0.066875 0.103333
0 0.425625 0.857083 0.062500 0.085833
0 0.775000 0.862500 0.071250 0.095000
0 0.885938 0.057917 0.069375 0.084167
0 0.042813 0.933333 0.066875 0.085000
0 0.789687 0.099583 0.059375 0.080833
0 0.606250 0.925417 0.068750 0.085833
0 0.318437 0.161250 0.071875 0.089167
0 0.512188 0.894583 0.065625 0.090833
0 0.485625 0.148333 0.061250 0.086667
1 0.236250 0.264583 0.072500 0.114167
0 0.705313 0.843333 0.073125 0.095000
0 0.881875 0.453750 0.062500 0.077500
0 0.466875 0.587500 0.055000 0.085000
0 0.177500 0.881250 0.067500 0.085833
0 0.584375 0.572083 0.058750 0.089167
0 0.350625 0.840417 0.056250 0.079167
0 0.405625 0.889167 0.075000 0.081667
0 0.461562 0.258333 0.069375 0.085000
1 0.549063 0.700000 0.091875 0.100000
0 0.665000 0.112500 0.050000 0.075000
0 0.569063 0.460417 0.065625 0.082500
0 0.182188 0.715000 0.054375 0.090000
0 0.371563 0.112917 0.058125 0.070833
0 0.562500 0.097917 0.060000 0.085833
0 0.044375 0.472500 0.061250 0.081667
0 0.078750 0.874583 0.050000 0.075833
0 0.285938 0.647500 0.065625 0.093333
1 0.877500 0.817500 0.091250 0.125000
0 0.276562 0.789167 0.075625 0.076667
1 0.493437 0.528750 0.083125 0.119167
0 0.128125 0.726667 0.055000 0.083333
0 0.633750 0.461250 0.055000 0.090833
0 0.427187 0.525417 0.056875 0.085833
0 0.085000 0.745417 0.060000 0.074167
0 0.335000 0.586667 0.063750 0.081667
0 0.365000 0.700417 0.055000 0.064167
4 0.918438 0.925000 0.065625 0.085000
0 0.136250 0.167500 0.055000 0.076667
0 0.739062 0.081250 0.051875 0.082500
0 0.135313 0.087917 0.069375 0.085833
0 0.057188 0.086667 0.060625 0.076667
0 0.171875 0.257917 0.053750 0.085833
0 0.404687 0.606250 0.066875 0.065833
0 0.617812 0.401250 0.060625 0.072500
0 0.908750 0.718333 0.060000 0.085000
0 0.420312 0.731667 0.055625 0.073333
0 0.297812 0.849583 0.055625 0.082500
0 0.913438 0.437083 0.065625 0.060833
0 0.382188 0.647083 0.065625 0.075833
0 0.198125 0.296250 0.063750 0.094167
0 0.031875 0.649583 0.062500 0.069167
4 0.407500 0.183750 0.077500 0.124167
0 0.688750 0.050000 0.052500 0.090000
0 0.965938 0.185417 0.065625 0.084167
0 0.912188 0.215000 0.059375 0.073333
0 0.964688 0.037917 0.063125 0.064167
0 0.760000 0.440833 0.055000 0.061667
0 0.639062 0.710000 0.065625 0.075000
0 0.932813 0.660833 0.076875 0.101667
0 0.883125 0.662917 0.053750 0.064167
3 0.813125 0.440000 0.091250 0.105000
1 0.049688 0.203333 0.078125 0.138333
0 0.061250 0.708333 0.052500 0.071667
0 0.170000 0.042917 0.066250 0.085833
0 0.632500 0.652917 0.050000 0.062500
