0 0.076875 0.206250 0.063750 0.107500
0 0.725625 0.792083 0.068750 0.077500
0 0.156562 0.374167 0.068125 0.078333
0 0.273438 0.885417 0.061875 0.094167
0 0.496250 0.546250 0.068750 0.094167
0 0.547813 0.899583 0.059375 0.090833
0 0.615000 0.926667 0.063750 0.088333
0 0.255625 0.309583 0.063750 0.097500
0 0.410625 0.744583 0.062500 0.087500
0 0.900312 0.275000 0.069375 0.085000
0 0.048438 0.737500 0.054375 0.086667
0 0.798750 0.817917 0.062500 0.084167
0 0.525312 0.372083 0.060625 0.085833
0 0.870938 0.763750 0.071875 0.094167
0 0.281875 0.795000 0.061250 0.081667
0 0.782813 0.870833 0.060625 0.086667
0 0.065312 0.827917 0.063125 0.085833
0 0.566250 0.132917 0.058750 0.095833
0 0.716562 0.564167 0.063125 0.093333
0 0.539375 0.463750 0.070000 0.074167
0 0.757188 0.708750 0.070625 0.077500
0 0.648125 0.840833 0.058750 0.085000
0 0.210938 0.148333 0.063125 0.090000
0 0.190000 0.668750 0.062500 0.082500
0 0.160312 0.154583 0.063125 0.102500
0 0.507812 0.077083 0.066875 0.085833
0 0.452813 0.354167 0.066875 0.091667
0 0.652813 0.317500 0.063125 0.090000
0 0.477812 0.864583 0.065625 0.095833
0 0.368750 0.376667 0.060000 0.085000
0 0.461250 0.803333 0.066250 0.085000
0 0.726562 0.327500 0.065625 0.090000
0 0.932813 0.690000 0.056875 0.078333
0 0.652813 0.611250 0.051875 0.074167
0 0.398125 0.827917 0.061250 0.074167
0 0.300312 0.520000 0.054375 0.080000
0 0.542188 0.725833 0.060625 0.096667
0 0.188125 0.920000 0.070000 0.095000
0 0.126250 0.855417 0.061250 0.094167
0 0.128750 0.256667 0.056250 0.073333
0 0.337813 0.294167 0.061875 0.081667
0 0.886875 0.162083 0.063750 0.099167
0 0.301875 0.417500 0.052500 0.076667
0 0.099375 0.910833 0.068750 0.090000
0 0.105938 0.296667 0.068125 0.100000
0 0.654062 0.074167 0.061875 0.085000
0 0.124375 0.450417 0.068750 0.082500
0 0.809688 0.072500 0.058125 0.078333
0 0.092500 0.642083 0.068750 0.097500
0 0.548125 0.639167 0.071250 0.093333
0 0.430937 0.502083 0.053125 0.089167
0 0.269375 0.246250 0.057500 0.097500
0 0.469687 0.262083 0.063125 0.082500
0 0.676250 0.511667 0.078750 0.090000
0 0.507188 0.171667 0.060625 0.083333
0 0.963437 0.375417 0.063125 0.099167
0 0.071563 0.122083 0.063125 0.075833
0 0.863750 0.616250 0.061250 0.085833
0 0.772188 0.591250 0.055625 0.089167
0 0.117500 0.060833 0.060000 0.071667
0 0.122188 0.750417 0.069375 0.075833
0 0.822187 0.492917 0.079375 0.094167
0 0.938438 0.817083 0.061875 0.095833
0 0.968437 0.283750 0.059375 0.087500
0 0.870000 0.847500 0.071250 0.083333
0 0.754062 0.249167 0.070625 0.086667
0 0.814063 0.712917 0.050625 0.102500
0 0.833125 0.235833 0.067500 0.083333
0 0.178437 0.784167 0.053125 0.105000
0 0.593750 0.441250 0.078750 0.085833
0 0.353125 0.797917 0.057500 0.089167
0 0.478125 0.707917 0.072500 0.087500
0 0.610000 0.742917 0.062500 0.095833
0 0.443437 0.631250 0.050625 0.070833
0 0.642188 0.682917 0.064375 0.077500
0 0.042813 0.647500 0.066875 0.070000
0 0.626563 0.539583 0.056875 0.092500
0 0.570937 0.558750 0.058125 0.115833
0 0.873125 0.939583 0.066250 0.092500
0 0.853437 0.666667 0.059375 0.083333
0 0.418125 0.681667 0.052500 0.068333
0 0.265625 0.661667 0.057500 0.071667
0 0.413750 0.315417 0.065000 0.077500
0 0.583438 0.239167 0.073125 0.085000
0 0.048438 0.546250 0.061875 0.094167
0 0.337813 0.722917 0.055625 0.074167
0 0.234687 0.466667 0.064375 0.076667
0 0.861563 0.453333 0.051875 0.076667
0 0.165937 0.300417 0.060625 0.072500
0 0.279687 0.118333 0.058125 0.065000
0 0.087813 0.380833 0.059375 0.066667
0 0.811562 0.333333 0.056875 0.088333
0 0.123125 0.563750 0.052500 0.072500
0 0.284375 0.095417 0.051250 0.075833
0 0.713750 0.710833 0.052500 0.065000
0 0.895625 0.432500 0.068750 0.080000
0 0.295000 0.618333 0.052500 0.066667
0 0.405625 0.036250 0.042500 0.057500
0 0.366250 0.068333 0.056250 0.076667
0 0.738750 0.055000 0.071250 0.056667
0 0.717812 0.915000 0.044375 0.090000
0 0.884062 0.042500 0.060625 0.078333
0 0.377812 0.089583 0.053125 0.072500
0 0.304063 0.101667 0.056875 0.081667
0 0.475000 0.162917 0.052500 0.077500
0 0.612812 0.233333 0.071875 0.058333
0 0.483125 0.299167 0.060000 0.080000
0 0.333125 0.262083 0.060000 0.085833
0 0.145625 0.465833 0.057500 0.066667
0 0.235937 0.543750 0.056875 0.070833
0 0.145937 0.755417 0.063125 0.085833
0 0.270000 0.697500 0.051250 0.091667
0 0.213750 0.703750 0.052500 0.050833
0 0.099375 0.545833 0.063750 0.070000
0 0.409375 0.527500 0.056250 0.088333
0 0.416563 0.288750 0.041875 0.085833
0 0.542813 0.301250 0.039375 0.072500
0 0.782813 0.282500 0.060625 0.078333
0 0.858437 0.203750 0.065625 0.090833
0 0.807813 0.368333 0.046875 0.081667
0 0.950000 0.409583 0.051250 0.080833
0 0.956250 0.592500 0.058750 0.103333
0 0.791562 0.630417 0.063125 0.075833
0 0.833125 0.686250 0.048750 0.074167
0 0.923750 0.864167 0.050000 0.078333
0 0.941562 0.716250 0.054375 0.080833
0 0.871250 0.892083 0.057500 0.085833
0 0.797500 0.896667 0.060000 0.080000
0 0.581875 0.596667 0.058750 0.093333
0 0.661875 0.520000 0.061250 0.065000
0 0.614375 0.456250 0.062500 0.059167
0 0.589375 0.409583 0.056250 0.090833
0 0.469062 0.636250 0.053125 0.079167
0 0.485938 0.671667 0.056875 0.096667
0 0.619687 0.711667 0.065625 0.096667
0 0.661875 0.858333 0.058750 0.078333
0 0.729375 0.939167 0.047500 0.083333
0 0.531250 0.958333 0.068750 0.076667
0 0.412813 0.850417 0.065625 0.094167
0 0.727187 0.824167 0.063125 0.066667
0 0.382188 0.552083 0.055625 0.072500
0 0.345938 0.769583 0.065625 0.087500
0 0.345625 0.691667 0.060000 0.068333
0 0.351250 0.666667 0.060000 0.065000
0 0.361563 0.620833 0.056875 0.071667
0 0.368750 0.583750 0.057500 0.070833
0 0.318750 0.517917 0.057500 0.072500
0 0.235625 0.506667 0.053750 0.071667
0 0.299375 0.391250 0.052500 0.074167
0 0.231875 0.423750 0.061250 0.067500
0 0.208125 0.374167 0.070000 0.093333
0 0.742188 0.084583 0.058125 0.082500
0 0.900000 0.052500 0.060000 0.085000
0 0.917813 0.049583 0.050625 0.069167
