0 0.466562 0.592917 0.070625 0.094167
0 0.946562 0.577083 0.065625 0.080833
0 0.087188 0.868750 0.068125 0.089167
0 0.131250 0.270000 0.067500 0.098333
0 0.915937 0.163750 0.071875 0.097500
0 0.059375 0.294167 0.078750 0.085000
0 0.843125 0.728333 0.063750 0.100000
0 0.258750 0.900833 0.070000 0.086667
0 0.154688 0.095000 0.068125 0.093333
0 0.863125 0.899167 0.076250 0.098333
0 0.210000 0.405000 0.077500 0.095000
0 0.203437 0.702500 0.074375 0.093333
0 0.823438 0.363750 0.074375 0.092500
0 0.494375 0.160417 0.075000 0.100833
0 0.928125 0.815833 0.071250 0.096667
0 0.617188 0.784167 0.079375 0.106667
0 0.399062 0.120417 0.080625 0.090833
0 0.072813 0.102917 0.065625 0.094167
0 0.733750 0.210833 0.085000 0.115000
0 0.175625 0.942917 0.067500 0.085833
0 0.082187 0.554583 0.070625 0.095833
0 0.116875 0.178333 0.082500 0.096667
2 0.562813 0.288750 0.089375 0.112500
6 0.222812 0.283333 0.084375 0.113333
