0 0.549687 0.805833 0.065625 0.091667
0 0.622500 0.826250 0.063750 0.087500
0 0.621250 0.317500 0.068750 0.083333
0 0.045937 0.112083 0.078125 0.087500
0 0.690937 0.277917 0.064375 0.080833
0 0.322188 0.522917 0.066875 0.089167
0 0.258437 0.201667 0.065625 0.088333
0 0.499688 0.106250 0.064375 0.090833
0 0.154062 0.057083 0.075625 0.095833
0 0.057500 0.871250 0.058750 0.087500
0 0.114687 0.441250 0.076875 0.095833
0 0.348125 0.603750 0.061250 0.077500
0 0.076563 0.200417 0.063125 0.084167
0 0.911563 0.859583 0.080625 0.087500
0 0.524062 0.436667 0.074375 0.106667
0 0.867500 0.780000 0.057500 0.086667
0 0.335313 0.198333 0.059375 0.083333
0 0.158438 0.372500 0.068125 0.070000
0 0.569688 0.884167 0.066875 0.083333
0 0.074375 0.759167 0.066250 0.076667
0 0.740313 0.817083 0.061875 0.087500
0 0.560937 0.672083 0.059375 0.080833
0 0.490000 0.546250 0.073750 0.095833
0 0.167813 0.685417 0.064375 0.084167
0 0.661250 0.599167 0.061250 0.080000
0 0.731250 0.602917 0.057500 0.085833
0 0.708750 0.519167 0.065000 0.086667
0 0.047188 0.652917 0.059375 0.079167
0 0.392813 0.403750 0.069375 0.072500
0 0.651250 0.213750 0.061250 0.082500
0 0.835625 0.864583 0.072500 0.092500
0 0.587187 0.392500 0.060625 0.081667
0 0.306563 0.710000 0.061875 0.093333
0 0.300625 0.892083 0.057500 0.080833
0 0.422187 0.216250 0.083125 0.080833
0 0.430625 0.773750 0.055000 0.080833
0 0.436563 0.123333 0.059375 0.108333
0 0.811875 0.350417 0.070000 0.087500
0 0.372812 0.752500 0.058125 0.078333
0 0.688750 0.655000 0.066250 0.085000
0 0.048125 0.447083 0.055000 0.082500
0 0.282500 0.599167 0.051250 0.083333
0 0.348750 0.914583 0.065000 0.089167
0 0.885938 0.952500 0.071875 0.093333
0 0.148438 0.321667 0.069375 0.085000
0 0.147813 0.599583 0.064375 0.087500
0 0.476250 0.332083 0.060000 0.104167
0 0.408125 0.305417 0.071250 0.087500
0 0.379688 0.845833 0.055625 0.071667
6 0.217188 0.497500 0.071875 0.100000
0 0.282187 0.404167 0.058125 0.088333
0 0.148750 0.520417 0.072500 0.090833
0 0.773438 0.914583 0.060625 0.075833
0 0.382188 0.314167 0.076875 0.095000
1 0.475313 0.791250 0.068125 0.115833
0 0.114062 0.872500 0.048125 0.073333
0 0.924687 0.785833 0.059375 0.066667
0 0.551875 0.112083 0.055000 0.069167
0 0.730313 0.042500 0.063125 0.081667
0 0.082187 0.563750 0.058125 0.084167
0 0.312500 0.441250 0.060000 0.062500
0 0.214375 0.593333 0.052500 0.076667
0 0.902813 0.244167 0.064375 0.093333
0 0.271250 0.507500 0.050000 0.075000
0 0.673125 0.955000 0.053750 0.071667
1 0.400313 0.932083 0.064375 0.132500
0 0.928125 0.177083 0.052500 0.082500
0 0.955625 0.233750 0.072500 0.112500
0 0.972500 0.103750 0.055000 0.087500
0 0.237187 0.440833 0.055625 0.065000
0 0.283750 0.705000 0.056250 0.091667
