0 0.784375 0.153333 0.071250 0.105000
5 0.255937 0.134167 0.074375 0.091667
0 0.746563 0.536250 0.071875 0.080833
0 0.693125 0.576667 0.057500 0.083333
0 0.070000 0.091667 0.070000 0.090000
0 0.105313 0.339583 0.073125 0.090833
0 0.930000 0.610833 0.072500 0.090000
0 0.649062 0.377500 0.073125 0.085000
0 0.159688 0.790417 0.056875 0.080833
0 0.238437 0.454167 0.078125 0.085000
0 0.546875 0.565000 0.071250 0.096667
0 0.854688 0.930833 0.054375 0.068333
0 0.052500 0.235000 0.053750 0.081667
0 0.667188 0.859583 0.074375 0.075833
0 0.642188 0.461667 0.059375 0.078333
0 0.882500 0.141667 0.065000 0.093333
0 0.078125 0.591250 0.061250 0.085833
0 0.419063 0.915417 0.070625 0.089167
0 0.260000 0.373750 0.060000 0.084167
0 0.925937 0.877917 0.076875 0.110833
0 0.813750 0.867083 0.066250 0.084167
0 0.052187 0.364167 0.073125 0.085000
0 0.168125 0.107083 0.065000 0.092500
0 0.485625 0.697083 0.062500 0.084167
0 0.093438 0.172500 0.078125 0.090000
0 0.169687 0.620417 0.056875 0.077500
0 0.910000 0.086667 0.067500 0.108333
0 0.935312 0.775417 0.068125 0.092500
0 0.173437 0.662917 0.066875 0.087500
0 0.372812 0.054167 0.063125 0.076667
0 0.762500 0.059583 0.066250 0.087500
0 0.733125 0.768333 0.070000 0.090000
0 0.642813 0.548750 0.065625 0.070833
0 0.392188 0.460833 0.074375 0.098333
0 0.585000 0.146667 0.060000 0.090000
0 0.566875 0.919167 0.076250 0.096667
0 0.716250 0.893333 0.067500 0.088333
0 0.291875 0.899167 0.066250 0.091667
0 0.148438 0.871250 0.069375 0.084167
0 0.604375 0.731250 0.057500 0.079167
0 0.579063 0.420833 0.070625 0.080000
0 0.754375 0.231250 0.061250 0.074167
0 0.685625 0.069583 0.065000 0.072500
0 0.520312 0.945417 0.076875 0.090833
0 0.477500 0.213750 0.062500 0.064167
0 0.440312 0.240417 0.071875 0.099167
0 0.725000 0.143333 0.058750 0.086667
0 0.418438 0.296250 0.066875 0.090833
0 0.875313 0.639167 0.071875 0.103333
0 0.594375 0.244583 0.063750 0.077500
0 0.293438 0.779167 0.070625 0.098333
0 0.185000 0.156667 0.061250 0.090000
0 0.596875 0.830417 0.055000 0.070833
0 0.684063 0.219167 0.069375 0.081667
0 0.539062 0.311667 0.060625 0.080000
0 0.369375 0.215417 0.060000 0.072500
0 0.391562 0.785417 0.070625 0.087500
0 0.140625 0.418750 0.070000 0.099167
0 0.085312 0.650417 0.068125 0.090833
0 0.209687 0.831667 0.064375 0.083333
0 0.219688 0.298333 0.068125 0.081667
0 0.794063 0.338333 0.061875 0.060000
0 0.515000 0.777083 0.053750 0.067500
0 0.485938 0.412500 0.059375 0.081667
0 0.663750 0.212917 0.060000 0.087500
0 0.866250 0.345000 0.061250 0.088333
0 0.358750 0.384583 0.071250 0.097500
0 0.164687 0.489583 0.066875 0.080833
1 0.793125 0.786667 0.082500 0.118333
1 0.348438 0.794167 0.068125 0.126667
1 0.352187 0.970417 0.103125 0.059167
1 0.233750 0.721250 0.060000 0.147500
1 0.194062 0.548750 0.065625 0.119167
0 0.462500 0.391250 0.052500 0.064167
0 0.585000 0.631667 0.051250 0.058333
0 0.454688 0.684583 0.068125 0.077500
0 0.416563 0.731667 0.059375 0.070000
0 0.865938 0.580000 0.049375 0.071667
0 0.928438 0.232917 0.058125 0.077500
0 0.935625 0.265417 0.066250 0.095833
0 0.856250 0.240833 0.063750 0.081667
0 0.243750 0.557083 0.065000 0.090833
0 0.216562 0.337083 0.059375 0.074167
0 0.264688 0.292917 0.048125 0.064167
0 0.303750 0.416667 0.050000 0.055000
0 0.335625 0.469167 0.045000 0.058333
0 0.549375 0.393750 0.062500 0.080833
0 0.591562 0.343750 0.046875 0.064167
0 0.480625 0.117083 0.052500 0.090833
0 0.318750 0.178333 0.053750 0.070000
0 0.336562 0.111250 0.058125 0.064167
0 0.198125 0.225417 0.053750 0.062500
0 0.423750 0.161250 0.053750 0.065833
0 0.630938 0.065417 0.046875 0.077500
0 0.695000 0.139583 0.052500 0.067500
0 0.641563 0.137500 0.048125 0.071667
0 0.517188 0.124583 0.068125 0.075833
0 0.567813 0.112500 0.056875 0.058333
0 0.587187 0.067917 0.049375 0.060833
0 0.528438 0.044167 0.050625 0.085000
0 0.457500 0.043333 0.062500 0.075000
0 0.451250 0.124583 0.055000 0.060833
0 0.495000 0.327917 0.050000 0.062500
0 0.939688 0.347500 0.098125 0.090000
0 0.893750 0.271667 0.062500 0.071667
0 0.532813 0.187083 0.048125 0.064167
0 0.100000 0.911250 0.066250 0.077500
0 0.107500 0.824583 0.051250 0.064167
0 0.064687 0.872500 0.058125 0.068333
0 0.730313 0.427500 0.046875 0.085000
0 0.440312 0.580000 0.056875 0.068333
0 0.694688 0.433333 0.058125 0.088333
0 0.560937 0.793333 0.048125 0.071667
0 0.364687 0.598333 0.046875 0.056667
0 0.285938 0.683750 0.059375 0.082500
0 0.041250 0.845833 0.053750 0.056667
0 0.065000 0.795000 0.051250 0.060000
0 0.389688 0.378750 0.070625 0.074167
0 0.391562 0.664583 0.046875 0.064167
0 0.331562 0.646667 0.048125 0.070000
0 0.320937 0.700000 0.058125 0.058333
0 0.309063 0.521250 0.048125 0.060833
0 0.281250 0.523333 0.043750 0.060000
0 0.417812 0.607083 0.050625 0.062500
0 0.704688 0.682500 0.055625 0.070000
0 0.747812 0.689167 0.048125 0.083333
0 0.775625 0.710000 0.052500 0.075000
0 0.816562 0.734583 0.069375 0.090833
0 0.871250 0.800833 0.062500 0.075000
0 0.762813 0.944583 0.055625 0.079167
0 0.601250 0.967083 0.052500 0.064167
0 0.245938 0.851667 0.078125 0.086667
0 0.939688 0.142500 0.046875 0.066667
0 0.785312 0.410000 0.060625 0.068333
0 0.612500 0.276667 0.055000 0.066667
