0 0.850625 0.813750 0.072500 0.100833
0 0.236875 0.392083 0.078750 0.104167
0 0.220000 0.543333 0.082500 0.093333
0 0.274062 0.760833 0.074375 0.098333
0 0.748750 0.127083 0.082500 0.097500
0 0.339062 0.261667 0.071875 0.103333
0 0.915312 0.607083 0.065625 0.095833
0 0.299063 0.892500 0.054375 0.080000
0 0.597187 0.798333 0.076875 0.106667
0 0.074063 0.207500 0.069375 0.086667
0 0.113437 0.635417 0.079375 0.097500
0 0.618750 0.279167 0.071250 0.095000
0 0.671562 0.469583 0.076875 0.112500
0 0.379063 0.896250 0.079375 0.110833
0 0.477187 0.262917 0.068125 0.095833
0 0.704688 0.815417 0.069375 0.105833
0 0.609062 0.427083 0.076875 0.097500
0 0.726250 0.420417 0.082500 0.104167
0 0.552188 0.585833 0.066875 0.091667
0 0.119375 0.315417 0.080000 0.095833
0 0.770625 0.370417 0.073750 0.107500
0 0.086875 0.764167 0.071250 0.100000
0 0.805312 0.600417 0.079375 0.109167
0 0.081250 0.381250 0.068750 0.104167
0 0.153750 0.856250 0.075000 0.089167
0 0.294063 0.535833 0.078125 0.093333
0 0.558438 0.710833 0.081875 0.105000
0 0.770625 0.798333 0.067500 0.100000
0 0.083125 0.560417 0.071250 0.092500
0 0.574063 0.900000 0.078125 0.085000
0 0.300625 0.182500 0.070000 0.090000
0 0.410000 0.258333 0.070000 0.111667
0 0.381250 0.504167 0.078750 0.101667
0 0.781250 0.059167 0.078750 0.105000
0 0.692813 0.200000 0.065625 0.105000
0 0.810625 0.497500 0.076250 0.108333
0 0.125938 0.133333 0.073125 0.086667
0 0.194688 0.323750 0.080625 0.115833
0 0.190312 0.895000 0.071875 0.105000
0 0.920000 0.380417 0.085000 0.085833
0 0.429063 0.107500 0.081875 0.100000
0 0.667813 0.331250 0.055625 0.087500
0 0.915312 0.313333 0.075625 0.090000
0 0.205000 0.622083 0.085000 0.092500
0 0.138750 0.720417 0.075000 0.077500
0 0.807500 0.727500 0.066250 0.101667
0 0.034688 0.590417 0.060625 0.084167
0 0.550312 0.310833 0.068125 0.103333
0 0.848750 0.619167 0.071250 0.093333
0 0.039375 0.709583 0.066250 0.092500
0 0.580937 0.124583 0.073125 0.107500
0 0.555937 0.115417 0.065625 0.099167
0 0.622812 0.545833 0.056875 0.095000
0 0.498437 0.541667 0.064375 0.086667
0 0.500313 0.575000 0.066875 0.098333
0 0.735938 0.513750 0.069375 0.085833
0 0.888750 0.671667 0.062500 0.073333
0 0.723750 0.560000 0.072500 0.105000
