0 0.529062 0.102083 0.079375 0.102500
0 0.547500 0.637917 0.082500 0.090833
0 0.870938 0.197500 0.074375 0.098333
0 0.267188 0.341667 0.076875 0.103333
2 0.289062 0.140833 0.101875 0.118333
0 0.925000 0.868333 0.076250 0.110000
0 0.065312 0.249583 0.074375 0.100833
0 0.082812 0.137083 0.080625 0.104167
0 0.531250 0.752500 0.071250 0.106667
0 0.103750 0.696250 0.082500 0.112500
0 0.346562 0.522083 0.080625 0.107500
0 0.148125 0.785000 0.067500 0.093333
0 0.933438 0.404583 0.075625 0.112500
0 0.233437 0.913333 0.079375 0.106667
0 0.523438 0.578750 0.079375 0.082500
0 0.496875 0.402500 0.067500 0.103333
0 0.877812 0.415833 0.069375 0.105000
0 0.674375 0.109167 0.057500 0.101667
0 0.175000 0.415833 0.081250 0.101667
0 0.553125 0.380833 0.080000 0.086667
0 0.434063 0.852500 0.081875 0.096667
0 0.268750 0.232500 0.090000 0.088333
0 0.714063 0.625833 0.080625 0.096667
0 0.075625 0.795417 0.076250 0.110833
0 0.446250 0.136667 0.078750 0.101667
0 0.421875 0.726667 0.067500 0.095000
0 0.581250 0.310417 0.081250 0.087500
0 0.488438 0.500417 0.085625 0.094167
0 0.552500 0.494167 0.077500 0.093333
0 0.512188 0.855000 0.106875 0.098333
0 0.239063 0.292083 0.093125 0.090833
0 0.351250 0.695417 0.072500 0.100833
0 0.472813 0.549167 0.074375 0.086667
