0 0.074375 0.374583 0.073750 0.099167
0 0.853125 0.277917 0.075000 0.095833
0 0.283438 0.284167 0.076875 0.096667
0 0.089688 0.194583 0.061875 0.075833
0 0.936250 0.843333 0.065000 0.085000
0 0.445000 0.163750 0.070000 0.085833
0 0.333125 0.111667 0.070000 0.083333
0 0.361250 0.227500 0.062500 0.091667
0 0.489687 0.082917 0.084375 0.097500
0 0.485000 0.351667 0.072500 0.096667
0 0.073125 0.094583 0.082500 0.102500
0 0.508437 0.226667 0.074375 0.096667
0 0.342500 0.378333 0.075000 0.103333
0 0.406250 0.089583 0.071250 0.079167
0 0.648750 0.262500 0.070000 0.098333
0 0.372812 0.757083 0.076875 0.107500
0 0.039062 0.504583 0.064375 0.084167
0 0.925625 0.318333 0.077500 0.093333
0 0.144687 0.156667 0.066875 0.085000
0 0.223125 0.055417 0.070000 0.090833
0 0.955937 0.288333 0.070625 0.088333
0 0.106563 0.743333 0.075625 0.101667
0 0.173750 0.671667 0.078750 0.090000
0 0.952500 0.115833 0.081250 0.105000
0 0.217812 0.406250 0.055625 0.087500
0 0.249375 0.155417 0.062500 0.092500
2 0.203437 0.252083 0.080625 0.102500
0 0.928125 0.517083 0.066250 0.099167
0 0.510000 0.501250 0.071250 0.092500
0 0.826562 0.359583 0.071875 0.095833
0 0.288438 0.191250 0.055625 0.075833
0 0.259062 0.469583 0.068125 0.100833
0 0.772188 0.317083 0.065625 0.094167
0 0.598125 0.276250 0.072500 0.094167
0 0.184688 0.478333 0.066875 0.096667
1 0.060625 0.586250 0.071250 0.094167
0 0.811875 0.659167 0.085000 0.108333
0 0.182188 0.329583 0.065625 0.075833
0 0.141875 0.087500 0.061250 0.066667
0 0.107188 0.467917 0.069375 0.090833
0 0.051875 0.665417 0.073750 0.102500
0 0.689688 0.674167 0.070625 0.115000
0 0.110312 0.539167 0.066875 0.085000
0 0.595313 0.221250 0.078125 0.107500
0 0.557500 0.710833 0.076250 0.111667
0 0.934063 0.579583 0.068125 0.089167
1 0.880313 0.164167 0.105625 0.110000
0 0.900000 0.042500 0.055000 0.085000
0 0.215938 0.182917 0.066875 0.094167
0 0.140937 0.297500 0.063125 0.088333
0 0.163438 0.230417 0.058125 0.079167
0 0.580313 0.936667 0.069375 0.083333
0 0.568125 0.629167 0.065000 0.083333
0 0.245000 0.885833 0.076250 0.095000
0 0.191250 0.935833 0.067500 0.085000
0 0.170000 0.498750 0.065000 0.090833
0 0.207500 0.826250 0.057500 0.080833
0 0.160625 0.815833 0.052500 0.098333
0 0.256563 0.784583 0.056875 0.092500
0 0.275938 0.763333 0.069375 0.096667
0 0.105313 0.290833 0.046875 0.090000
