0 0.879062 0.205417 0.066875 0.102500
0 0.260313 0.914583 0.060625 0.092500
0 0.950000 0.498333 0.067500 0.091667
0 0.790937 0.149167 0.061875 0.075000
0 0.324688 0.799167 0.064375 0.083333
0 0.676875 0.091250 0.076250 0.094167
0 0.309688 0.428333 0.064375 0.076667
0 0.070625 0.365417 0.066250 0.094167
0 0.753125 0.918750 0.057500 0.077500
0 0.144687 0.537500 0.065625 0.090000
0 0.167813 0.207917 0.063125 0.079167
0 0.806250 0.511250 0.071250 0.084167
4 0.546875 0.344167 0.076250 0.103333
0 0.746875 0.842083 0.068750 0.087500
0 0.367812 0.672917 0.060625 0.079167
0 0.063125 0.167083 0.070000 0.099167
0 0.424063 0.094583 0.056875 0.079167
0 0.248125 0.684167 0.065000 0.085000
0 0.526250 0.190417 0.061250 0.082500
0 0.123750 0.677917 0.066250 0.085833
0 0.520938 0.691667 0.075625 0.095000
0 0.414375 0.617500 0.058750 0.088333
0 0.922188 0.810833 0.066875 0.086667
0 0.931875 0.047083 0.066250 0.089167
0 0.446562 0.858750 0.076875 0.087500
0 0.705625 0.176250 0.078750 0.094167
0 0.565937 0.592083 0.060625 0.079167
0 0.798438 0.588750 0.070625 0.075833
0 0.318750 0.932917 0.066250 0.087500
0 0.453750 0.774583 0.075000 0.077500
0 0.373437 0.137083 0.061875 0.074167
0 0.113750 0.897083 0.065000 0.105833
0 0.229063 0.253750 0.058125 0.097500
0 0.103125 0.222500 0.061250 0.095000
0 0.488438 0.906250 0.071875 0.085833
0 0.144687 0.137083 0.060625 0.089167
0 0.874687 0.437500 0.058125 0.075000
0 0.645312 0.259167 0.070625 0.080000
0 0.402187 0.484167 0.071875 0.080000
0 0.469062 0.313333 0.061875 0.076667
0 0.412500 0.212083 0.053750 0.077500
0 0.209375 0.954583 0.062500 0.090833
0 0.592187 0.820417 0.070625 0.065833
0 0.549687 0.043750 0.060625 0.075833
0 0.585000 0.756667 0.077500 0.090000
0 0.385937 0.261667 0.049375 0.071667
0 0.304375 0.217083 0.062500 0.107500
0 0.189688 0.476250 0.065625 0.089167
0 0.457500 0.385417 0.056250 0.064167
0 0.500313 0.529167 0.054375 0.080000
0 0.943750 0.633333 0.062500 0.083333
0 0.235000 0.498750 0.058750 0.087500
0 0.833750 0.904167 0.065000 0.070000
0 0.044687 0.950000 0.071875 0.096667
0 0.294687 0.477917 0.068125 0.082500
0 0.914375 0.740000 0.052500 0.078333
6 0.687187 0.527500 0.088125 0.096667
0 0.621250 0.591250 0.060000 0.070833
0 0.673750 0.463333 0.061250 0.085000
0 0.164375 0.412917 0.073750 0.097500
0 0.236875 0.417917 0.060000 0.080833
0 0.484063 0.066250 0.053125 0.080833
0 0.180312 0.360833 0.059375 0.071667
0 0.096562 0.265417 0.075625 0.094167
1 0.666562 0.326250 0.074375 0.115833
0 0.125312 0.411667 0.059375 0.086667
0 0.514062 0.840417 0.054375 0.064167
0 0.695625 0.931250 0.062500 0.099167
0 0.702500 0.430417 0.063750 0.085833
0 0.062812 0.807917 0.064375 0.079167
0 0.940937 0.682917 0.063125 0.094167
0 0.875938 0.105833 0.065625 0.061667
0 0.917813 0.516667 0.056875 0.085000
0 0.804063 0.050000 0.075625 0.083333
0 0.114375 0.770000 0.065000 0.080000
1 0.620938 0.659167 0.091875 0.110000
