0 0.156250 0.072917 0.067500 0.090833
0 0.950000 0.405833 0.075000 0.095000
0 0.262500 0.502500 0.065000 0.091667
0 0.220938 0.185000 0.073125 0.088333
0 0.899687 0.856667 0.059375 0.085000
0 0.676562 0.258750 0.073125 0.099167
0 0.220625 0.755000 0.073750 0.108333
0 0.133125 0.303333 0.067500 0.080000
0 0.818750 0.158333 0.072500 0.083333
0 0.261250 0.396667 0.067500 0.095000
4 0.543750 0.650000 0.078750 0.103333
0 0.769687 0.423333 0.070625 0.088333
0 0.929063 0.684167 0.070625 0.096667
0 0.364375 0.598333 0.071250 0.100000
0 0.492812 0.874583 0.061875 0.102500
0 0.428438 0.566667 0.070625 0.088333
0 0.443125 0.262083 0.076250 0.105833
0 0.812187 0.362917 0.071875 0.095833
0 0.753125 0.542083 0.070000 0.082500
0 0.079062 0.662083 0.066875 0.100833
0 0.369375 0.802083 0.073750 0.099167
0 0.950937 0.510833 0.066875 0.073333
0 0.750938 0.109167 0.071875 0.086667
0 0.681875 0.447500 0.063750 0.101667
0 0.362500 0.705417 0.061250 0.099167
0 0.227813 0.093750 0.069375 0.092500
0 0.600938 0.352083 0.069375 0.085833
0 0.359063 0.060417 0.064375 0.099167
0 0.686250 0.341667 0.070000 0.083333
0 0.088125 0.464583 0.073750 0.102500
0 0.965313 0.945417 0.056875 0.079167
0 0.540625 0.532500 0.055000 0.116667
0 0.963125 0.850417 0.065000 0.075833
0 0.618125 0.300000 0.066250 0.095000
0 0.623437 0.425833 0.061875 0.095000
0 0.143125 0.393333 0.075000 0.085000
0 0.150625 0.482917 0.057500 0.112500
0 0.566875 0.439583 0.063750 0.097500
0 0.099062 0.566667 0.046875 0.111667
0 0.315937 0.727500 0.064375 0.111667
0 0.677188 0.050417 0.070625 0.100833
