0 0.376250 0.887500 0.077500 0.101667
0 0.050000 0.174167 0.066250 0.083333
0 0.623437 0.930417 0.063125 0.087500
0 0.703750 0.449167 0.066250 0.090000
0 0.056250 0.062500 0.077500 0.103333
0 0.538750 0.684167 0.078750 0.095000
0 0.508125 0.923333 0.070000 0.080000
0 0.857187 0.421667 0.078125 0.110000
0 0.261250 0.930417 0.066250 0.085833
0 0.455937 0.236667 0.068125 0.098333
0 0.077813 0.407083 0.060625 0.085833
0 0.571250 0.964583 0.060000 0.070833
0 0.745625 0.137500 0.066250 0.083333
0 0.509062 0.504583 0.075625 0.097500
0 0.098750 0.784583 0.072500 0.092500
0 0.131562 0.433750 0.064375 0.085833
0 0.698125 0.908750 0.063750 0.090833
0 0.209375 0.882083 0.072500 0.097500
0 0.140625 0.286667 0.070000 0.091667
0 0.406875 0.357500 0.071250 0.083333
0 0.453437 0.894167 0.064375 0.090000
0 0.941875 0.553333 0.060000 0.086667
0 0.380312 0.169583 0.058125 0.085833
0 0.232500 0.284167 0.068750 0.085000
0 0.777500 0.771667 0.078750 0.110000
0 0.709688 0.832083 0.065625 0.084167
0 0.289687 0.037083 0.049375 0.072500
0 0.487812 0.381667 0.076875 0.091667
0 0.409375 0.705000 0.072500 0.091667
0 0.171250 0.493750 0.068750 0.082500
1 0.888750 0.320833 0.077500 0.096667
0 0.383437 0.432917 0.073125 0.097500
0 0.763750 0.698333 0.071250 0.090000
0 0.285000 0.768750 0.070000 0.092500
0 0.949063 0.337083 0.065625 0.074167
0 0.432188 0.785000 0.068125 0.090000
0 0.634687 0.097500 0.068125 0.091667
0 0.332188 0.146667 0.071875 0.083333
0 0.563125 0.269167 0.075000 0.095000
0 0.598437 0.172083 0.071875 0.120833
0 0.057500 0.820000 0.071250 0.091667
0 0.171250 0.561250 0.067500 0.082500
0 0.345625 0.274167 0.073750 0.101667
0 0.230000 0.807917 0.068750 0.080833
0 0.572187 0.347500 0.068125 0.068333
0 0.393750 0.256250 0.075000 0.099167
0 0.524375 0.836250 0.071250 0.087500
0 0.783438 0.433333 0.071875 0.105000
0 0.643750 0.253750 0.066250 0.077500
0 0.354063 0.762917 0.069375 0.079167
0 0.547813 0.419167 0.059375 0.093333
1 0.200937 0.686667 0.090625 0.088333
0 0.187188 0.774583 0.059375 0.064167
1 0.425625 0.835833 0.081250 0.100000
1 0.233125 0.529583 0.086250 0.134167
1 0.420000 0.520000 0.100000 0.115000
0 0.777188 0.383333 0.069375 0.083333
0 0.765312 0.070000 0.069375 0.083333
0 0.739375 0.767917 0.062500 0.107500
0 0.498437 0.834167 0.068125 0.085000
0 0.342813 0.719583 0.068125 0.102500
0 0.483125 0.709167 0.062500 0.081667
0 0.448437 0.617500 0.066875 0.086667
0 0.446250 0.560833 0.073750 0.086667
0 0.451250 0.440833 0.072500 0.100000
0 0.310937 0.260833 0.069375 0.086667
0 0.286250 0.220000 0.062500 0.076667
0 0.209687 0.365417 0.079375 0.074167
0 0.152500 0.375833 0.075000 0.086667
0 0.192500 0.632917 0.062500 0.075833
0 0.250000 0.738750 0.063750 0.079167
0 0.459062 0.701667 0.059375 0.085000
0 0.162188 0.290833 0.066875 0.090000
