0 0.349062 0.794583 0.083125 0.102500
2 0.529375 0.677083 0.087500 0.122500
0 0.960313 0.530000 0.079375 0.100000
0 0.340625 0.132083 0.077500 0.104167
0 0.687813 0.670833 0.081875 0.103333
0 0.678438 0.533333 0.076875 0.105000
0 0.116562 0.498750 0.090625 0.082500
0 0.079375 0.282083 0.080000 0.080833
0 0.787813 0.686667 0.075625 0.090000
0 0.097187 0.640417 0.088125 0.082500
0 0.426875 0.347083 0.080000 0.109167
0 0.926562 0.828750 0.081875 0.102500
0 0.235937 0.350000 0.068125 0.116667
0 0.477187 0.277500 0.069375 0.088333
0 0.737812 0.455417 0.080625 0.110833
0 0.911875 0.369167 0.083750 0.106667
0 0.663750 0.073750 0.080000 0.092500
0 0.471250 0.893750 0.081250 0.117500
0 0.594063 0.135000 0.078125 0.111667
0 0.554688 0.879167 0.078125 0.090000
0 0.515312 0.513333 0.071875 0.088333
0 0.824688 0.339583 0.078125 0.112500
0 0.753437 0.841667 0.064375 0.113333
0 0.872500 0.636250 0.072500 0.099167
3 0.221562 0.223750 0.099375 0.120833
0 0.569063 0.728333 0.079375 0.098333
0 0.340625 0.692083 0.088750 0.104167
0 0.541562 0.810000 0.081875 0.096667
0 0.108125 0.217917 0.088750 0.087500
0 0.358125 0.389167 0.081250 0.110000
0 0.365312 0.944583 0.073125 0.095833
0 0.067187 0.439167 0.078125 0.090000
0 0.545000 0.344167 0.072500 0.096667
0 0.552188 0.586667 0.084375 0.095000
0 0.870000 0.916250 0.088750 0.095833
0 0.225000 0.541250 0.077500 0.102500
0 0.924687 0.075000 0.095625 0.090000
0 0.110625 0.572500 0.108750 0.073333
0 0.597187 0.643333 0.064375 0.108333
0 0.241563 0.909583 0.089375 0.095833
0 0.143437 0.326250 0.083125 0.082500
0 0.890000 0.214583 0.080000 0.092500
0 0.954375 0.222083 0.091250 0.102500
0 0.150625 0.391667 0.122500 0.091667
0 0.188438 0.322500 0.066875 0.120000
0 0.582187 0.040417 0.064375 0.079167
0 0.950937 0.139583 0.098125 0.077500
