0 0.393437 0.426667 0.063125 0.075000
0 0.061250 0.559583 0.061250 0.087500
0 0.282187 0.852500 0.056875 0.073333
0 0.077813 0.318333 0.074375 0.106667
0 0.835000 0.883750 0.072500 0.089167
0 0.074688 0.902083 0.071875 0.095833
0 0.831875 0.765417 0.077500 0.087500
0 0.571875 0.686250 0.066250 0.082500
0 0.557187 0.108750 0.058125 0.089167
0 0.521875 0.354583 0.065000 0.084167
0 0.288125 0.184167 0.068750 0.085000
0 0.329688 0.342500 0.075625 0.100000
0 0.230625 0.302083 0.053750 0.079167
0 0.403750 0.741250 0.071250 0.087500
0 0.630000 0.317500 0.073750 0.096667
0 0.563750 0.438333 0.065000 0.093333
0 0.698125 0.857500 0.057500 0.075000
0 0.647188 0.925417 0.060625 0.080833
0 0.149062 0.428750 0.064375 0.090833
0 0.452813 0.125417 0.063125 0.080833
0 0.195625 0.167917 0.072500 0.087500
0 0.341562 0.775833 0.064375 0.100000
0 0.714688 0.439167 0.058125 0.080000
0 0.502188 0.470833 0.065625 0.090000
1 0.793125 0.327500 0.072500 0.110000
0 0.158125 0.763333 0.073750 0.085000
0 0.395000 0.305417 0.070000 0.102500
0 0.049375 0.469167 0.067500 0.076667
0 0.272500 0.770833 0.076250 0.090000
0 0.497812 0.068333 0.064375 0.086667
0 0.835000 0.622083 0.068750 0.080833
1 0.152812 0.662500 0.081875 0.096667
0 0.704688 0.272500 0.065625 0.081667
0 0.556875 0.573333 0.066250 0.088333
0 0.404062 0.952917 0.069375 0.079167
0 0.087500 0.089583 0.062500 0.085833
0 0.422500 0.665833 0.070000 0.088333
0 0.786250 0.184583 0.075000 0.087500
0 0.758437 0.748333 0.064375 0.093333
0 0.763437 0.082917 0.069375 0.089167
0 0.913438 0.622500 0.070625 0.066667
0 0.971562 0.913333 0.056875 0.076667
0 0.146563 0.097500 0.064375 0.086667
0 0.743750 0.388750 0.057500 0.077500
0 0.808438 0.672083 0.071875 0.085833
0 0.294063 0.595417 0.058125 0.072500
0 0.691875 0.197500 0.085000 0.100000
0 0.221562 0.045417 0.066875 0.089167
0 0.479063 0.842500 0.070625 0.090000
0 0.616250 0.389167 0.058750 0.076667
0 0.706875 0.787083 0.066250 0.080833
0 0.736875 0.570417 0.067500 0.094167
0 0.258437 0.652917 0.046875 0.070833
0 0.583750 0.957917 0.051250 0.084167
0 0.675937 0.679167 0.069375 0.096667
0 0.659062 0.430833 0.059375 0.083333
0 0.687187 0.580833 0.070625 0.095000
0 0.655000 0.516667 0.063750 0.076667
0 0.455313 0.313333 0.050625 0.070000
0 0.193750 0.273750 0.066250 0.082500
0 0.747188 0.708750 0.073125 0.079167
0 0.603750 0.758750 0.068750 0.094167
0 0.123750 0.581250 0.068750 0.100833
0 0.704688 0.053750 0.064375 0.095833
0 0.353750 0.573750 0.061250 0.079167
0 0.478438 0.050000 0.068125 0.078333
0 0.166563 0.240833 0.060625 0.100000
0 0.688750 0.124583 0.067500 0.085833
0 0.214062 0.699167 0.054375 0.078333
0 0.455313 0.247083 0.046875 0.069167
0 0.628750 0.788333 0.056250 0.065000
0 0.120625 0.618750 0.067500 0.080833
0 0.902813 0.925417 0.060625 0.079167
0 0.880625 0.826250 0.051250 0.069167
0 0.965313 0.041667 0.058125 0.068333
0 0.645938 0.704583 0.061875 0.067500
0 0.708125 0.627917 0.073750 0.069167
