0 0.575000 0.696250 0.071250 0.084167
0 0.104688 0.709583 0.063125 0.079167
0 0.285000 0.920833 0.063750 0.081667
0 0.766875 0.360000 0.068750 0.090000
0 0.137500 0.794583 0.063750 0.097500
0 0.845625 0.106667 0.070000 0.085000
0 0.300938 0.460000 0.069375 0.101667
0 0.925312 0.243333 0.070625 0.085000
0 0.101562 0.370000 0.066875 0.086667
0 0.402500 0.484167 0.066250 0.093333
0 0.848437 0.406250 0.070625 0.094167
0 0.619375 0.387083 0.058750 0.079167
0 0.860625 0.735000 0.061250 0.098333
0 0.277500 0.829167 0.060000 0.085000
0 0.940000 0.795000 0.062500 0.085000
0 0.777188 0.161667 0.061875 0.078333
0 0.794063 0.718750 0.061875 0.084167
0 0.068125 0.824583 0.070000 0.095833
0 0.690937 0.220833 0.065625 0.085000
0 0.275938 0.649167 0.068125 0.093333
0 0.455313 0.291250 0.068125 0.080833
0 0.382500 0.863333 0.066250 0.090000
0 0.517500 0.751250 0.062500 0.089167
0 0.221562 0.102917 0.073125 0.099167
0 0.917188 0.338750 0.064375 0.082500
0 0.778750 0.255833 0.068750 0.101667
0 0.329688 0.765833 0.068125 0.085000
0 0.728750 0.797083 0.067500 0.090833
0 0.205313 0.670000 0.068125 0.106667
0 0.620625 0.793333 0.063750 0.093333
0 0.132500 0.610833 0.071250 0.103333
0 0.566562 0.098333 0.068125 0.085000
0 0.685000 0.733333 0.066250 0.095000
0 0.814688 0.836250 0.061875 0.087500
0 0.678438 0.330000 0.066875 0.085000
0 0.642500 0.117500 0.060000 0.090000
0 0.449688 0.195417 0.068125 0.092500
0 0.530937 0.208333 0.066875 0.093333
0 0.536875 0.305417 0.066250 0.082500
0 0.385000 0.620000 0.077500 0.105000
0 0.450937 0.776667 0.069375 0.100000
0 0.268437 0.143750 0.068125 0.097500
0 0.465000 0.629167 0.068750 0.093333
0 0.690625 0.936250 0.056250 0.085833
0 0.583438 0.485417 0.064375 0.090833
0 0.569688 0.928333 0.064375 0.095000
0 0.301875 0.245417 0.068750 0.089167
0 0.229687 0.247083 0.065625 0.100833
0 0.840000 0.277500 0.077500 0.101667
0 0.085000 0.514583 0.063750 0.090833
0 0.710938 0.125000 0.076875 0.090000
0 0.800625 0.616667 0.073750 0.085000
0 0.485938 0.404583 0.069375 0.077500
0 0.115000 0.949583 0.068750 0.077500
0 0.084375 0.113333 0.068750 0.076667
0 0.847812 0.536667 0.058125 0.083333
0 0.226250 0.450833 0.063750 0.101667
0 0.926562 0.927917 0.058125 0.099167
0 0.211250 0.793750 0.071250 0.082500
0 0.756563 0.876667 0.068125 0.100000
0 0.371250 0.247917 0.052500 0.097500
0 0.470938 0.526250 0.071875 0.107500
0 0.696562 0.545417 0.061875 0.090833
0 0.822500 0.923333 0.065000 0.078333
0 0.653125 0.632500 0.067500 0.073333
0 0.780000 0.487917 0.060000 0.087500
0 0.169375 0.297917 0.052500 0.089167
0 0.573750 0.600417 0.068750 0.072500
0 0.865000 0.931667 0.058750 0.075000
0 0.736250 0.447083 0.057500 0.084167
0 0.496250 0.955000 0.066250 0.088333
0 0.957812 0.049167 0.069375 0.093333
0 0.920625 0.443333 0.073750 0.098333
0 0.966562 0.562917 0.065625 0.095833
0 0.338125 0.957917 0.068750 0.082500
0 0.142187 0.050417 0.071875 0.085833
0 0.323125 0.179167 0.070000 0.078333
0 0.188750 0.905833 0.068750 0.086667
1 0.727187 0.619583 0.051875 0.084167
0 0.031875 0.635417 0.061250 0.082500
0 0.811250 0.533333 0.062500 0.056667
0 0.160000 0.416250 0.053750 0.077500
