0 0.718437 0.483333 0.060625 0.075000
0 0.207187 0.129583 0.068125 0.090833
0 0.908438 0.555833 0.063125 0.085000
0 0.231563 0.479167 0.065625 0.083333
0 0.864375 0.162083 0.067500 0.080833
0 0.570000 0.879167 0.060000 0.078333
0 0.922500 0.359583 0.063750 0.075833
0 0.760000 0.107500 0.063750 0.086667
0 0.172813 0.215417 0.065625 0.085833
0 0.841875 0.277917 0.063750 0.080833
0 0.108438 0.150000 0.059375 0.075000
0 0.405000 0.734167 0.063750 0.078333
0 0.969688 0.723333 0.060625 0.086667
0 0.172813 0.766667 0.070625 0.083333
0 0.589688 0.537500 0.063125 0.073333
0 0.178437 0.585833 0.076875 0.086667
0 0.588437 0.769583 0.060625 0.077500
0 0.166250 0.428750 0.046250 0.067500
0 0.269062 0.662083 0.065625 0.085833
0 0.258125 0.339583 0.063750 0.084167
0 0.318437 0.208333 0.061875 0.085000
0 0.329688 0.545417 0.063125 0.094167
0 0.524687 0.725417 0.063125 0.084167
0 0.546250 0.249583 0.067500 0.094167
0 0.436250 0.395417 0.073750 0.080833
0 0.360000 0.902917 0.070000 0.092500
0 0.519687 0.380417 0.069375 0.090833
0 0.374375 0.809167 0.073750 0.080000
0 0.466250 0.790833 0.065000 0.080000
0 0.589375 0.150833 0.073750 0.100000
0 0.950313 0.500417 0.064375 0.084167
0 0.651563 0.782917 0.056875 0.080833
0 0.498437 0.077083 0.070625 0.095833
0 0.877500 0.863750 0.062500 0.075833
0 0.464687 0.650417 0.070625 0.085833
4 0.777813 0.776250 0.068125 0.109167
4 0.649687 0.077500 0.085625 0.113333
0 0.071875 0.404583 0.075000 0.092500
0 0.720625 0.772500 0.072500 0.083333
0 0.914375 0.775417 0.058750 0.089167
0 0.315625 0.407083 0.068750 0.089167
0 0.807500 0.411250 0.073750 0.085833
0 0.654062 0.383333 0.070625 0.093333
0 0.569688 0.055417 0.073125 0.090833
0 0.492500 0.229167 0.057500 0.085000
0 0.782188 0.570417 0.074375 0.089167
0 0.298125 0.845833 0.061250 0.083333
0 0.950313 0.172917 0.076875 0.085833
0 0.748125 0.398750 0.061250 0.084167
0 0.946875 0.262500 0.063750 0.080000
0 0.707812 0.355000 0.058125 0.086667
0 0.134063 0.351250 0.078125 0.099167
0 0.654062 0.507500 0.064375 0.080000
0 0.141250 0.507083 0.068750 0.089167
0 0.455313 0.140417 0.056875 0.072500
0 0.430937 0.510000 0.066875 0.086667
0 0.389062 0.195000 0.075625 0.083333
0 0.825313 0.359167 0.079375 0.086667
0 0.315312 0.302500 0.060625 0.078333
0 0.046250 0.094583 0.071250 0.077500
0 0.826562 0.911667 0.056875 0.086667
0 0.902500 0.289167 0.062500 0.091667
0 0.172187 0.663750 0.051875 0.069167
0 0.823125 0.654167 0.055000 0.075000
0 0.888437 0.934167 0.069375 0.086667
0 0.619062 0.448750 0.069375 0.070833
0 0.769375 0.662917 0.062500 0.097500
0 0.243125 0.769167 0.062500 0.081667
0 0.084062 0.477917 0.054375 0.079167
0 0.396875 0.150833 0.061250 0.081667
0 0.398438 0.357500 0.073125 0.095000
0 0.723125 0.705000 0.055000 0.081667
0 0.427187 0.305833 0.071875 0.086667
0 0.083750 0.879583 0.053750 0.072500
0 0.388125 0.260417 0.053750 0.075833
0 0.237187 0.842083 0.060625 0.064167
0 0.038437 0.839167 0.051875 0.080000
0 0.457813 0.548333 0.061875 0.085000
0 0.519375 0.659167 0.061250 0.075000
0 0.220938 0.407917 0.058125 0.085833
0 0.668438 0.915000 0.066875 0.083333
0 0.553750 0.472083 0.065000 0.064167
0 0.057188 0.686250 0.058125 0.074167
0 0.052500 0.771667 0.062500 0.073333
0 0.392813 0.526667 0.058125 0.086667
0 0.417812 0.601667 0.048125 0.073333
0 0.036250 0.474167 0.055000 0.068333
0 0.041875 0.930833 0.061250 0.086667
0 0.070000 0.957500 0.061250 0.080000
0 0.114062 0.381250 0.058125 0.079167
