0 0.054062 0.598750 0.065625 0.087500
0 0.552188 0.693750 0.059375 0.077500
0 0.438125 0.389583 0.065000 0.102500
0 0.813750 0.295417 0.076250 0.099167
0 0.380312 0.329583 0.076875 0.109167
0 0.328125 0.100000 0.075000 0.091667
0 0.472187 0.195417 0.069375 0.089167
0 0.150000 0.111250 0.065000 0.084167
0 0.675625 0.418750 0.076250 0.095833
0 0.095312 0.070417 0.070625 0.095833
0 0.478438 0.630417 0.073125 0.102500
0 0.608750 0.662917 0.073750 0.100833
0 0.760000 0.957083 0.070000 0.085833
0 0.398125 0.774167 0.056250 0.076667
0 0.849688 0.070417 0.063125 0.095833
0 0.191250 0.227917 0.056250 0.077500
0 0.266562 0.836667 0.064375 0.088333
0 0.396875 0.089583 0.063750 0.082500
0 0.604375 0.360417 0.060000 0.085833
0 0.546250 0.598333 0.063750 0.085000
1 0.710000 0.178333 0.071250 0.095000
0 0.590000 0.567083 0.073750 0.104167
0 0.698750 0.725833 0.072500 0.098333
0 0.337500 0.238750 0.072500 0.090833
1 0.085000 0.500833 0.072500 0.115000
0 0.493750 0.720417 0.061250 0.085833
0 0.965625 0.546250 0.051250 0.070833
0 0.790312 0.210417 0.060625 0.074167
0 0.840000 0.762917 0.053750 0.082500
0 0.811250 0.562500 0.052500 0.083333
0 0.050937 0.326250 0.066875 0.080833
0 0.244688 0.750000 0.068125 0.080000
0 0.793125 0.850833 0.070000 0.091667
0 0.194062 0.337917 0.059375 0.075833
0 0.368750 0.544583 0.057500 0.082500
0 0.323125 0.495000 0.061250 0.075000
0 0.468750 0.764167 0.067500 0.073333
0 0.315312 0.319583 0.061875 0.077500
0 0.073438 0.950417 0.064375 0.090833
0 0.727500 0.324167 0.067500 0.088333
0 0.517188 0.044167 0.066875 0.080000
0 0.701562 0.479583 0.068125 0.085833
0 0.504687 0.412083 0.073125 0.085833
0 0.290312 0.580000 0.071875 0.090000
0 0.843437 0.478333 0.071875 0.071667
0 0.768750 0.699583 0.057500 0.079167
0 0.452188 0.525000 0.055625 0.080000
0 0.905937 0.041667 0.046875 0.068333
0 0.890938 0.431250 0.063125 0.064167
0 0.034063 0.109167 0.066875 0.081667
0 0.250625 0.525417 0.062500 0.067500
0 0.129688 0.846250 0.055625 0.067500
0 0.720938 0.055417 0.059375 0.072500
0 0.276875 0.165417 0.055000 0.074167
0 0.963125 0.630833 0.065000 0.075000
0 0.063750 0.687083 0.070000 0.082500
0 0.097187 0.354167 0.051875 0.061667
0 0.815312 0.152083 0.064375 0.072500
0 0.759687 0.447500 0.055625 0.075000
0 0.319375 0.740833 0.055000 0.073333
0 0.896563 0.580000 0.061875 0.086667
0 0.416875 0.567500 0.052500 0.073333
0 0.521250 0.495833 0.060000 0.078333
0 0.545937 0.170833 0.066875 0.073333
0 0.202500 0.801667 0.062500 0.088333
0 0.894062 0.635417 0.056875 0.074167
0 0.629375 0.256667 0.058750 0.076667
0 0.891875 0.118333 0.067500 0.076667
0 0.584063 0.101250 0.050625 0.074167
0 0.192188 0.046667 0.068125 0.075000
0 0.765000 0.595000 0.053750 0.071667
0 0.153125 0.617500 0.051250 0.075000
0 0.688438 0.100417 0.063125 0.059167
0 0.951562 0.466667 0.058125 0.068333
0 0.794063 0.921667 0.066875 0.086667
0 0.422812 0.922917 0.050625 0.070833
1 0.912500 0.205833 0.087500 0.090000
0 0.854062 0.238750 0.053125 0.077500
0 0.723750 0.651250 0.056250 0.079167
0 0.959688 0.038333 0.054375 0.070000
0 0.611250 0.192500 0.055000 0.065000
0 0.723750 0.566667 0.056250 0.075000
0 0.667188 0.562917 0.059375 0.067500
0 0.080312 0.765000 0.050625 0.063333
0 0.225312 0.883333 0.056875 0.075000
0 0.497500 0.329167 0.056250 0.065000
0 0.898125 0.959167 0.057500 0.081667
0 0.939063 0.646250 0.054375 0.064167
0 0.921250 0.522083 0.041250 0.074167
0 0.614688 0.340000 0.056875 0.080000
0 0.558750 0.247500 0.050000 0.071667
0 0.302812 0.687500 0.055625 0.070000
0 0.175625 0.726250 0.062500 0.059167
0 0.160938 0.799583 0.049375 0.077500
0 0.074375 0.414583 0.061250 0.062500
0 0.449688 0.114167 0.049375 0.070000
0 0.398125 0.184167 0.062500 0.058333
0 0.659375 0.193750 0.050000 0.062500
0 0.682813 0.258750 0.050625 0.079167
0 0.669063 0.331667 0.046875 0.055000
0 0.637500 0.615417 0.053750 0.075833
0 0.119063 0.184167 0.050625 0.073333
0 0.484687 0.845000 0.048125 0.073333
1 0.489375 0.896250 0.083750 0.119167
0 0.195312 0.252083 0.059375 0.077500
1 0.656250 0.536250 0.072500 0.052500
