0 0.932500 0.467917 0.065000 0.090833
0 0.276875 0.388333 0.063750 0.083333
0 0.651875 0.118333 0.066250 0.108333
0 0.250000 0.308750 0.065000 0.090833
0 0.427500 0.078750 0.066250 0.084167
0 0.947500 0.838333 0.047500 0.085000
0 0.520312 0.449583 0.061875 0.089167
0 0.287813 0.235417 0.060625 0.085833
0 0.866250 0.449167 0.060000 0.085000
0 0.773125 0.727083 0.070000 0.094167
0 0.184062 0.262083 0.076875 0.094167
0 0.483125 0.829167 0.063750 0.086667
0 0.398125 0.364167 0.060000 0.088333
0 0.314375 0.116250 0.071250 0.089167
0 0.767188 0.662917 0.063125 0.090833
0 0.201563 0.916667 0.061875 0.091667
0 0.788750 0.825417 0.060000 0.089167
0 0.861563 0.538750 0.066875 0.085833
0 0.774687 0.525833 0.065625 0.100000
0 0.806250 0.907500 0.066250 0.081667
0 0.336875 0.306667 0.048750 0.083333
0 0.956562 0.745417 0.059375 0.070833
0 0.457813 0.162500 0.061875 0.080000
0 0.540625 0.904583 0.057500 0.105833
0 0.732187 0.341667 0.064375 0.085000
0 0.542813 0.765000 0.059375 0.096667
0 0.524687 0.228333 0.061875 0.106667
0 0.585938 0.455833 0.060625 0.076667
0 0.388437 0.149167 0.059375 0.075000
0 0.307188 0.777500 0.056875 0.071667
0 0.298750 0.466667 0.067500 0.083333
0 0.116250 0.718333 0.066250 0.086667
0 0.505000 0.542500 0.067500 0.081667
0 0.711250 0.468750 0.063750 0.095833
0 0.890000 0.793333 0.057500 0.075000
0 0.960313 0.542500 0.064375 0.078333
0 0.725625 0.084167 0.062500 0.081667
0 0.277187 0.142500 0.063125 0.083333
0 0.596250 0.702500 0.057500 0.090000
0 0.590000 0.955833 0.057500 0.085000
0 0.830625 0.347500 0.050000 0.078333
0 0.373125 0.221667 0.067500 0.080000
0 0.269688 0.901667 0.066875 0.093333
0 0.413750 0.837083 0.052500 0.089167
0 0.040000 0.371250 0.065000 0.084167
0 0.096875 0.618333 0.065000 0.086667
0 0.139063 0.339167 0.060625 0.083333
0 0.034375 0.172083 0.062500 0.090833
0 0.685000 0.713750 0.067500 0.084167
0 0.911563 0.106667 0.070625 0.088333
0 0.610938 0.575833 0.068125 0.080000
0 0.157500 0.869167 0.071250 0.076667
0 0.043750 0.271667 0.067500 0.078333
0 0.659375 0.465000 0.062500 0.080000
0 0.803438 0.422917 0.055625 0.087500
0 0.111875 0.664583 0.078750 0.080833
0 0.835313 0.577917 0.060625 0.082500
0 0.580625 0.545833 0.061250 0.070000
0 0.452813 0.229167 0.071875 0.101667
0 0.027813 0.471250 0.055625 0.097500
0 0.669687 0.280833 0.050625 0.071667
0 0.217188 0.753750 0.059375 0.080833
0 0.614688 0.498333 0.060625 0.060000
0 0.686250 0.422917 0.068750 0.089167
1 0.374375 0.830000 0.080000 0.113333
0 0.194062 0.437500 0.045625 0.066667
0 0.252188 0.678333 0.055625 0.068333
0 0.065000 0.359583 0.063750 0.072500
0 0.727187 0.049167 0.054375 0.068333
0 0.381250 0.179167 0.048750 0.088333
0 0.444375 0.263750 0.057500 0.067500
0 0.442188 0.297917 0.050625 0.085833
0 0.356563 0.309583 0.061875 0.067500
0 0.107188 0.760000 0.056875 0.083333
0 0.231250 0.760833 0.051250 0.090000
0 0.246562 0.731667 0.064375 0.080000
0 0.296250 0.810417 0.058750 0.089167
0 0.279062 0.862917 0.053125 0.079167
0 0.026250 0.873750 0.052500 0.085833
0 0.698750 0.740833 0.057500 0.095000
0 0.516563 0.586667 0.058125 0.068333
0 0.498750 0.624583 0.060000 0.072500
0 0.888750 0.823333 0.053750 0.081667
0 0.580937 0.657917 0.055625 0.082500
0 0.548438 0.786250 0.051875 0.072500
0 0.655937 0.308750 0.063125 0.069167
0 0.823750 0.375417 0.061250 0.087500
0 0.839375 0.615417 0.056250 0.090833
