0 0.930312 0.114583 0.064375 0.089167
0 0.696250 0.221667 0.070000 0.086667
0 0.627812 0.371250 0.075625 0.102500
0 0.884062 0.434167 0.064375 0.101667
0 0.628750 0.460833 0.065000 0.081667
0 0.249688 0.112500 0.070625 0.093333
0 0.842187 0.312917 0.060625 0.089167
0 0.494688 0.710417 0.061875 0.079167
0 0.191250 0.892917 0.080000 0.087500
0 0.181562 0.579583 0.069375 0.094167
0 0.219375 0.377500 0.072500 0.085000
0 0.921562 0.687917 0.073125 0.095833
0 0.225625 0.943750 0.071250 0.090833
0 0.451562 0.952500 0.064375 0.090000
0 0.702812 0.555833 0.060625 0.071667
0 0.144063 0.514583 0.060625 0.090833
0 0.212500 0.762083 0.060000 0.077500
0 0.477812 0.496667 0.070625 0.088333
0 0.665000 0.122500 0.068750 0.090000
0 0.825625 0.870000 0.063750 0.080000
0 0.701562 0.478333 0.063125 0.098333
0 0.810625 0.250833 0.062500 0.076667
0 0.292500 0.660833 0.061250 0.086667
0 0.156875 0.428750 0.065000 0.082500
0 0.317188 0.102083 0.061875 0.074167
0 0.143437 0.743333 0.061875 0.081667
0 0.830313 0.144167 0.055625 0.080000
0 0.353438 0.920833 0.058125 0.090000
0 0.518125 0.156667 0.068750 0.091667
0 0.279687 0.738333 0.068125 0.075000
0 0.443125 0.826667 0.057500 0.073333
0 0.755938 0.862083 0.065625 0.077500
0 0.283438 0.453750 0.058125 0.087500
0 0.779687 0.517500 0.063125 0.075000
0 0.664687 0.782083 0.063125 0.089167
0 0.407187 0.167083 0.066875 0.072500
0 0.058125 0.231250 0.061250 0.084167
0 0.348750 0.439583 0.062500 0.080833
0 0.243125 0.224583 0.061250 0.084167
0 0.357187 0.523333 0.075625 0.086667
0 0.404687 0.618333 0.058125 0.083333
0 0.352187 0.363333 0.056875 0.071667
0 0.510000 0.913750 0.055000 0.090833
0 0.052500 0.352917 0.066250 0.084167
0 0.905312 0.510417 0.054375 0.072500
0 0.055000 0.550417 0.061250 0.079167
0 0.083125 0.725417 0.053750 0.072500
0 0.780625 0.659167 0.065000 0.076667
0 0.584688 0.253333 0.054375 0.085000
0 0.723437 0.079167 0.061875 0.103333
0 0.587187 0.694583 0.061875 0.065833
0 0.289062 0.564167 0.054375 0.076667
3 0.108750 0.102917 0.073750 0.122500
0 0.963437 0.459167 0.066875 0.083333
0 0.625000 0.202917 0.053750 0.077500
0 0.295625 0.370000 0.053750 0.088333
0 0.890312 0.594167 0.065625 0.085000
0 0.060000 0.790833 0.061250 0.076667
0 0.535625 0.815417 0.047500 0.075833
0 0.233750 0.549583 0.050000 0.072500
0 0.428125 0.293750 0.060000 0.089167
0 0.655000 0.591667 0.060000 0.073333
0 0.485625 0.795833 0.052500 0.075000
0 0.581875 0.655833 0.048750 0.071667
0 0.553750 0.342083 0.051250 0.077500
0 0.420312 0.752917 0.064375 0.072500
0 0.856875 0.630000 0.058750 0.076667
0 0.124375 0.960000 0.063750 0.078333
0 0.484687 0.101250 0.050625 0.080833
0 0.507500 0.311250 0.052500 0.067500
0 0.745313 0.441250 0.055625 0.067500
0 0.574063 0.130417 0.056875 0.065833
0 0.553125 0.893750 0.052500 0.079167
0 0.767813 0.384583 0.044375 0.134167
0 0.889062 0.291250 0.039375 0.077500
1 0.351250 0.302917 0.090000 0.089167
0 0.454688 0.407917 0.060625 0.059167
0 0.970313 0.272500 0.059375 0.098333
0 0.638437 0.035833 0.059375 0.070000
0 0.459062 0.032917 0.051875 0.062500
0 0.356875 0.219583 0.057500 0.062500
0 0.399062 0.247917 0.064375 0.080833
0 0.516250 0.230000 0.056250 0.066667
0 0.487187 0.257500 0.055625 0.120000
0 0.571250 0.187083 0.053750 0.055833
0 0.968125 0.963333 0.057500 0.073333
