0 0.074688 0.671250 0.074375 0.094167
0 0.503750 0.826250 0.063750 0.084167
0 0.190625 0.159583 0.061250 0.089167
0 0.141563 0.278333 0.068125 0.093333
0 0.353125 0.768333 0.067500 0.095000
0 0.398750 0.599167 0.055000 0.078333
0 0.401875 0.422083 0.071250 0.095833
0 0.895000 0.560417 0.070000 0.089167
0 0.257812 0.505833 0.060625 0.095000
0 0.120938 0.060417 0.054375 0.090833
0 0.879062 0.730000 0.061875 0.086667
0 0.670625 0.178750 0.062500 0.075833
0 0.506563 0.745833 0.065625 0.083333
0 0.222188 0.290417 0.075625 0.094167
0 0.544375 0.097917 0.062500 0.087500
0 0.161875 0.837083 0.063750 0.094167
0 0.161250 0.442500 0.070000 0.100000
0 0.865000 0.847083 0.066250 0.082500
0 0.568438 0.593333 0.060625 0.090000
0 0.185312 0.720417 0.069375 0.090833
0 0.219062 0.410833 0.058125 0.090000
0 0.534062 0.248750 0.076875 0.104167
0 0.772813 0.687917 0.061875 0.090833
6 0.575937 0.343750 0.068125 0.090833
0 0.672813 0.600833 0.068125 0.088333
0 0.890312 0.165000 0.074375 0.078333
0 0.045625 0.558750 0.071250 0.099167
1 0.278125 0.349167 0.078750 0.105000
0 0.709063 0.827917 0.074375 0.095833
0 0.831562 0.467917 0.065625 0.084167
0 0.725000 0.485000 0.061250 0.086667
0 0.918125 0.285000 0.065000 0.083333
0 0.239375 0.891250 0.075000 0.099167
0 0.355000 0.600000 0.056250 0.093333
4 0.912813 0.662500 0.079375 0.110000
3 0.074375 0.387083 0.090000 0.119167
0 0.703750 0.282083 0.066250 0.080833
0 0.940000 0.911667 0.066250 0.108333
0 0.720313 0.945417 0.065625 0.077500
0 0.895938 0.341667 0.063125 0.068333
0 0.484687 0.068750 0.059375 0.107500
0 0.805937 0.451667 0.070625 0.091667
0 0.531563 0.462917 0.055625 0.077500
0 0.898438 0.064583 0.050625 0.084167
0 0.577812 0.414583 0.066875 0.080833
0 0.639062 0.268750 0.063125 0.075833
0 0.854688 0.097917 0.050625 0.075833
0 0.963750 0.422917 0.058750 0.099167
0 0.051875 0.230417 0.077500 0.072500
0 0.530937 0.547500 0.055625 0.096667
0 0.034063 0.953333 0.066875 0.083333
0 0.917813 0.456667 0.098125 0.081667
0 0.371875 0.934583 0.048750 0.109167
0 0.681250 0.125000 0.073750 0.076667
