0 0.539687 0.598750 0.058125 0.080833
0 0.919063 0.380000 0.059375 0.090000
0 0.318750 0.612500 0.080000 0.086667
0 0.290312 0.699167 0.066875 0.090000
0 0.443750 0.607083 0.066250 0.089167
0 0.719063 0.111250 0.066875 0.100833
0 0.651250 0.258333 0.062500 0.093333
0 0.072500 0.169583 0.065000 0.087500
0 0.229375 0.607917 0.063750 0.084167
0 0.800625 0.529167 0.065000 0.085000
0 0.696562 0.656667 0.071875 0.103333
0 0.082187 0.689583 0.058125 0.080833
0 0.180625 0.787917 0.075000 0.084167
0 0.664062 0.865833 0.068125 0.086667
0 0.508125 0.669167 0.071250 0.091667
0 0.130625 0.655417 0.058750 0.079167
0 0.519687 0.349583 0.070625 0.085833
0 0.725000 0.270000 0.071250 0.081667
0 0.881563 0.724167 0.078125 0.091667
0 0.210625 0.483333 0.056250 0.103333
0 0.208437 0.315833 0.064375 0.075000
0 0.631563 0.369583 0.069375 0.097500
0 0.195312 0.937500 0.070625 0.078333
0 0.640312 0.697917 0.058125 0.090833
0 0.100937 0.361250 0.069375 0.090833
0 0.720000 0.499583 0.070000 0.089167
0 0.752812 0.200000 0.061875 0.083333
0 0.947812 0.756250 0.056875 0.072500
1 0.268125 0.420417 0.086250 0.115833
0 0.630625 0.944583 0.072500 0.097500
0 0.145937 0.732917 0.069375 0.077500
0 0.430625 0.425833 0.067500 0.095000
3 0.922500 0.852083 0.082500 0.109167
0 0.156875 0.512500 0.058750 0.078333
0 0.829375 0.379583 0.070000 0.095833
0 0.695000 0.785833 0.075000 0.106667
0 0.510625 0.802500 0.068750 0.088333
3 0.546875 0.152917 0.093750 0.105833
0 0.126562 0.574167 0.061875 0.070000
0 0.109687 0.498333 0.069375 0.088333
0 0.917813 0.668333 0.059375 0.078333
0 0.312812 0.124583 0.064375 0.080833
0 0.545000 0.849583 0.067500 0.089167
0 0.482812 0.284583 0.066875 0.079167
0 0.158125 0.249583 0.066250 0.084167
0 0.192500 0.190000 0.075000 0.105000
0 0.210938 0.243750 0.069375 0.082500
0 0.745313 0.800417 0.079375 0.080833
0 0.264062 0.094583 0.060625 0.075833
0 0.200000 0.859167 0.073750 0.083333
0 0.966562 0.629167 0.053125 0.085000
0 0.868125 0.605000 0.058750 0.076667
0 0.355000 0.397500 0.076250 0.078333
0 0.512813 0.260417 0.051875 0.080833
0 0.844688 0.615833 0.076875 0.076667
0 0.550000 0.910833 0.058750 0.086667
3 0.366250 0.469583 0.101250 0.092500
0 0.030937 0.091667 0.059375 0.096667
0 0.967812 0.550000 0.064375 0.080000
0 0.144063 0.886250 0.083125 0.069167
