0 0.424063 0.814583 0.073125 0.090833
0 0.117500 0.074167 0.067500 0.088333
0 0.655000 0.539167 0.070000 0.091667
0 0.171875 0.370417 0.056250 0.090833
0 0.464687 0.154583 0.071875 0.092500
0 0.898438 0.306667 0.063125 0.088333
0 0.865313 0.112083 0.071875 0.100833
0 0.484687 0.058750 0.073125 0.089167
0 0.294375 0.144583 0.066250 0.075833
0 0.383750 0.078333 0.067500 0.103333
0 0.250000 0.584167 0.071250 0.078333
0 0.749687 0.233750 0.070625 0.087500
0 0.175625 0.591250 0.062500 0.095833
0 0.173750 0.926667 0.067500 0.106667
0 0.727500 0.270417 0.070000 0.102500
0 0.238125 0.355417 0.070000 0.104167
0 0.560937 0.307083 0.068125 0.094167
0 0.344375 0.295417 0.071250 0.084167
0 0.845625 0.250833 0.067500 0.093333
0 0.106250 0.930000 0.065000 0.083333
0 0.821250 0.209583 0.062500 0.087500
0 0.321562 0.581667 0.063125 0.105000
0 0.722812 0.374167 0.070625 0.090000
0 0.375625 0.536250 0.068750 0.089167
0 0.181562 0.782917 0.071875 0.080833
0 0.738750 0.580000 0.057500 0.093333
0 0.261250 0.812500 0.080000 0.061667
0 0.315000 0.216667 0.075000 0.081667
0 0.292812 0.884167 0.068125 0.095000
0 0.756250 0.150417 0.075000 0.079167
0 0.738750 0.477083 0.065000 0.094167
0 0.566250 0.545000 0.073750 0.075000
0 0.114687 0.685417 0.059375 0.110833
0 0.902188 0.470000 0.070625 0.093333
0 0.685312 0.328333 0.069375 0.098333
0 0.610938 0.342917 0.071875 0.102500
0 0.361875 0.637500 0.062500 0.105000
0 0.223750 0.106667 0.070000 0.086667
0 0.351250 0.899167 0.075000 0.100000
0 0.545312 0.612500 0.084375 0.081667
0 0.885625 0.860833 0.068750 0.095000
0 0.169687 0.694583 0.063125 0.112500
0 0.791562 0.617917 0.065625 0.100833
0 0.840000 0.828750 0.065000 0.099167
0 0.880313 0.514583 0.061875 0.104167
0 0.032500 0.097917 0.063750 0.094167
0 0.599688 0.242500 0.074375 0.086667
0 0.270625 0.754167 0.096250 0.075000
0 0.829375 0.530417 0.063750 0.070833
0 0.835938 0.597083 0.083125 0.097500
0 0.065625 0.690417 0.048750 0.132500
0 0.298750 0.709167 0.088750 0.078333
0 0.855000 0.400833 0.052500 0.096667
0 0.499688 0.393333 0.055625 0.100000
0 0.231250 0.693333 0.071250 0.106667
0 0.748437 0.057500 0.071875 0.091667
0 0.280938 0.640417 0.086875 0.072500
