0 0.500313 0.868750 0.060625 0.079167
0 0.220000 0.671667 0.062500 0.103333
0 0.087188 0.614583 0.071875 0.102500
0 0.451562 0.186250 0.073125 0.094167
0 0.672813 0.542083 0.060625 0.090833
0 0.566562 0.282500 0.066875 0.101667
0 0.061875 0.509167 0.073750 0.098333
0 0.853125 0.090000 0.072500 0.100000
0 0.626563 0.923750 0.065625 0.084167
0 0.421250 0.702083 0.061250 0.087500
0 0.270625 0.641250 0.068750 0.104167
0 0.833750 0.252917 0.062500 0.095833
0 0.280000 0.876250 0.065000 0.095833
0 0.535937 0.658333 0.068125 0.083333
3 0.235937 0.326667 0.080625 0.101667
0 0.244062 0.141667 0.071875 0.098333
0 0.339375 0.318333 0.072500 0.098333
0 0.470938 0.693333 0.055625 0.095000
0 0.861563 0.592083 0.063125 0.084167
0 0.809375 0.882500 0.088750 0.085000
0 0.464062 0.786250 0.086875 0.082500
0 0.142813 0.943333 0.065625 0.091667
0 0.210625 0.176250 0.067500 0.084167
0 0.820312 0.945000 0.070625 0.095000
0 0.574063 0.785417 0.070625 0.090833
0 0.637500 0.782917 0.061250 0.085833
0 0.395313 0.274167 0.073125 0.110000
0 0.244375 0.930833 0.082500 0.101667
0 0.254063 0.474167 0.056875 0.078333
0 0.074688 0.347500 0.063125 0.093333
0 0.714375 0.285833 0.062500 0.106667
0 0.073750 0.087917 0.075000 0.079167
0 0.613437 0.855417 0.083125 0.075833
0 0.880313 0.487083 0.078125 0.094167
0 0.960000 0.498333 0.068750 0.090000
0 0.809063 0.755417 0.079375 0.090833
0 0.721562 0.528750 0.055625 0.085833
0 0.824063 0.490833 0.065625 0.098333
0 0.415625 0.083333 0.072500 0.091667
3 0.781563 0.634167 0.106875 0.090000
0 0.384688 0.820417 0.078125 0.080833
0 0.782500 0.538750 0.082500 0.110833
0 0.203437 0.237917 0.123125 0.079167
0 0.963750 0.416667 0.063750 0.073333
0 0.033125 0.961250 0.055000 0.072500
0 0.755938 0.043333 0.069375 0.086667
0 0.514062 0.047083 0.069375 0.092500
