0 0.699063 0.650000 0.055625 0.090000
0 0.354375 0.335833 0.072500 0.098333
0 0.039375 0.785000 0.060000 0.081667
0 0.668750 0.505000 0.052500 0.093333
0 0.830000 0.217917 0.055000 0.082500
0 0.457500 0.117083 0.068750 0.080833
0 0.075938 0.873333 0.060625 0.096667
0 0.273438 0.075000 0.060625 0.071667
0 0.621875 0.536250 0.063750 0.085833
0 0.877188 0.575000 0.076875 0.093333
0 0.895938 0.190417 0.061875 0.077500
0 0.480000 0.580417 0.070000 0.097500
0 0.793750 0.434583 0.057500 0.090833
0 0.952812 0.095833 0.059375 0.080000
0 0.740625 0.131667 0.062500 0.073333
0 0.136875 0.895000 0.061250 0.075000
0 0.615938 0.210833 0.070625 0.083333
0 0.778750 0.250833 0.066250 0.115000
0 0.954063 0.904167 0.080625 0.101667
0 0.189688 0.701667 0.063125 0.065000
0 0.866250 0.920417 0.072500 0.099167
0 0.259375 0.140000 0.072500 0.068333
0 0.362187 0.646250 0.068125 0.094167
0 0.444375 0.322500 0.072500 0.101667
0 0.245000 0.330417 0.067500 0.099167
0 0.735938 0.600417 0.051875 0.085833
0 0.400625 0.160417 0.070000 0.084167
3 0.662500 0.084583 0.075000 0.107500
0 0.960313 0.711250 0.058125 0.089167
0 0.118750 0.811250 0.071250 0.087500
0 0.554688 0.357083 0.064375 0.105833
0 0.875938 0.537917 0.063125 0.085833
0 0.649375 0.604583 0.067500 0.085833
0 0.326875 0.206667 0.066250 0.070000
0 0.724688 0.517917 0.059375 0.089167
0 0.292187 0.810833 0.063125 0.095000
0 0.683750 0.245000 0.051250 0.075000
0 0.185000 0.135417 0.055000 0.074167
0 0.165937 0.842500 0.058125 0.075000
0 0.686562 0.336667 0.058125 0.083333
0 0.949688 0.822500 0.068125 0.058333
0 0.238750 0.832083 0.055000 0.090833
0 0.319063 0.535833 0.069375 0.090000
0 0.432812 0.043750 0.056875 0.070833
0 0.408750 0.703333 0.065000 0.101667
0 0.363750 0.765833 0.053750 0.071667
0 0.895938 0.268750 0.060625 0.082500
0 0.820312 0.872500 0.065625 0.080000
0 0.876250 0.338750 0.055000 0.075833
0 0.959688 0.739583 0.071875 0.092500
0 0.217812 0.097083 0.055625 0.079167
0 0.535312 0.049583 0.060625 0.080833
0 0.562500 0.168333 0.060000 0.078333
0 0.173437 0.370000 0.050625 0.076667
0 0.718437 0.894583 0.046875 0.082500
0 0.386250 0.101667 0.061250 0.065000
0 0.967812 0.217500 0.064375 0.073333
0 0.287187 0.907083 0.059375 0.070833
0 0.348125 0.921667 0.056250 0.070000
0 0.070312 0.301250 0.069375 0.104167
0 0.670937 0.172917 0.065625 0.087500
0 0.843125 0.424583 0.071250 0.082500
0 0.843750 0.067917 0.050000 0.097500
0 0.343750 0.247917 0.068750 0.080833
3 0.137187 0.733750 0.101875 0.102500
0 0.286250 0.467917 0.065000 0.085833
0 0.126250 0.394167 0.051250 0.068333
1 0.143750 0.545833 0.072500 0.131667
1 0.158125 0.438333 0.103750 0.095000
3 0.637813 0.298333 0.081875 0.126667
0 0.595000 0.604167 0.052500 0.100000
0 0.539062 0.575833 0.061875 0.095000
0 0.790312 0.581667 0.064375 0.066667
0 0.721875 0.186667 0.067500 0.071667
0 0.465313 0.436250 0.064375 0.080833
0 0.335313 0.693333 0.068125 0.078333
0 0.095937 0.276667 0.050625 0.078333
0 0.111562 0.345833 0.075625 0.081667
0 0.145937 0.040417 0.060625 0.079167
0 0.493437 0.385417 0.061875 0.064167
0 0.643125 0.415000 0.050000 0.070000
0 0.250000 0.409583 0.058750 0.062500
