0 0.685937 0.737917 0.075625 0.104167
0 0.523750 0.111250 0.071250 0.094167
0 0.444375 0.120000 0.066250 0.086667
0 0.454688 0.490833 0.069375 0.093333
0 0.527188 0.706250 0.069375 0.095833
0 0.573125 0.885417 0.061250 0.079167
0 0.920625 0.195000 0.072500 0.095000
0 0.716250 0.525833 0.072500 0.096667
0 0.869687 0.871250 0.079375 0.074167
0 0.470000 0.856667 0.076250 0.110000
0 0.121563 0.177500 0.070625 0.093333
0 0.405938 0.706250 0.073125 0.092500
0 0.705625 0.631250 0.068750 0.090833
0 0.624062 0.812500 0.060625 0.088333
0 0.240313 0.592083 0.068125 0.090833
0 0.556250 0.209167 0.078750 0.103333
0 0.738437 0.875417 0.076875 0.099167
0 0.891563 0.705000 0.074375 0.098333
0 0.289687 0.902083 0.073125 0.104167
0 0.312812 0.330417 0.068125 0.089167
0 0.790625 0.578333 0.068750 0.103333
0 0.352187 0.247500 0.071875 0.088333
0 0.771250 0.727917 0.067500 0.092500
0 0.140937 0.502917 0.068125 0.090833
0 0.112812 0.746667 0.070625 0.091667
0 0.224062 0.302083 0.084375 0.114167
0 0.134375 0.932917 0.072500 0.094167
0 0.105938 0.579167 0.061875 0.078333
0 0.804688 0.326250 0.084375 0.109167
0 0.181562 0.800000 0.076875 0.085000
0 0.559375 0.584167 0.060000 0.078333
0 0.626563 0.068333 0.078125 0.115000
0 0.459375 0.617500 0.096250 0.116667
0 0.777813 0.157917 0.071875 0.077500
0 0.398438 0.804167 0.061875 0.076667
0 0.834688 0.782917 0.064375 0.079167
0 0.057188 0.792083 0.065625 0.099167
0 0.191875 0.709583 0.078750 0.092500
0 0.347500 0.155833 0.077500 0.088333
0 0.116875 0.840833 0.077500 0.085000
0 0.507188 0.260000 0.074375 0.105000
0 0.751250 0.787500 0.052500 0.070000
0 0.360000 0.433333 0.072500 0.110000
0 0.346562 0.481667 0.069375 0.098333
0 0.939688 0.415417 0.054375 0.075833
0 0.732812 0.060833 0.065625 0.065000
0 0.934688 0.526250 0.099375 0.082500
0 0.198437 0.896667 0.061875 0.083333
0 0.725313 0.105833 0.064375 0.081667
6 0.596250 0.414583 0.097500 0.109167
