0 0.180000 0.566667 0.072500 0.105000
0 0.154062 0.925000 0.071875 0.096667
0 0.675312 0.349167 0.073125 0.093333
0 0.113437 0.499583 0.076875 0.100833
0 0.102500 0.350833 0.070000 0.096667
0 0.178437 0.202500 0.071875 0.096667
0 0.420938 0.405000 0.074375 0.105000
0 0.418750 0.700833 0.080000 0.096667
0 0.152500 0.372083 0.065000 0.104167
0 0.089688 0.691250 0.079375 0.090833
0 0.713125 0.925000 0.073750 0.108333
0 0.827812 0.082083 0.065625 0.107500
0 0.901563 0.113333 0.076875 0.091667
0 0.081562 0.915417 0.070625 0.100833
0 0.788125 0.577083 0.078750 0.100833
0 0.602187 0.938750 0.071875 0.104167
0 0.508750 0.891250 0.071250 0.089167
0 0.885312 0.565000 0.071875 0.105000
0 0.627812 0.844167 0.071875 0.101667
0 0.222812 0.869167 0.074375 0.100000
0 0.896875 0.721250 0.075000 0.099167
0 0.380000 0.118750 0.087500 0.095833
0 0.498125 0.178750 0.068750 0.092500
0 0.210938 0.231250 0.083125 0.084167
0 0.413125 0.309167 0.073750 0.090000
0 0.085000 0.603750 0.077500 0.094167
0 0.261562 0.494583 0.083125 0.105833
0 0.277187 0.195833 0.075625 0.098333
0 0.080625 0.080000 0.077500 0.096667
0 0.124688 0.781250 0.065625 0.092500
0 0.501875 0.564583 0.072500 0.104167
0 0.575313 0.485833 0.079375 0.095000
0 0.439063 0.180833 0.085625 0.105000
0 0.883125 0.847917 0.055000 0.107500
0 0.295938 0.924167 0.069375 0.091667
0 0.759375 0.192500 0.075000 0.105000
0 0.357812 0.870000 0.074375 0.096667
0 0.139687 0.811667 0.070625 0.095000
0 0.211562 0.358333 0.059375 0.108333
0 0.765625 0.680833 0.066250 0.090000
0 0.823438 0.693750 0.064375 0.089167
0 0.730000 0.653333 0.066250 0.096667
0 0.041563 0.084167 0.069375 0.106667
0 0.554688 0.107500 0.078125 0.100000
0 0.440625 0.942917 0.083750 0.077500
0 0.908125 0.245417 0.073750 0.099167
0 0.264375 0.284167 0.075000 0.106667
0 0.791875 0.942083 0.066250 0.100833
0 0.707187 0.068750 0.053125 0.109167
0 0.670000 0.612917 0.068750 0.092500
1 0.433750 0.505417 0.082500 0.127500
0 0.875000 0.170417 0.076250 0.090833
0 0.710000 0.575000 0.073750 0.090000
0 0.658750 0.091250 0.082500 0.110833
3 0.790625 0.802917 0.077500 0.124167
0 0.225000 0.517917 0.062500 0.074167
0 0.844375 0.622083 0.048750 0.070833
0 0.762813 0.775000 0.061875 0.105000
0 0.842812 0.780833 0.056875 0.098333
