0 0.526250 0.475833 0.073750 0.091667
0 0.350000 0.299583 0.053750 0.082500
0 0.843750 0.305833 0.073750 0.086667
0 0.779062 0.077500 0.071875 0.088333
0 0.073750 0.602917 0.067500 0.084167
0 0.636250 0.207500 0.065000 0.090000
0 0.383750 0.556250 0.075000 0.097500
0 0.360312 0.086250 0.076875 0.102500
0 0.509375 0.641667 0.060000 0.080000
0 0.840625 0.176667 0.075000 0.113333
0 0.072500 0.924583 0.061250 0.079167
0 0.697812 0.637083 0.074375 0.082500
0 0.254375 0.134583 0.072500 0.082500
0 0.674687 0.557917 0.078125 0.090833
0 0.859375 0.917917 0.066250 0.095833
0 0.447188 0.649583 0.079375 0.100833
0 0.393125 0.211667 0.058750 0.081667
0 0.244688 0.822500 0.074375 0.101667
0 0.792500 0.640417 0.082500 0.109167
0 0.676875 0.434167 0.082500 0.101667
0 0.321875 0.785833 0.078750 0.096667
0 0.777500 0.400417 0.078750 0.097500
0 0.747500 0.567083 0.075000 0.104167
0 0.546250 0.287917 0.063750 0.089167
0 0.323437 0.942083 0.066875 0.090833
0 0.037812 0.108750 0.073125 0.099167
0 0.121563 0.472083 0.084375 0.104167
0 0.709375 0.731250 0.071250 0.095833
0 0.259062 0.287500 0.069375 0.080000
0 0.546250 0.553750 0.065000 0.079167
0 0.394062 0.694583 0.060625 0.085833
0 0.605625 0.589167 0.071250 0.090000
0 0.310625 0.192083 0.067500 0.084167
0 0.266875 0.454583 0.070000 0.074167
0 0.283750 0.368750 0.063750 0.089167
0 0.854688 0.630833 0.056875 0.080000
0 0.328125 0.473333 0.068750 0.083333
0 0.329688 0.677500 0.081875 0.111667
0 0.902813 0.658750 0.064375 0.080833
0 0.466875 0.416250 0.063750 0.095833
0 0.053750 0.297083 0.077500 0.100833
0 0.762500 0.255000 0.078750 0.095000
0 0.458125 0.872500 0.060000 0.090000
0 0.317188 0.563333 0.074375 0.111667
0 0.847812 0.799583 0.066875 0.087500
0 0.217500 0.153750 0.066250 0.092500
0 0.569688 0.666667 0.073125 0.093333
0 0.822812 0.735833 0.076875 0.106667
0 0.185000 0.510833 0.075000 0.095000
0 0.930625 0.730417 0.067500 0.089167
0 0.110625 0.237500 0.077500 0.100000
0 0.407500 0.841667 0.045000 0.083333
0 0.896563 0.853333 0.074375 0.095000
0 0.933750 0.846250 0.071250 0.097500
0 0.684063 0.281667 0.080625 0.096667
0 0.314063 0.890833 0.058125 0.075000
0 0.183125 0.896250 0.076250 0.092500
0 0.290625 0.132500 0.066250 0.101667
0 0.436563 0.760833 0.070625 0.088333
0 0.599063 0.125000 0.073125 0.096667
0 0.638750 0.795000 0.072500 0.081667
0 0.589688 0.835417 0.079375 0.100833
0 0.513437 0.720833 0.074375 0.093333
0 0.234687 0.368750 0.048125 0.082500
0 0.188438 0.938750 0.079375 0.097500
0 0.736563 0.335417 0.055625 0.080833
0 0.774375 0.857500 0.070000 0.091667
0 0.946875 0.131250 0.075000 0.092500
0 0.185312 0.240417 0.064375 0.074167
0 0.626875 0.912500 0.072500 0.095000
0 0.533125 0.262500 0.072500 0.090000
0 0.235625 0.595000 0.073750 0.101667
0 0.239063 0.212500 0.066875 0.086667
0 0.526563 0.046667 0.053125 0.075000
0 0.960625 0.207500 0.058750 0.078333
0 0.915625 0.477500 0.057500 0.058333
1 0.267500 0.713750 0.080000 0.147500
0 0.706875 0.833333 0.075000 0.118333
0 0.650937 0.688750 0.056875 0.065833
0 0.131562 0.365417 0.078125 0.109167
0 0.972500 0.289167 0.055000 0.083333
0 0.039062 0.419167 0.056875 0.085000
0 0.625938 0.922500 0.060625 0.080000
2 0.549687 0.132083 0.081875 0.180833
1 0.745938 0.903750 0.131875 0.107500
0 0.965313 0.652917 0.069375 0.094167
0 0.150000 0.287083 0.053750 0.075833
0 0.542500 0.738750 0.062500 0.079167
0 0.462500 0.769583 0.077500 0.100833
0 0.516875 0.820417 0.076250 0.104167
0 0.517813 0.867917 0.071875 0.095833
0 0.604062 0.084167 0.086875 0.081667
0 0.570000 0.882083 0.075000 0.105833
