0 0.817813 0.318750 0.075625 0.102500
0 0.465313 0.169167 0.069375 0.098333
0 0.672188 0.136667 0.073125 0.091667
0 0.263125 0.135417 0.078750 0.109167
0 0.823438 0.774167 0.075625 0.096667
0 0.954063 0.781250 0.081875 0.100833
0 0.828438 0.594583 0.073125 0.095833
0 0.341875 0.459167 0.075000 0.101667
0 0.730938 0.286250 0.068125 0.090833
0 0.767500 0.629167 0.058750 0.083333
0 0.920312 0.449167 0.071875 0.098333
0 0.414687 0.343333 0.069375 0.093333
0 0.941562 0.946250 0.081875 0.099167
0 0.923750 0.143750 0.068750 0.095833
0 0.362500 0.647500 0.082500 0.098333
0 0.545937 0.096667 0.075625 0.103333
0 0.678125 0.754583 0.068750 0.092500
0 0.083437 0.894583 0.074375 0.110833
0 0.621563 0.076667 0.070625 0.096667
0 0.483438 0.929583 0.089375 0.105833
0 0.603437 0.175833 0.080625 0.101667
0 0.511563 0.829583 0.073125 0.089167
0 0.703750 0.649583 0.080000 0.104167
0 0.514375 0.584583 0.072500 0.095833
0 0.805000 0.884583 0.067500 0.090833
0 0.715313 0.553333 0.061875 0.090000
0 0.439688 0.659167 0.083125 0.106667
0 0.078750 0.744583 0.078750 0.102500
0 0.855625 0.106667 0.066250 0.111667
0 0.395625 0.188750 0.071250 0.090833
0 0.567187 0.447917 0.080625 0.112500
0 0.710313 0.428333 0.083125 0.115000
0 0.374688 0.045417 0.061875 0.082500
0 0.737812 0.115833 0.065625 0.096667
0 0.744375 0.951667 0.065000 0.086667
0 0.636250 0.545417 0.073750 0.097500
0 0.048438 0.361250 0.070625 0.097500
0 0.139687 0.459583 0.070625 0.090833
0 0.696250 0.890833 0.060000 0.083333
0 0.621563 0.937500 0.081875 0.098333
0 0.870625 0.854167 0.063750 0.085000
0 0.217188 0.766667 0.079375 0.096667
0 0.322188 0.515833 0.061875 0.103333
0 0.797813 0.159167 0.068125 0.098333
0 0.833438 0.181667 0.079375 0.106667
3 0.737187 0.713333 0.070625 0.085000
0 0.256563 0.538333 0.063125 0.116667
0 0.203437 0.538333 0.069375 0.138333
0 0.858750 0.919583 0.052500 0.070833
