0 0.929375 0.578750 0.072500 0.102500
0 0.291875 0.115833 0.075000 0.106667
0 0.790312 0.849583 0.075625 0.109167
0 0.655937 0.934583 0.065625 0.085833
0 0.730625 0.875417 0.065000 0.094167
0 0.831875 0.451667 0.067500 0.093333
0 0.064687 0.572500 0.071875 0.096667
0 0.717187 0.619583 0.078125 0.095833
0 0.488125 0.864583 0.072500 0.092500
0 0.229063 0.855833 0.065625 0.081667
0 0.452188 0.719167 0.070625 0.105000
0 0.412500 0.152083 0.075000 0.092500
0 0.138125 0.130417 0.067500 0.112500
0 0.273750 0.480000 0.070000 0.093333
0 0.473125 0.497083 0.076250 0.112500
0 0.417500 0.905833 0.068750 0.091667
0 0.950625 0.879583 0.072500 0.090833
0 0.615938 0.770000 0.078125 0.101667
0 0.654687 0.846250 0.064375 0.082500
0 0.710938 0.685417 0.080625 0.100833
0 0.546250 0.284583 0.061250 0.119167
0 0.498750 0.778750 0.076250 0.084167
0 0.538125 0.653333 0.086250 0.103333
0 0.411250 0.063750 0.090000 0.094167
0 0.219688 0.933750 0.070625 0.075833
0 0.718125 0.260000 0.071250 0.101667
3 0.574375 0.475833 0.072500 0.113333
0 0.663125 0.509167 0.075000 0.103333
0 0.583438 0.817083 0.079375 0.089167
0 0.706562 0.411250 0.066875 0.100833
0 0.695625 0.463750 0.093750 0.107500
0 0.032500 0.050000 0.065000 0.088333
