0 0.195937 0.267917 0.058125 0.085833
0 0.506250 0.200000 0.058750 0.080000
0 0.576562 0.342083 0.068125 0.092500
0 0.838437 0.400417 0.064375 0.082500
0 0.297500 0.910000 0.065000 0.081667
0 0.405000 0.872083 0.073750 0.094167
0 0.047188 0.311667 0.066875 0.083333
0 0.648125 0.253750 0.061250 0.082500
0 0.238750 0.340000 0.062500 0.086667
0 0.711562 0.828333 0.063125 0.086667
0 0.314375 0.343750 0.062500 0.087500
0 0.082187 0.413333 0.060625 0.093333
0 0.862500 0.196250 0.070000 0.085833
0 0.454688 0.601667 0.065625 0.078333
0 0.888125 0.677917 0.067500 0.077500
0 0.910312 0.309167 0.054375 0.091667
0 0.245000 0.525417 0.076250 0.075833
0 0.111250 0.952083 0.067500 0.084167
0 0.556562 0.435833 0.066875 0.090000
0 0.120938 0.759583 0.069375 0.080833
0 0.818750 0.905000 0.070000 0.093333
0 0.255000 0.210833 0.063750 0.076667
0 0.796250 0.805000 0.082500 0.076667
0 0.051250 0.883333 0.061250 0.081667
0 0.742812 0.263333 0.074375 0.080000
0 0.630313 0.408750 0.070625 0.084167
0 0.895625 0.447083 0.067500 0.075833
0 0.144063 0.232500 0.063125 0.083333
0 0.405000 0.442500 0.061250 0.080000
0 0.324688 0.266667 0.059375 0.080000
0 0.533125 0.068750 0.057500 0.080833
0 0.475625 0.685833 0.067500 0.081667
0 0.551562 0.253333 0.058125 0.070000
0 0.878437 0.522083 0.063125 0.077500
0 0.721562 0.677917 0.068125 0.085833
0 0.800625 0.078333 0.065000 0.090000
0 0.814375 0.493333 0.063750 0.080000
0 0.098125 0.684167 0.073750 0.078333
0 0.460938 0.051667 0.061875 0.086667
0 0.958438 0.918750 0.061875 0.095833
0 0.138750 0.610833 0.060000 0.091667
0 0.134063 0.832500 0.065625 0.071667
0 0.720313 0.576250 0.070625 0.087500
0 0.205000 0.401667 0.065000 0.071667
0 0.746875 0.339167 0.072500 0.083333
0 0.719063 0.178333 0.073125 0.075000
0 0.380312 0.061250 0.066875 0.085833
0 0.240625 0.617083 0.065000 0.084167
0 0.676562 0.700833 0.068125 0.085000
0 0.694063 0.071250 0.065625 0.072500
0 0.724063 0.486250 0.066875 0.069167
0 0.515938 0.475833 0.053125 0.088333
0 0.650625 0.472917 0.075000 0.094167
0 0.076875 0.591250 0.047500 0.095833
0 0.320625 0.572917 0.065000 0.072500
0 0.282500 0.672917 0.061250 0.094167
0 0.236875 0.452083 0.066250 0.079167
0 0.157188 0.888333 0.066875 0.076667
0 0.466250 0.486250 0.066250 0.095833
0 0.550625 0.590000 0.072500 0.095000
0 0.689688 0.142917 0.080625 0.082500
0 0.148125 0.435000 0.055000 0.106667
0 0.093438 0.137083 0.055625 0.099167
0 0.869375 0.309583 0.065000 0.087500
0 0.340625 0.617500 0.063750 0.068333
0 0.675000 0.550833 0.070000 0.088333
0 0.727187 0.420833 0.053125 0.088333
0 0.799063 0.421250 0.059375 0.092500
0 0.314063 0.705833 0.056875 0.085000
0 0.340938 0.054167 0.065625 0.088333
0 0.299687 0.424583 0.074375 0.097500
0 0.635938 0.039167 0.060625 0.075000
0 0.454375 0.341667 0.057500 0.090000
0 0.416875 0.957083 0.068750 0.084167
1 0.507812 0.283333 0.049375 0.085000
0 0.125625 0.142083 0.068750 0.070833
0 0.778750 0.106667 0.062500 0.065000
0 0.969375 0.242083 0.061250 0.075833
0 0.965625 0.810833 0.068750 0.073333
0 0.560625 0.535417 0.070000 0.060833
0 0.457500 0.292500 0.050000 0.085000
0 0.034375 0.569167 0.048750 0.080000
