0 0.264688 0.118333 0.069375 0.085000
0 0.629375 0.794167 0.076250 0.091667
0 0.508750 0.583333 0.078750 0.090000
0 0.779375 0.385000 0.063750 0.085000
0 0.197813 0.900833 0.073125 0.093333
0 0.083125 0.582917 0.071250 0.107500
0 0.460000 0.300417 0.060000 0.087500
0 0.797813 0.802500 0.073125 0.093333
0 0.612187 0.188750 0.065625 0.089167
0 0.767500 0.585000 0.053750 0.078333
0 0.164687 0.079167 0.074375 0.093333
0 0.445000 0.216667 0.066250 0.086667
0 0.652188 0.525000 0.064375 0.083333
0 0.561250 0.889583 0.061250 0.092500
0 0.598437 0.460000 0.071875 0.091667
0 0.912500 0.290417 0.062500 0.072500
0 0.564688 0.335000 0.073125 0.095000
0 0.458437 0.686667 0.066875 0.096667
6 0.215312 0.695833 0.071875 0.101667
0 0.675312 0.605417 0.068125 0.085833
0 0.255625 0.330833 0.058750 0.081667
0 0.105938 0.065833 0.045625 0.083333
0 0.417187 0.088750 0.068125 0.085833
0 0.208125 0.289167 0.061250 0.073333
0 0.435312 0.379167 0.059375 0.068333
0 0.123438 0.442917 0.060625 0.079167
0 0.098125 0.373333 0.066250 0.080000
0 0.865313 0.462500 0.054375 0.075000
3 0.392188 0.713333 0.080625 0.090000
0 0.691250 0.676250 0.065000 0.074167
0 0.915000 0.668750 0.065000 0.099167
0 0.339062 0.579583 0.069375 0.084167
0 0.180312 0.496250 0.055625 0.075833
0 0.904062 0.199167 0.064375 0.075000
0 0.827187 0.190000 0.060625 0.108333
0 0.262813 0.805833 0.056875 0.076667
0 0.192812 0.579167 0.060625 0.071667
0 0.067187 0.727917 0.058125 0.077500
0 0.377188 0.387083 0.055625 0.074167
0 0.745938 0.730417 0.064375 0.097500
0 0.738750 0.255833 0.057500 0.071667
0 0.522500 0.525833 0.070000 0.080000
0 0.304063 0.360000 0.061875 0.090000
0 0.143125 0.281250 0.058750 0.070833
0 0.892500 0.422917 0.063750 0.087500
0 0.345938 0.068333 0.054375 0.083333
0 0.335313 0.511250 0.059375 0.077500
0 0.725625 0.942083 0.073750 0.084167
0 0.638437 0.115417 0.056875 0.079167
0 0.698438 0.380417 0.060625 0.080833
0 0.774375 0.157083 0.051250 0.069167
0 0.950313 0.766250 0.066875 0.084167
0 0.860000 0.844583 0.051250 0.090833
0 0.413125 0.903750 0.057500 0.084167
0 0.285000 0.544167 0.053750 0.080000
0 0.864375 0.747917 0.061250 0.070833
0 0.394062 0.632500 0.054375 0.086667
0 0.402813 0.934167 0.063125 0.085000
0 0.531563 0.244583 0.068125 0.084167
0 0.833750 0.713333 0.060000 0.090000
0 0.339375 0.660000 0.063750 0.073333
0 0.247500 0.622500 0.056250 0.070000
0 0.094687 0.862917 0.058125 0.115833
0 0.963750 0.604167 0.071250 0.105000
0 0.093125 0.789583 0.070000 0.082500
0 0.624062 0.390833 0.044375 0.066667
0 0.795625 0.905833 0.062500 0.095000
0 0.461562 0.528750 0.059375 0.077500
0 0.724688 0.861250 0.050625 0.072500
0 0.142187 0.662500 0.054375 0.070000
0 0.463438 0.133333 0.050625 0.070000
0 0.656875 0.332083 0.066250 0.079167
0 0.567187 0.633333 0.061875 0.076667
0 0.168750 0.643750 0.057500 0.082500
0 0.075313 0.485833 0.061875 0.090000
0 0.837500 0.887500 0.068750 0.088333
0 0.067812 0.921250 0.058125 0.064167
0 0.803750 0.100417 0.058750 0.064167
0 0.870938 0.088333 0.059375 0.075000
0 0.682187 0.095833 0.058125 0.085000
0 0.952187 0.800833 0.046875 0.093333
1 0.748750 0.467917 0.058750 0.154167
0 0.713750 0.215833 0.056250 0.088333
0 0.254063 0.038750 0.064375 0.075833
0 0.489375 0.033333 0.058750 0.065000
0 0.943438 0.041250 0.050625 0.070833
0 0.961875 0.135000 0.057500 0.070000
0 0.727187 0.091250 0.061875 0.067500
0 0.776875 0.036667 0.065000 0.073333
0 0.736563 0.137083 0.050625 0.077500
0 0.568438 0.195417 0.096875 0.092500
0 0.921875 0.352917 0.053750 0.064167
0 0.945625 0.416667 0.047500 0.098333
0 0.780937 0.718750 0.050625 0.079167
0 0.685000 0.707917 0.050000 0.072500
0 0.640625 0.744583 0.055000 0.090833
0 0.515938 0.688750 0.048125 0.062500
0 0.379688 0.765833 0.055625 0.066667
0 0.494063 0.922917 0.086875 0.067500
0 0.605625 0.904167 0.050000 0.063333
0 0.031250 0.865417 0.053750 0.100833
0 0.654375 0.474167 0.056250 0.098333
0 0.708438 0.469167 0.056875 0.093333
0 0.903125 0.824167 0.051250 0.065000
0 0.951875 0.960833 0.053750 0.071667
