0 0.465938 0.212083 0.063125 0.079167
0 0.744062 0.540000 0.065625 0.090000
0 0.047500 0.760417 0.060000 0.080833
0 0.669375 0.915000 0.061250 0.086667
0 0.831250 0.233750 0.075000 0.100833
0 0.080625 0.490833 0.060000 0.078333
0 0.347187 0.380417 0.061875 0.087500
0 0.862500 0.368333 0.061250 0.090000
0 0.775312 0.700833 0.059375 0.085000
0 0.250312 0.603333 0.058125 0.081667
0 0.549375 0.581667 0.068750 0.086667
0 0.341875 0.080000 0.070000 0.096667
0 0.476250 0.878333 0.062500 0.086667
0 0.196563 0.635833 0.061875 0.083333
0 0.185938 0.485833 0.063125 0.081667
0 0.724688 0.787500 0.063125 0.083333
0 0.256563 0.216250 0.064375 0.077500
0 0.655000 0.512917 0.061250 0.090833
0 0.832812 0.105833 0.076875 0.100000
0 0.542813 0.888333 0.059375 0.091667
0 0.582812 0.385000 0.065625 0.086667
0 0.175313 0.054167 0.066875 0.081667
0 0.409062 0.817500 0.063125 0.083333
0 0.450313 0.681667 0.060625 0.086667
0 0.902500 0.660417 0.057500 0.082500
4 0.751875 0.269167 0.070000 0.113333
0 0.683125 0.264583 0.065000 0.082500
0 0.115312 0.822500 0.061875 0.081667
0 0.716875 0.380000 0.061250 0.085000
0 0.871875 0.721667 0.063750 0.078333
4 0.825313 0.842500 0.074375 0.120000
0 0.524062 0.094583 0.074375 0.097500
0 0.477812 0.348750 0.068125 0.084167
0 0.760000 0.882500 0.058750 0.093333
0 0.133750 0.228750 0.068750 0.099167
0 0.328125 0.849583 0.067500 0.089167
0 0.287813 0.129167 0.080625 0.100000
0 0.339375 0.765000 0.066250 0.085000
0 0.122500 0.362500 0.057500 0.078333
0 0.443750 0.090833 0.071250 0.096667
0 0.054688 0.429583 0.063125 0.079167
0 0.275625 0.420000 0.061250 0.083333
0 0.353750 0.632083 0.063750 0.082500
0 0.896563 0.874167 0.065625 0.086667
0 0.654375 0.341250 0.066250 0.087500
3 0.116562 0.122500 0.075625 0.100000
0 0.201563 0.271667 0.063125 0.096667
0 0.078750 0.219167 0.090000 0.075000
0 0.848437 0.645833 0.056875 0.080000
0 0.863125 0.560000 0.070000 0.095000
0 0.074375 0.077083 0.055000 0.069167
0 0.396875 0.619167 0.050000 0.115000
0 0.591875 0.481250 0.062500 0.109167
0 0.037500 0.055000 0.066250 0.098333
