0 0.881250 0.654583 0.072500 0.089167
0 0.284375 0.191250 0.073750 0.097500
0 0.268437 0.892500 0.084375 0.101667
0 0.941875 0.831667 0.076250 0.100000
0 0.379063 0.450000 0.053125 0.070000
0 0.275625 0.778333 0.065000 0.088333
0 0.479063 0.755833 0.064375 0.091667
0 0.531563 0.171667 0.065625 0.080000
0 0.451875 0.862500 0.080000 0.100000
0 0.219688 0.114583 0.071875 0.110833
0 0.610625 0.497500 0.050000 0.083333
0 0.958750 0.253750 0.058750 0.084167
0 0.061875 0.856667 0.078750 0.100000
0 0.354375 0.825833 0.072500 0.086667
0 0.372812 0.667500 0.060625 0.083333
0 0.297812 0.270833 0.066875 0.083333
0 0.845000 0.185417 0.070000 0.092500
0 0.510625 0.250833 0.063750 0.086667
0 0.616250 0.889583 0.068750 0.092500
0 0.177500 0.913333 0.072500 0.088333
0 0.494375 0.330417 0.066250 0.087500
0 0.927500 0.512500 0.062500 0.086667
0 0.338438 0.923750 0.073125 0.095833
0 0.553750 0.563750 0.065000 0.084167
0 0.799063 0.065000 0.084375 0.100000
0 0.435000 0.160000 0.081250 0.096667
0 0.094375 0.123333 0.066250 0.086667
0 0.917500 0.914583 0.066250 0.084167
0 0.949688 0.342917 0.070625 0.087500
0 0.535000 0.553750 0.071250 0.082500
0 0.348125 0.525000 0.073750 0.090000
0 0.620625 0.740000 0.073750 0.103333
0 0.131562 0.167500 0.055625 0.081667
0 0.362187 0.745417 0.065625 0.087500
0 0.174375 0.204167 0.068750 0.095000
0 0.365938 0.304583 0.076875 0.095833
0 0.926250 0.583750 0.073750 0.085833
0 0.156250 0.432500 0.075000 0.095000
0 0.491875 0.626250 0.073750 0.100833
0 0.535000 0.853333 0.080000 0.096667
0 0.695312 0.160417 0.070625 0.094167
0 0.440000 0.460417 0.070000 0.094167
0 0.915312 0.307917 0.074375 0.092500
0 0.622188 0.162500 0.063125 0.068333
0 0.277813 0.578750 0.076875 0.094167
0 0.423125 0.376667 0.065000 0.090000
0 0.914062 0.416667 0.061875 0.073333
0 0.564375 0.229583 0.058750 0.082500
0 0.838437 0.932083 0.071875 0.102500
0 0.218438 0.605000 0.079375 0.101667
0 0.564063 0.846667 0.061875 0.090000
0 0.223125 0.818333 0.065000 0.115000
0 0.884062 0.095417 0.054375 0.087500
0 0.960313 0.699583 0.066875 0.082500
0 0.485938 0.481667 0.061875 0.091667
0 0.669375 0.741667 0.057500 0.085000
0 0.316875 0.448333 0.058750 0.061667
0 0.424687 0.726667 0.059375 0.085000
0 0.601250 0.125417 0.053750 0.095833
0 0.045000 0.508750 0.078750 0.104167
0 0.641875 0.304583 0.058750 0.085833
0 0.336875 0.392083 0.062500 0.085833
0 0.102500 0.475417 0.067500 0.089167
0 0.260313 0.353750 0.065625 0.097500
0 0.031875 0.104583 0.058750 0.087500
0 0.160938 0.322500 0.068125 0.081667
0 0.246562 0.450000 0.060625 0.070000
0 0.282187 0.381667 0.064375 0.096667
0 0.187188 0.286250 0.064375 0.087500
0 0.207813 0.331250 0.068125 0.085833
0 0.326250 0.596250 0.063750 0.075833
0 0.455937 0.197083 0.071875 0.080833
0 0.616250 0.090833 0.061250 0.081667
0 0.449688 0.241250 0.070625 0.090833
0 0.398125 0.324167 0.077500 0.081667
0 0.465313 0.406667 0.055625 0.081667
0 0.419375 0.272917 0.060000 0.095833
1 0.187188 0.406667 0.120625 0.078333
1 0.731875 0.043750 0.108750 0.087500
1 0.713125 0.109583 0.100000 0.075833
1 0.609062 0.259167 0.103125 0.123333
0 0.915937 0.065417 0.069375 0.087500
0 0.397813 0.836667 0.065625 0.076667
0 0.341562 0.688750 0.060625 0.084167
