0 0.928438 0.460833 0.069375 0.101667
0 0.474375 0.706667 0.062500 0.071667
0 0.132188 0.834167 0.078125 0.105000
0 0.288750 0.556250 0.072500 0.090833
0 0.539062 0.206667 0.073125 0.093333
0 0.131875 0.717917 0.082500 0.099167
0 0.941562 0.231667 0.071875 0.101667
0 0.641875 0.563333 0.080000 0.100000
0 0.842500 0.691667 0.072500 0.090000
0 0.575625 0.102083 0.071250 0.085833
0 0.783438 0.327083 0.074375 0.105833
0 0.748750 0.571250 0.080000 0.090833
0 0.815312 0.842500 0.075625 0.095000
0 0.070938 0.770417 0.088125 0.089167
0 0.658750 0.105417 0.082500 0.079167
0 0.099375 0.330417 0.077500 0.090833
0 0.680625 0.627500 0.076250 0.075000
0 0.269375 0.770000 0.067500 0.101667
0 0.562500 0.571667 0.081250 0.101667
0 0.452813 0.925417 0.078125 0.100833
0 0.224688 0.567917 0.081875 0.084167
0 0.807500 0.147083 0.082500 0.094167
0 0.457500 0.293333 0.080000 0.098333
0 0.667500 0.282917 0.078750 0.104167
0 0.461562 0.791667 0.074375 0.093333
0 0.426875 0.858750 0.080000 0.102500
0 0.627188 0.398750 0.071875 0.097500
0 0.639375 0.903750 0.076250 0.089167
0 0.669687 0.837500 0.088125 0.090000
0 0.514062 0.635417 0.079375 0.084167
0 0.669687 0.486667 0.088125 0.090000
0 0.217500 0.122500 0.068750 0.090000
0 0.176563 0.952083 0.073125 0.094167
0 0.183750 0.776250 0.098750 0.092500
0 0.459375 0.530000 0.085000 0.095000
0 0.235000 0.861250 0.080000 0.102500
0 0.206250 0.354167 0.101250 0.061667
0 0.848437 0.406250 0.114375 0.074167
0 0.565625 0.940833 0.082500 0.083333
0 0.779062 0.469583 0.079375 0.112500
0 0.226875 0.457083 0.077500 0.094167
0 0.842500 0.776250 0.093750 0.079167
0 0.705625 0.396250 0.080000 0.069167
0 0.702187 0.333333 0.081875 0.080000
