0 0.442500 0.850417 0.065000 0.085833
0 0.802500 0.718750 0.067500 0.084167
0 0.770312 0.474583 0.066875 0.100833
0 0.253437 0.638750 0.071875 0.087500
0 0.726562 0.406667 0.065625 0.090000
0 0.573750 0.662500 0.063750 0.090000
0 0.794063 0.617083 0.063125 0.095833
0 0.661875 0.932500 0.058750 0.083333
0 0.256563 0.245000 0.063125 0.098333
0 0.310000 0.168333 0.071250 0.101667
0 0.709375 0.163333 0.063750 0.078333
0 0.948125 0.708750 0.061250 0.079167
0 0.302500 0.712917 0.068750 0.094167
0 0.270937 0.872083 0.063125 0.100833
0 0.229063 0.147083 0.063125 0.090833
0 0.382812 0.233333 0.069375 0.096667
0 0.742188 0.887083 0.065625 0.084167
0 0.466250 0.309583 0.073750 0.097500
0 0.393125 0.782917 0.063750 0.087500
0 0.391875 0.935000 0.062500 0.098333
0 0.093438 0.236250 0.061875 0.089167
0 0.349062 0.859583 0.059375 0.079167
0 0.696250 0.659167 0.068750 0.085000
0 0.200625 0.910417 0.056250 0.085833
0 0.724375 0.237500 0.067500 0.081667
0 0.642188 0.128750 0.059375 0.080833
0 0.618437 0.721250 0.063125 0.079167
0 0.190000 0.702917 0.075000 0.087500
0 0.128438 0.917083 0.065625 0.084167
0 0.741250 0.732083 0.062500 0.079167
0 0.547500 0.875417 0.060000 0.087500
0 0.736563 0.571667 0.066875 0.086667
0 0.694688 0.321250 0.063125 0.082500
0 0.619375 0.850833 0.070000 0.093333
0 0.507812 0.699583 0.064375 0.099167
0 0.441250 0.463750 0.065000 0.094167
0 0.153438 0.202917 0.059375 0.090833
0 0.680937 0.489167 0.071875 0.090000
0 0.917188 0.074583 0.063125 0.087500
0 0.488438 0.059583 0.061875 0.079167
0 0.193438 0.269167 0.060625 0.088333
0 0.442812 0.658333 0.065625 0.086667
0 0.371250 0.398333 0.066250 0.085000
0 0.853437 0.815833 0.054375 0.086667
0 0.625625 0.222500 0.062500 0.093333
0 0.900000 0.282500 0.061250 0.085000
0 0.101875 0.140000 0.067500 0.085000
0 0.885000 0.877917 0.062500 0.085833
0 0.775625 0.805417 0.066250 0.082500
0 0.528438 0.566250 0.060625 0.085833
0 0.318125 0.942500 0.062500 0.085000
0 0.270625 0.521667 0.068750 0.091667
0 0.598750 0.561667 0.057500 0.088333
0 0.353438 0.638750 0.058125 0.097500
0 0.963437 0.231667 0.064375 0.096667
0 0.290312 0.437917 0.068125 0.100833
0 0.165625 0.619583 0.066250 0.084167
0 0.945625 0.876667 0.052500 0.115000
0 0.457813 0.947500 0.064375 0.098333
0 0.594688 0.953750 0.054375 0.079167
0 0.641250 0.605000 0.068750 0.085000
0 0.814375 0.152917 0.055000 0.094167
0 0.171250 0.472083 0.072500 0.095833
0 0.883437 0.540833 0.065625 0.101667
0 0.580000 0.174167 0.051250 0.070000
0 0.440000 0.157500 0.065000 0.088333
0 0.065000 0.952500 0.066250 0.093333
0 0.225312 0.414167 0.061875 0.101667
0 0.960000 0.431250 0.062500 0.075833
0 0.415312 0.124583 0.065625 0.097500
0 0.959375 0.611667 0.067500 0.088333
0 0.630000 0.468750 0.062500 0.089167
0 0.407500 0.589167 0.048750 0.095000
0 0.777188 0.947083 0.055625 0.090833
0 0.841875 0.061250 0.066250 0.089167
0 0.954375 0.553333 0.067500 0.096667
0 0.059375 0.844583 0.068750 0.095833
0 0.840000 0.255833 0.068750 0.096667
0 0.553125 0.118333 0.065000 0.085000
0 0.778125 0.343750 0.073750 0.070833
0 0.479375 0.545833 0.055000 0.096667
0 0.845313 0.372083 0.064375 0.072500
0 0.132188 0.047917 0.065625 0.095833
0 0.696875 0.061250 0.067500 0.102500
0 0.870000 0.460417 0.077500 0.070833
0 0.074063 0.444583 0.058125 0.092500
0 0.525312 0.959167 0.063125 0.080000
0 0.381250 0.044583 0.071250 0.087500
0 0.840313 0.300833 0.061875 0.075000
3 0.783750 0.275417 0.061250 0.079167
0 0.498125 0.205833 0.070000 0.080000
0 0.838125 0.440833 0.070000 0.078333
0 0.970000 0.792083 0.060000 0.072500
