0 0.890938 0.118333 0.059375 0.091667
0 0.512188 0.090000 0.060625 0.080000
0 0.388750 0.242500 0.072500 0.083333
0 0.549063 0.590833 0.068125 0.101667
0 0.824375 0.696667 0.075000 0.095000
0 0.370625 0.890000 0.067500 0.096667
0 0.600000 0.112083 0.060000 0.079167
0 0.930000 0.702917 0.068750 0.095833
0 0.676562 0.926250 0.071875 0.089167
0 0.211562 0.417917 0.074375 0.102500
0 0.845938 0.604583 0.078125 0.095833
0 0.833750 0.817083 0.071250 0.087500
0 0.300625 0.141667 0.058750 0.085000
0 0.566562 0.487500 0.064375 0.090000
0 0.160625 0.682500 0.068750 0.088333
0 0.332813 0.402917 0.071875 0.087500
0 0.940000 0.311667 0.067500 0.078333
0 0.346875 0.499167 0.073750 0.093333
0 0.935625 0.537500 0.062500 0.076667
0 0.654062 0.277083 0.070625 0.085833
0 0.117813 0.260833 0.065625 0.081667
0 0.174375 0.097500 0.068750 0.083333
0 0.665937 0.795000 0.064375 0.086667
0 0.524375 0.688333 0.057500 0.078333
0 0.194375 0.793333 0.072500 0.090000
0 0.453125 0.495833 0.067500 0.095000
0 0.230313 0.182083 0.064375 0.072500
0 0.265000 0.286250 0.061250 0.074167
0 0.627812 0.866667 0.059375 0.086667
0 0.720938 0.803750 0.070625 0.080833
0 0.245312 0.840833 0.071875 0.103333
4 0.489063 0.582917 0.064375 0.104167
0 0.395937 0.428750 0.060625 0.085833
0 0.234687 0.354583 0.066875 0.084167
0 0.275313 0.672917 0.068125 0.080833
0 0.264688 0.579167 0.058125 0.093333
0 0.611563 0.671250 0.063125 0.077500
0 0.637500 0.507083 0.072500 0.090833
0 0.457500 0.913750 0.058750 0.070833
0 0.650312 0.610833 0.056875 0.073333
0 0.695312 0.552083 0.059375 0.079167
0 0.527500 0.907083 0.072500 0.092500
0 0.362812 0.631250 0.059375 0.080833
0 0.403438 0.158750 0.066875 0.085833
0 0.751563 0.187917 0.063125 0.077500
0 0.426250 0.345417 0.056250 0.075833
0 0.489063 0.684167 0.069375 0.088333
0 0.267813 0.917917 0.050625 0.082500
0 0.587187 0.932083 0.063125 0.077500
0 0.757812 0.113750 0.064375 0.077500
0 0.761250 0.564583 0.070000 0.077500
0 0.169063 0.508333 0.069375 0.086667
0 0.474687 0.767917 0.063125 0.069167
0 0.866563 0.918333 0.068125 0.086667
0 0.761250 0.907083 0.050000 0.077500
0 0.178750 0.930833 0.072500 0.095000
0 0.557187 0.197917 0.071875 0.089167
0 0.955625 0.254583 0.055000 0.069167
0 0.765312 0.393333 0.058125 0.075000
0 0.422500 0.043750 0.061250 0.085833
0 0.645312 0.405833 0.060625 0.063333
0 0.755625 0.709583 0.063750 0.080833
0 0.925312 0.457917 0.069375 0.075833
0 0.877188 0.325833 0.059375 0.076667
0 0.106563 0.955000 0.059375 0.076667
0 0.757188 0.259583 0.049375 0.070833
0 0.944688 0.610000 0.055625 0.075000
0 0.338125 0.715000 0.058750 0.076667
0 0.685000 0.340000 0.048750 0.070000
0 0.713750 0.243750 0.061250 0.090833
0 0.386562 0.563750 0.050625 0.067500
0 0.094687 0.857917 0.054375 0.062500
0 0.480625 0.148333 0.056250 0.070000
0 0.741875 0.447917 0.056250 0.067500
0 0.282500 0.753750 0.057500 0.057500
0 0.052812 0.884583 0.059375 0.077500
0 0.482500 0.842083 0.052500 0.072500
0 0.195000 0.282083 0.063750 0.075833
0 0.100000 0.133333 0.066250 0.080000
0 0.459688 0.231250 0.066875 0.075833
0 0.075313 0.786250 0.063125 0.085833
0 0.046562 0.182500 0.056875 0.063333
0 0.834375 0.281667 0.055000 0.078333
0 0.535312 0.265833 0.063125 0.093333
0 0.743125 0.522500 0.053750 0.080000
0 0.906875 0.378333 0.056250 0.075000
0 0.302812 0.873333 0.054375 0.063333
0 0.662813 0.192083 0.050625 0.069167
0 0.129375 0.066250 0.076250 0.084167
0 0.877500 0.869583 0.062500 0.082500
1 0.148750 0.843333 0.073750 0.055000
1 0.117500 0.470417 0.073750 0.132500
0 0.066562 0.032500 0.050625 0.063333
0 0.505625 0.182917 0.051250 0.064167
0 0.162188 0.899583 0.060625 0.077500
0 0.735938 0.355833 0.055625 0.073333
0 0.147187 0.425833 0.048125 0.066667
0 0.228125 0.495833 0.073750 0.058333
0 0.053125 0.964167 0.050000 0.058333
