0 0.556875 0.825000 0.072500 0.081667
0 0.796562 0.475417 0.069375 0.095833
0 0.948438 0.827083 0.061875 0.082500
0 0.693438 0.367917 0.074375 0.095833
0 0.636875 0.811250 0.070000 0.107500
0 0.638437 0.311250 0.063125 0.090833
0 0.722812 0.185417 0.069375 0.095833
0 0.715313 0.080833 0.079375 0.101667
0 0.259375 0.700000 0.077500 0.100000
0 0.488438 0.133750 0.070625 0.084167
0 0.481875 0.929167 0.065000 0.080000
0 0.521250 0.744583 0.087500 0.095833
0 0.406250 0.294583 0.063750 0.084167
0 0.551562 0.261667 0.084375 0.098333
0 0.108438 0.657500 0.081875 0.101667
0 0.300000 0.178750 0.066250 0.089167
0 0.577500 0.185000 0.062500 0.080000
0 0.338125 0.314167 0.067500 0.071667
0 0.227187 0.427083 0.066875 0.097500
0 0.409687 0.785833 0.074375 0.091667
0 0.525312 0.488750 0.079375 0.099167
0 0.511563 0.627083 0.075625 0.102500
0 0.907188 0.905000 0.071875 0.091667
0 0.261250 0.807500 0.082500 0.088333
0 0.776563 0.334167 0.073125 0.093333
0 0.928750 0.506667 0.055000 0.076667
0 0.215312 0.887083 0.079375 0.087500
0 0.450625 0.209583 0.071250 0.102500
0 0.117500 0.160000 0.058750 0.080000
0 0.600938 0.896667 0.080625 0.088333
0 0.472500 0.308750 0.072500 0.097500
0 0.410938 0.411250 0.069375 0.085833
0 0.125312 0.855417 0.070625 0.084167
0 0.416563 0.669167 0.064375 0.088333
0 0.844688 0.920833 0.064375 0.081667
0 0.416875 0.904167 0.063750 0.083333
0 0.365312 0.213750 0.073125 0.089167
0 0.751875 0.707083 0.075000 0.087500
0 0.858750 0.212500 0.065000 0.106667
0 0.865938 0.464583 0.076875 0.090833
0 0.330625 0.665417 0.077500 0.094167
0 0.162812 0.787917 0.063125 0.074167
0 0.451875 0.412917 0.070000 0.097500
0 0.956250 0.738333 0.070000 0.085000
0 0.625625 0.431250 0.068750 0.100833
0 0.448437 0.735000 0.060625 0.078333
0 0.654375 0.680417 0.067500 0.104167
0 0.915625 0.270000 0.071250 0.095000
1 0.571875 0.664167 0.087500 0.116667
0 0.370000 0.921667 0.073750 0.110000
0 0.845000 0.294167 0.070000 0.103333
0 0.765000 0.574583 0.070000 0.092500
0 0.226875 0.161667 0.075000 0.090000
0 0.172813 0.294583 0.069375 0.085833
0 0.913438 0.393750 0.074375 0.104167
0 0.692500 0.260417 0.066250 0.085833
0 0.164687 0.097500 0.054375 0.073333
0 0.470313 0.432083 0.058125 0.082500
0 0.734375 0.468750 0.055000 0.077500
0 0.776250 0.783750 0.078750 0.107500
0 0.350313 0.583750 0.071875 0.094167
0 0.610000 0.107917 0.073750 0.094167
0 0.098437 0.747083 0.058125 0.075833
0 0.805312 0.847917 0.066875 0.094167
0 0.437812 0.500000 0.066875 0.075000
0 0.705000 0.635417 0.073750 0.102500
0 0.635000 0.151667 0.058750 0.078333
0 0.118750 0.244167 0.063750 0.105000
0 0.309375 0.923333 0.070000 0.093333
0 0.342187 0.390000 0.068125 0.101667
0 0.343125 0.440000 0.072500 0.096667
0 0.037812 0.742917 0.070625 0.104167
0 0.045625 0.193750 0.067500 0.097500
0 0.111562 0.063750 0.068125 0.080833
0 0.199687 0.046250 0.063125 0.079167
0 0.230000 0.112500 0.077500 0.075000
0 0.033438 0.089167 0.061875 0.081667
0 0.194375 0.362500 0.062500 0.083333
0 0.144375 0.491250 0.077500 0.087500
0 0.717812 0.567917 0.071875 0.084167
0 0.843750 0.373750 0.091250 0.115833
0 0.676250 0.199583 0.061250 0.079167
0 0.338750 0.542917 0.078750 0.097500
0 0.418438 0.606667 0.066875 0.076667
0 0.405625 0.570417 0.076250 0.082500
0 0.226562 0.737917 0.065625 0.082500
