0 0.207500 0.591250 0.070000 0.097500
0 0.490000 0.318750 0.061250 0.080833
0 0.905000 0.093333 0.063750 0.091667
0 0.146250 0.094583 0.063750 0.087500
0 0.540937 0.497917 0.070625 0.090833
0 0.127500 0.215000 0.081250 0.106667
0 0.665312 0.299583 0.070625 0.087500
0 0.510625 0.408750 0.075000 0.094167
0 0.562187 0.642083 0.064375 0.079167
0 0.241250 0.500417 0.058750 0.080833
0 0.517813 0.147917 0.074375 0.100833
0 0.840000 0.856250 0.065000 0.075833
0 0.761563 0.151250 0.080625 0.109167
0 0.318437 0.653750 0.074375 0.100833
0 0.164687 0.877500 0.075625 0.088333
0 0.732187 0.492917 0.076875 0.097500
0 0.848125 0.421250 0.058750 0.084167
0 0.340313 0.464167 0.076875 0.091667
0 0.549687 0.836667 0.060625 0.085000
0 0.390313 0.164583 0.061875 0.077500
0 0.870938 0.692500 0.051875 0.078333
0 0.298125 0.758750 0.075000 0.104167
0 0.614688 0.595833 0.081875 0.093333
0 0.065312 0.860000 0.074375 0.096667
0 0.268750 0.083750 0.083750 0.095833
0 0.520000 0.725833 0.072500 0.096667
0 0.661250 0.846667 0.068750 0.088333
0 0.697500 0.563333 0.075000 0.085000
0 0.773125 0.890417 0.060000 0.075833
0 0.460938 0.829583 0.073125 0.105833
0 0.040313 0.675417 0.053125 0.092500
0 0.063750 0.081667 0.080000 0.105000
0 0.074063 0.790833 0.065625 0.083333
0 0.675937 0.121667 0.081875 0.100000
0 0.599063 0.895417 0.061875 0.075833
0 0.660000 0.055833 0.072500 0.095000
0 0.130625 0.483333 0.078750 0.103333
0 0.322188 0.347917 0.070625 0.100833
0 0.038437 0.590417 0.051875 0.072500
0 0.865625 0.777500 0.057500 0.101667
0 0.742188 0.304167 0.071875 0.101667
0 0.959375 0.438750 0.070000 0.092500
0 0.353438 0.364583 0.071875 0.085833
0 0.659375 0.926667 0.066250 0.065000
0 0.632500 0.734583 0.073750 0.095833
0 0.669375 0.687917 0.086250 0.089167
0 0.512188 0.596250 0.073125 0.080833
0 0.705313 0.654583 0.096875 0.079167
0 0.845938 0.939583 0.061875 0.087500
0 0.728437 0.739167 0.055625 0.088333
0 0.578125 0.771667 0.071250 0.086667
0 0.158750 0.504583 0.057500 0.079167
0 0.957187 0.603750 0.051875 0.095833
1 0.795937 0.756667 0.085625 0.120000
1 0.245625 0.308333 0.097500 0.133333
0 0.150938 0.777083 0.076875 0.107500
0 0.366250 0.555417 0.067500 0.085833
0 0.922500 0.595417 0.070000 0.115833
