0 0.570312 0.163750 0.081875 0.095833
0 0.540312 0.327917 0.078125 0.099167
0 0.779062 0.391250 0.073125 0.109167
0 0.124063 0.409167 0.065625 0.091667
0 0.964063 0.506667 0.063125 0.085000
0 0.534375 0.829583 0.058750 0.095833
0 0.704688 0.846250 0.080625 0.092500
0 0.695000 0.484583 0.073750 0.094167
0 0.901563 0.095833 0.066875 0.098333
0 0.846562 0.207917 0.076875 0.099167
0 0.082812 0.936667 0.084375 0.105000
0 0.646250 0.191250 0.067500 0.095833
0 0.709688 0.717083 0.071875 0.085833
0 0.283438 0.515417 0.063125 0.085833
0 0.280938 0.857083 0.075625 0.100833
0 0.056875 0.205000 0.072500 0.100000
0 0.791875 0.922917 0.071250 0.090833
0 0.137187 0.133750 0.080625 0.097500
0 0.302187 0.192083 0.071875 0.095833
0 0.493750 0.053333 0.068750 0.105000
0 0.945000 0.310417 0.061250 0.102500
0 0.811250 0.463333 0.072500 0.100000
0 0.612812 0.310833 0.079375 0.105000
0 0.511875 0.565417 0.068750 0.092500
0 0.571875 0.637083 0.076250 0.092500
0 0.499375 0.196667 0.072500 0.105000
0 0.054688 0.374583 0.070625 0.089167
0 0.459688 0.510417 0.069375 0.107500
0 0.346875 0.655833 0.078750 0.091667
0 0.583438 0.880417 0.084375 0.094167
0 0.190625 0.312083 0.071250 0.090833
0 0.481875 0.945833 0.070000 0.088333
0 0.627188 0.520417 0.060625 0.095833
0 0.121875 0.525000 0.078750 0.093333
0 0.600625 0.437917 0.075000 0.092500
0 0.294063 0.755000 0.066875 0.103333
0 0.917188 0.630833 0.078125 0.100000
0 0.870938 0.815000 0.073125 0.096667
0 0.461250 0.912083 0.073750 0.084167
0 0.546562 0.487917 0.063125 0.082500
0 0.421875 0.843333 0.058750 0.113333
0 0.512500 0.247917 0.073750 0.109167
0 0.105625 0.074167 0.066250 0.106667
0 0.841250 0.839167 0.070000 0.095000
0 0.118125 0.324167 0.066250 0.091667
2 0.806562 0.708750 0.095625 0.119167
0 0.244375 0.603750 0.062500 0.090833
0 0.728750 0.766667 0.072500 0.083333
0 0.244062 0.937083 0.080625 0.104167
0 0.458750 0.578333 0.071250 0.081667
0 0.894687 0.356250 0.071875 0.095833
0 0.326250 0.722500 0.073750 0.096667
0 0.132812 0.572917 0.076875 0.094167
0 0.213750 0.659167 0.065000 0.090000
0 0.212500 0.591667 0.057500 0.086667
