0 0.408438 0.357917 0.075625 0.109167
0 0.441875 0.639167 0.057500 0.085000
0 0.256563 0.749583 0.065625 0.090833
0 0.590938 0.679167 0.056875 0.078333
0 0.231875 0.538333 0.066250 0.093333
0 0.441250 0.210417 0.058750 0.080833
0 0.246250 0.137083 0.081250 0.094167
0 0.915000 0.582917 0.076250 0.105833
0 0.185938 0.057917 0.069375 0.089167
0 0.274062 0.302500 0.063125 0.091667
0 0.582812 0.259583 0.061875 0.079167
0 0.784062 0.692917 0.078125 0.099167
0 0.092813 0.816250 0.064375 0.092500
0 0.442188 0.912083 0.068125 0.102500
0 0.853125 0.783750 0.070000 0.100833
0 0.765312 0.443333 0.073125 0.103333
0 0.100312 0.690000 0.064375 0.088333
0 0.150312 0.762500 0.069375 0.090000
0 0.449062 0.282500 0.065625 0.081667
0 0.561250 0.918750 0.062500 0.090833
0 0.244688 0.892917 0.056875 0.079167
0 0.659375 0.728750 0.071250 0.097500
0 0.162812 0.294167 0.069375 0.093333
0 0.044062 0.919583 0.066875 0.085833
0 0.036562 0.716667 0.061875 0.078333
0 0.191250 0.903750 0.060000 0.089167
0 0.634375 0.120000 0.071250 0.096667
0 0.701562 0.343750 0.073125 0.095833
0 0.413125 0.802917 0.070000 0.080833
0 0.669063 0.176667 0.078125 0.088333
3 0.057813 0.368333 0.068125 0.120000
0 0.073438 0.503750 0.063125 0.094167
0 0.535937 0.282917 0.061875 0.072500
0 0.818125 0.602500 0.063750 0.086667
0 0.634687 0.554583 0.059375 0.090833
0 0.422500 0.455000 0.057500 0.080000
0 0.509375 0.806667 0.057500 0.090000
0 0.539687 0.710833 0.073125 0.080000
3 0.478438 0.551250 0.071875 0.122500
0 0.752500 0.947500 0.066250 0.096667
0 0.704688 0.085000 0.046875 0.068333
0 0.792188 0.925833 0.065625 0.083333
0 0.530625 0.472083 0.066250 0.077500
0 0.704688 0.450000 0.060625 0.086667
0 0.725625 0.285000 0.056250 0.075000
0 0.169375 0.521667 0.068750 0.058333
0 0.158125 0.955000 0.058750 0.085000
0 0.637188 0.369167 0.051875 0.068333
0 0.613125 0.898333 0.078750 0.078333
0 0.849688 0.232500 0.083125 0.106667
0 0.636563 0.513750 0.059375 0.069167
0 0.811250 0.284583 0.066250 0.082500
