0 0.465625 0.807500 0.072500 0.086667
0 0.548125 0.682500 0.061250 0.081667
0 0.921875 0.891250 0.065000 0.085833
0 0.364375 0.570000 0.075000 0.103333
0 0.887188 0.640833 0.063125 0.083333
0 0.822812 0.249583 0.069375 0.097500
0 0.160312 0.888750 0.055625 0.084167
0 0.319063 0.639583 0.061875 0.079167
0 0.897500 0.724583 0.060000 0.070833
0 0.340625 0.717083 0.066250 0.080833
0 0.253125 0.644167 0.060000 0.076667
0 0.955937 0.263333 0.068125 0.085000
0 0.705625 0.302917 0.073750 0.100833
0 0.428438 0.583333 0.064375 0.083333
0 0.294375 0.329167 0.078750 0.106667
0 0.903750 0.187917 0.056250 0.084167
0 0.194688 0.672500 0.071875 0.093333
0 0.169375 0.313750 0.078750 0.114167
0 0.855625 0.892917 0.067500 0.082500
0 0.282500 0.855417 0.066250 0.084167
0 0.274687 0.733333 0.069375 0.101667
0 0.954063 0.630417 0.066875 0.084167
0 0.800312 0.865000 0.058125 0.070000
0 0.513125 0.625833 0.072500 0.088333
0 0.222812 0.825417 0.063125 0.109167
0 0.582812 0.831667 0.076875 0.085000
0 0.323750 0.800417 0.070000 0.087500
0 0.198437 0.447917 0.065625 0.087500
0 0.409062 0.725000 0.065625 0.076667
0 0.882500 0.255000 0.061250 0.071667
0 0.370937 0.159167 0.070625 0.091667
0 0.230937 0.122500 0.068125 0.091667
0 0.587500 0.467500 0.076250 0.093333
0 0.714688 0.639583 0.068125 0.090833
0 0.560937 0.916250 0.065625 0.082500
0 0.727812 0.899167 0.076875 0.096667
0 0.806250 0.462917 0.062500 0.069167
0 0.944063 0.372917 0.074375 0.085833
0 0.297187 0.150417 0.071875 0.094167
0 0.666562 0.945417 0.080625 0.095833
0 0.665937 0.574167 0.079375 0.093333
0 0.489375 0.557083 0.072500 0.097500
0 0.236875 0.380417 0.076250 0.099167
0 0.928750 0.580833 0.070000 0.076667
0 0.607812 0.640000 0.051875 0.078333
0 0.814375 0.784583 0.065000 0.077500
0 0.803125 0.692500 0.076250 0.096667
0 0.739375 0.122083 0.056250 0.080833
0 0.232187 0.896667 0.065625 0.083333
0 0.290000 0.495417 0.075000 0.095833
0 0.146875 0.727500 0.065000 0.090000
0 0.794375 0.359583 0.056250 0.084167
0 0.224688 0.570000 0.068125 0.076667
0 0.389688 0.322500 0.081875 0.100000
0 0.740625 0.224167 0.075000 0.105000
0 0.868125 0.494583 0.061250 0.082500
0 0.766250 0.522500 0.070000 0.088333
0 0.479687 0.401250 0.055625 0.075833
0 0.803750 0.624167 0.072500 0.088333
0 0.056250 0.305417 0.067500 0.089167
0 0.885000 0.335000 0.067500 0.095000
0 0.612812 0.755000 0.068125 0.083333
0 0.887188 0.956250 0.068125 0.074167
0 0.741563 0.376667 0.066875 0.076667
0 0.893437 0.802500 0.068125 0.070000
0 0.141875 0.427500 0.053750 0.080000
0 0.328750 0.214583 0.063750 0.084167
0 0.450000 0.247083 0.066250 0.089167
0 0.098750 0.182083 0.072500 0.092500
0 0.128125 0.282083 0.053750 0.077500
0 0.356563 0.857083 0.065625 0.079167
0 0.229375 0.515417 0.061250 0.077500
0 0.412813 0.653333 0.044375 0.071667
0 0.084687 0.945833 0.066875 0.068333
0 0.424375 0.322917 0.070000 0.092500
0 0.815000 0.553333 0.061250 0.076667
0 0.775625 0.186667 0.065000 0.091667
0 0.731250 0.457917 0.072500 0.085833
0 0.846562 0.585417 0.048125 0.065833
0 0.084687 0.827500 0.068125 0.078333
1 0.085000 0.469583 0.073750 0.119167
0 0.501250 0.214167 0.058750 0.096667
1 0.496875 0.352917 0.076250 0.170833
1 0.095625 0.787917 0.142500 0.104167
0 0.725313 0.864583 0.063125 0.085833
0 0.785312 0.046250 0.073125 0.089167
0 0.080937 0.387083 0.060625 0.064167
0 0.361563 0.785000 0.079375 0.098333
0 0.368125 0.910000 0.081250 0.080000
0 0.838750 0.347917 0.071250 0.089167
0 0.849688 0.406250 0.070625 0.089167
0 0.897188 0.442083 0.069375 0.099167
0 0.974063 0.530000 0.046875 0.080000
0 0.925625 0.512500 0.060000 0.083333
0 0.965313 0.708750 0.064375 0.097500
0 0.170000 0.116667 0.056250 0.080000
0 0.141875 0.135417 0.058750 0.099167
0 0.093125 0.898333 0.073750 0.071667
0 0.698438 0.392083 0.063125 0.085833
0 0.862500 0.719167 0.075000 0.083333
0 0.605625 0.694167 0.067500 0.076667
