0 0.170625 0.203333 0.057500 0.086667
0 0.844375 0.568750 0.063750 0.087500
0 0.920625 0.709167 0.072500 0.096667
0 0.843437 0.181250 0.058125 0.077500
0 0.496563 0.772917 0.065625 0.094167
0 0.538750 0.293333 0.073750 0.083333
0 0.641563 0.412500 0.063125 0.093333
0 0.078750 0.871250 0.070000 0.084167
0 0.799063 0.470000 0.068125 0.098333
0 0.260625 0.708750 0.073750 0.092500
0 0.183125 0.101667 0.070000 0.101667
0 0.053125 0.174167 0.058750 0.106667
0 0.659687 0.319167 0.070625 0.085000
0 0.586250 0.947083 0.072500 0.089167
0 0.317500 0.239583 0.062500 0.107500
0 0.325000 0.637083 0.057500 0.090833
0 0.623437 0.188333 0.064375 0.100000
0 0.587500 0.602917 0.066250 0.065833
0 0.667813 0.520833 0.068125 0.095000
0 0.742812 0.835833 0.069375 0.105000
0 0.875625 0.087083 0.060000 0.105833
0 0.364687 0.355833 0.078125 0.095000
0 0.180938 0.289167 0.054375 0.078333
0 0.200313 0.633333 0.058125 0.085000
0 0.892813 0.301667 0.079375 0.088333
0 0.340625 0.158750 0.072500 0.097500
0 0.262813 0.193750 0.071875 0.075833
0 0.660312 0.679167 0.073125 0.076667
0 0.673750 0.940000 0.068750 0.075000
0 0.442500 0.702500 0.070000 0.101667
0 0.515625 0.562917 0.073750 0.090833
0 0.216250 0.279583 0.060000 0.092500
0 0.347813 0.768333 0.064375 0.100000
0 0.455625 0.142083 0.077500 0.072500
0 0.256250 0.632917 0.065000 0.072500
0 0.166563 0.462083 0.056875 0.100833
0 0.125625 0.310833 0.071250 0.091667
0 0.330313 0.565417 0.081875 0.087500
0 0.692500 0.262500 0.066250 0.095000
0 0.680000 0.427083 0.061250 0.099167
0 0.427500 0.501250 0.073750 0.079167
0 0.203750 0.560833 0.082500 0.093333
0 0.570312 0.696250 0.076875 0.097500
0 0.960938 0.462500 0.076875 0.080000
0 0.203125 0.897083 0.065000 0.089167
0 0.785625 0.619167 0.073750 0.090000
0 0.927500 0.123333 0.068750 0.078333
0 0.037187 0.340833 0.053125 0.100000
0 0.926875 0.175833 0.076250 0.081667
0 0.801562 0.692500 0.096875 0.083333
0 0.439375 0.842917 0.076250 0.097500
0 0.396562 0.908750 0.050625 0.139167
0 0.105938 0.426250 0.071875 0.100833
0 0.483125 0.228333 0.092500 0.091667
0 0.275938 0.775417 0.076875 0.080833
0 0.205313 0.463750 0.060625 0.085833
0 0.624687 0.808333 0.055625 0.118333
0 0.115937 0.212083 0.054375 0.090833
0 0.778750 0.129583 0.066250 0.085833
0 0.705313 0.720833 0.079375 0.098333
0 0.837812 0.855000 0.083125 0.096667
0 0.729375 0.335833 0.066250 0.103333
0 0.786875 0.233333 0.082500 0.118333
0 0.069375 0.354583 0.068750 0.114167
0 0.680312 0.833333 0.073125 0.101667
0 0.950313 0.630833 0.094375 0.066667
0 0.249062 0.891250 0.069375 0.110833
0 0.710000 0.562917 0.073750 0.100833
0 0.211250 0.841667 0.066250 0.105000
0 0.539375 0.886667 0.068750 0.116667
0 0.696875 0.882917 0.070000 0.087500
0 0.589063 0.525417 0.074375 0.094167
0 0.512188 0.042500 0.079375 0.085000
0 0.738125 0.590833 0.078750 0.091667
