0 0.931875 0.720833 0.070000 0.083333
0 0.523125 0.719583 0.068750 0.080833
0 0.727187 0.927917 0.061875 0.084167
0 0.150000 0.158333 0.056250 0.085000
0 0.625625 0.465417 0.061250 0.092500
0 0.360312 0.252917 0.068125 0.087500
0 0.222812 0.752083 0.065625 0.089167
0 0.060000 0.153333 0.061250 0.078333
0 0.394062 0.085833 0.068125 0.085000
0 0.430312 0.793333 0.066875 0.085000
0 0.796250 0.103333 0.062500 0.078333
0 0.250000 0.522500 0.072500 0.078333
0 0.440000 0.699583 0.058750 0.087500
0 0.565000 0.155417 0.062500 0.079167
0 0.133437 0.731667 0.069375 0.091667
0 0.445000 0.254583 0.058750 0.085833
0 0.190312 0.310000 0.068125 0.081667
0 0.650312 0.341250 0.063125 0.090833
0 0.353750 0.340417 0.067500 0.082500
0 0.578125 0.680000 0.065000 0.073333
0 0.937813 0.539167 0.073125 0.098333
0 0.645625 0.770833 0.063750 0.095000
0 0.565625 0.780833 0.061250 0.081667
0 0.703125 0.456667 0.066250 0.080000
0 0.310312 0.163750 0.066875 0.089167
0 0.101562 0.900417 0.066875 0.085833
0 0.877188 0.688333 0.071875 0.081667
0 0.552813 0.347500 0.068125 0.075000
0 0.368437 0.628333 0.068125 0.076667
0 0.558125 0.878750 0.068750 0.092500
0 0.659375 0.879167 0.065000 0.078333
0 0.103125 0.630833 0.075000 0.096667
0 0.219375 0.402917 0.056250 0.079167
0 0.807500 0.750417 0.067500 0.085833
0 0.057500 0.820417 0.058750 0.080833
0 0.510312 0.243333 0.065625 0.080000
0 0.280000 0.339583 0.065000 0.084167
0 0.409062 0.403750 0.066875 0.084167
0 0.324062 0.715833 0.068125 0.095000
0 0.807500 0.654167 0.077500 0.078333
0 0.254063 0.928750 0.069375 0.099167
0 0.477812 0.913750 0.065625 0.087500
0 0.280938 0.415417 0.064375 0.079167
0 0.852812 0.040000 0.053125 0.070000
0 0.395625 0.522917 0.051250 0.080833
0 0.891250 0.478750 0.071250 0.090833
0 0.729375 0.312917 0.081250 0.069167
0 0.522813 0.419167 0.069375 0.085000
0 0.435312 0.860000 0.058125 0.075000
0 0.651875 0.094167 0.056250 0.073333
0 0.929375 0.185000 0.075000 0.093333
0 0.747812 0.827917 0.051875 0.084167
1 0.120625 0.244167 0.087500 0.116667
0 0.425000 0.946667 0.063750 0.071667
0 0.950000 0.802083 0.057500 0.079167
0 0.531250 0.272083 0.066250 0.087500
0 0.722500 0.660417 0.052500 0.075833
0 0.722187 0.075417 0.054375 0.084167
0 0.880000 0.118750 0.057500 0.087500
0 0.627812 0.569167 0.078125 0.108333
0 0.606875 0.042500 0.062500 0.080000
0 0.246250 0.056250 0.070000 0.079167
0 0.842812 0.492083 0.076875 0.092500
0 0.746875 0.501250 0.068750 0.100833
0 0.800000 0.573750 0.071250 0.095833
0 0.956562 0.427083 0.068125 0.084167
0 0.773125 0.605833 0.057500 0.096667
0 0.057188 0.466250 0.060625 0.080833
0 0.896875 0.326250 0.061250 0.085833
0 0.673125 0.702917 0.071250 0.084167
0 0.717812 0.824583 0.054375 0.069167
0 0.453437 0.543333 0.066875 0.083333
0 0.048750 0.703333 0.060000 0.108333
0 0.730625 0.592917 0.062500 0.069167
0 0.551562 0.464583 0.065625 0.090833
0 0.869687 0.596667 0.075625 0.098333
0 0.540000 0.512500 0.058750 0.083333
0 0.732812 0.140000 0.074375 0.090000
0 0.032500 0.584167 0.063750 0.096667
0 0.491250 0.477083 0.061250 0.089167
0 0.602500 0.606250 0.078750 0.072500
1 0.368125 0.875000 0.073750 0.106667
1 0.516563 0.580417 0.063125 0.115833
1 0.710000 0.230833 0.075000 0.126667
1 0.895938 0.224583 0.083125 0.132500
1 0.815937 0.362500 0.108125 0.130000
0 0.035937 0.746667 0.064375 0.078333
0 0.887813 0.567083 0.061875 0.085833
0 0.680625 0.669167 0.063750 0.095000
0 0.575313 0.558750 0.068125 0.084167
