0 0.352812 0.576250 0.061875 0.087500
0 0.576562 0.112500 0.070625 0.098333
0 0.261250 0.402917 0.056250 0.095833
0 0.918750 0.708333 0.060000 0.080000
0 0.450625 0.352500 0.076250 0.105000
0 0.678750 0.203333 0.065000 0.093333
0 0.754687 0.713750 0.066875 0.090833
3 0.781875 0.450417 0.091250 0.102500
0 0.682500 0.467500 0.073750 0.095000
0 0.042188 0.260833 0.065625 0.090000
0 0.111250 0.210833 0.056250 0.085000
0 0.410625 0.250417 0.061250 0.094167
0 0.843750 0.938750 0.071250 0.099167
0 0.501563 0.172500 0.064375 0.106667
0 0.413438 0.813333 0.056875 0.090000
0 0.843125 0.807500 0.063750 0.088333
0 0.811250 0.276250 0.071250 0.097500
0 0.776563 0.912917 0.068125 0.090833
0 0.513437 0.501667 0.075625 0.091667
0 0.645312 0.300417 0.065625 0.087500
0 0.095000 0.079167 0.065000 0.106667
0 0.485312 0.644167 0.064375 0.108333
0 0.169375 0.239583 0.057500 0.089167
0 0.179688 0.803750 0.066875 0.090833
0 0.228437 0.695833 0.060625 0.090000
0 0.150625 0.622500 0.066250 0.090000
0 0.236563 0.836250 0.069375 0.095833
0 0.213125 0.642083 0.068750 0.100833
0 0.902188 0.438750 0.058125 0.084167
0 0.571562 0.426250 0.068125 0.099167
0 0.573438 0.870000 0.064375 0.090000
0 0.343125 0.780000 0.081250 0.111667
0 0.051250 0.341667 0.067500 0.085000
0 0.331875 0.225833 0.067500 0.101667
0 0.057813 0.522917 0.069375 0.102500
0 0.648125 0.880417 0.081250 0.090833
0 0.735000 0.866250 0.071250 0.095833
0 0.462500 0.142917 0.068750 0.100833
0 0.611875 0.958750 0.056250 0.082500
0 0.890625 0.137083 0.061250 0.072500
0 0.027187 0.782917 0.053125 0.104167
0 0.591250 0.326250 0.057500 0.105833
0 0.963125 0.562917 0.068750 0.097500
0 0.311250 0.103750 0.071250 0.102500
0 0.413125 0.423750 0.066250 0.095833
0 0.917500 0.792083 0.065000 0.074167
0 0.306250 0.051250 0.053750 0.087500
0 0.669375 0.813333 0.071250 0.105000
0 0.379375 0.395000 0.068750 0.105000
3 0.189688 0.169167 0.081875 0.106667
0 0.623750 0.458333 0.058750 0.090000
0 0.509375 0.053750 0.072500 0.095833
0 0.367188 0.053333 0.060625 0.098333
0 0.906563 0.366250 0.066875 0.085833
0 0.886875 0.218333 0.077500 0.091667
0 0.619375 0.781667 0.057500 0.115000
0 0.654375 0.047500 0.067500 0.088333
