0 0.858437 0.159167 0.064375 0.083333
0 0.518437 0.070833 0.056875 0.073333
0 0.587500 0.140000 0.068750 0.088333
0 0.375000 0.192500 0.066250 0.090000
0 0.292500 0.125833 0.067500 0.091667
0 0.900625 0.070000 0.077500 0.103333
0 0.240000 0.067917 0.070000 0.095833
0 0.481563 0.330417 0.066875 0.097500
0 0.644687 0.636250 0.056875 0.079167
0 0.238437 0.935833 0.066875 0.086667
0 0.444375 0.191250 0.068750 0.079167
0 0.871875 0.538333 0.076250 0.096667
0 0.669687 0.118750 0.059375 0.089167
0 0.404062 0.547083 0.066875 0.104167
0 0.547500 0.724583 0.075000 0.099167
0 0.861563 0.412500 0.065625 0.081667
0 0.350000 0.852500 0.085000 0.103333
0 0.392813 0.649167 0.076875 0.101667
0 0.123750 0.792917 0.078750 0.095833
0 0.812813 0.265833 0.065625 0.081667
0 0.168125 0.155417 0.067500 0.100833
0 0.929375 0.580833 0.057500 0.085000
0 0.922188 0.163333 0.061875 0.076667
0 0.399062 0.411250 0.081875 0.092500
0 0.762188 0.087917 0.069375 0.087500
0 0.272500 0.548750 0.067500 0.087500
0 0.897500 0.668333 0.056250 0.073333
0 0.793750 0.197500 0.065000 0.091667
0 0.547813 0.817500 0.069375 0.086667
0 0.709688 0.750833 0.066875 0.091667
0 0.970000 0.484583 0.058750 0.084167
0 0.302500 0.472083 0.067500 0.085833
0 0.844375 0.630833 0.072500 0.101667
1 0.630938 0.825833 0.080625 0.106667
0 0.295000 0.362500 0.073750 0.095000
0 0.594375 0.659583 0.075000 0.085833
0 0.197187 0.669583 0.064375 0.099167
1 0.930625 0.419583 0.071250 0.120833
0 0.252812 0.213750 0.079375 0.082500
0 0.785625 0.753333 0.072500 0.091667
1 0.428125 0.472083 0.102500 0.082500
0 0.817187 0.681667 0.064375 0.071667
0 0.451250 0.042083 0.072500 0.084167
0 0.068750 0.240417 0.052500 0.080833
0 0.809063 0.832083 0.075625 0.092500
0 0.732812 0.135417 0.061875 0.072500
0 0.646563 0.565000 0.076875 0.086667
0 0.930000 0.205833 0.070000 0.093333
0 0.199063 0.142500 0.069375 0.096667
0 0.655000 0.723333 0.061250 0.078333
0 0.881250 0.332917 0.070000 0.094167
0 0.107188 0.258750 0.058125 0.097500
0 0.163750 0.312917 0.068750 0.077500
0 0.290312 0.865417 0.068125 0.090833
0 0.165937 0.234167 0.068125 0.075000
0 0.215625 0.356667 0.071250 0.090000
1 0.138125 0.584167 0.081250 0.156667
1 0.703125 0.263333 0.072500 0.115000
1 0.762813 0.910000 0.125625 0.086667
1 0.245938 0.284167 0.100625 0.081667
1 0.892500 0.300417 0.087500 0.109167
0 0.038750 0.201250 0.063750 0.092500
0 0.262813 0.406250 0.071875 0.090833
0 0.684063 0.829167 0.068125 0.090000
0 0.728750 0.214167 0.063750 0.100000
