0 0.190312 0.217917 0.063125 0.089167
0 0.620625 0.219583 0.053750 0.079167
0 0.261562 0.525417 0.055625 0.090833
0 0.822187 0.545417 0.059375 0.080833
0 0.814375 0.752083 0.072500 0.097500
0 0.210313 0.418333 0.064375 0.085000
0 0.631563 0.590417 0.058125 0.079167
0 0.296250 0.308750 0.073750 0.099167
0 0.094687 0.900833 0.060625 0.081667
0 0.150312 0.399167 0.055625 0.078333
0 0.555312 0.726667 0.059375 0.090000
0 0.324375 0.501667 0.065000 0.078333
0 0.828438 0.887500 0.060625 0.090000
0 0.503125 0.476667 0.066250 0.093333
0 0.467187 0.078750 0.068125 0.109167
4 0.184688 0.749167 0.078125 0.103333
0 0.740625 0.486667 0.071250 0.093333
0 0.206563 0.518333 0.053125 0.086667
0 0.934688 0.542917 0.059375 0.085833
0 0.559063 0.560000 0.064375 0.093333
0 0.476562 0.403333 0.075625 0.096667
0 0.684063 0.853750 0.073125 0.099167
0 0.283750 0.697917 0.062500 0.105833
0 0.038437 0.437083 0.061875 0.089167
0 0.758750 0.405000 0.053750 0.080000
4 0.614062 0.093333 0.073125 0.103333
0 0.745000 0.628750 0.062500 0.099167
4 0.757188 0.304583 0.070625 0.112500
0 0.138750 0.614167 0.071250 0.095000
0 0.504062 0.873333 0.066875 0.111667
0 0.885000 0.587917 0.070000 0.089167
0 0.715313 0.159167 0.068125 0.100000
0 0.697500 0.258750 0.060000 0.089167
0 0.348438 0.682500 0.069375 0.090000
0 0.149062 0.547083 0.071875 0.087500
0 0.539062 0.378333 0.053125 0.090000
0 0.359687 0.210833 0.073125 0.098333
0 0.756875 0.912083 0.070000 0.075833
0 0.081562 0.563750 0.058125 0.097500
0 0.135937 0.463333 0.064375 0.085000
0 0.290312 0.212083 0.068125 0.092500
0 0.083125 0.682083 0.066250 0.087500
0 0.235625 0.662500 0.065000 0.086667
0 0.772813 0.850833 0.058125 0.095000
0 0.657188 0.048333 0.065625 0.085000
0 0.348750 0.047083 0.075000 0.092500
0 0.099062 0.422083 0.063125 0.094167
