0 0.876563 0.567083 0.071875 0.092500
0 0.336875 0.918333 0.081250 0.108333
0 0.748125 0.900000 0.080000 0.101667
0 0.240000 0.847500 0.076250 0.105000
0 0.841250 0.837083 0.063750 0.084167
0 0.766250 0.082500 0.073750 0.091667
0 0.944375 0.464583 0.066250 0.072500
0 0.673125 0.875000 0.071250 0.098333
0 0.513125 0.787083 0.067500 0.090833
0 0.049063 0.509583 0.080625 0.102500
0 0.155000 0.908333 0.072500 0.096667
0 0.894687 0.107500 0.076875 0.100000
0 0.113750 0.140000 0.076250 0.108333
0 0.434063 0.880000 0.068125 0.090000
0 0.352812 0.346667 0.083125 0.108333
0 0.768125 0.239167 0.066250 0.075000
1 0.673750 0.735417 0.083750 0.109167
0 0.309375 0.132917 0.071250 0.095833
0 0.856563 0.724167 0.065625 0.093333
0 0.870625 0.342083 0.071250 0.085833
0 0.524062 0.506250 0.075625 0.092500
0 0.209375 0.611250 0.071250 0.102500
0 0.891875 0.200833 0.066250 0.091667
0 0.709375 0.576250 0.066250 0.104167
0 0.664062 0.056667 0.065625 0.096667
0 0.482500 0.179167 0.075000 0.111667
0 0.192812 0.698333 0.056875 0.083333
0 0.645312 0.594583 0.065625 0.095833
0 0.677813 0.426250 0.071875 0.097500
0 0.297500 0.245417 0.072500 0.099167
6 0.076250 0.864583 0.085000 0.120833
0 0.487812 0.445000 0.076875 0.103333
0 0.735938 0.165833 0.068125 0.081667
0 0.578125 0.799167 0.071250 0.111667
0 0.193750 0.762917 0.071250 0.095833
0 0.817813 0.457083 0.080625 0.095833
0 0.570312 0.691667 0.063125 0.085000
0 0.904375 0.298750 0.061250 0.100833
0 0.494375 0.860833 0.057500 0.083333
0 0.805625 0.315000 0.062500 0.088333
1 0.955625 0.334167 0.077500 0.145000
1 0.758750 0.465417 0.073750 0.117500
0 0.462187 0.105417 0.068125 0.092500
0 0.084062 0.312083 0.064375 0.085833
0 0.234063 0.361667 0.061875 0.081667
0 0.160938 0.396667 0.063125 0.086667
0 0.183125 0.323333 0.061250 0.073333
0 0.069375 0.345833 0.061250 0.090000
0 0.094375 0.368750 0.073750 0.089167
0 0.360938 0.195417 0.066875 0.087500
0 0.366875 0.266667 0.073750 0.076667
0 0.392188 0.115000 0.068125 0.083333
0 0.413750 0.153333 0.062500 0.085000
0 0.745313 0.312917 0.068125 0.080833
0 0.835625 0.177500 0.058750 0.076667
0 0.718437 0.147917 0.068125 0.074167
0 0.943125 0.161250 0.065000 0.090833
0 0.906563 0.401250 0.053125 0.089167
0 0.797188 0.512500 0.068125 0.086667
0 0.755938 0.562500 0.051875 0.080000
0 0.812187 0.607917 0.068125 0.085833
0 0.785937 0.628333 0.064375 0.083333
0 0.853750 0.665000 0.057500 0.096667
0 0.949688 0.696250 0.065625 0.065833
0 0.930312 0.820833 0.066875 0.070000
0 0.926562 0.750417 0.085625 0.092500
0 0.869687 0.673333 0.073125 0.076667
0 0.665625 0.830000 0.061250 0.083333
0 0.598437 0.818333 0.084375 0.103333
0 0.519375 0.924167 0.065000 0.080000
0 0.544063 0.712083 0.069375 0.084167
0 0.445312 0.932917 0.069375 0.087500
0 0.478125 0.498333 0.073750 0.101667
0 0.590000 0.554583 0.055000 0.092500
0 0.629687 0.504167 0.064375 0.071667
0 0.627500 0.652500 0.062500 0.078333
0 0.095625 0.671250 0.068750 0.090833
0 0.155000 0.846667 0.063750 0.088333
0 0.534687 0.957917 0.061875 0.069167
