0 0.234063 0.766250 0.071875 0.095833
0 0.622500 0.419167 0.056250 0.081667
0 0.419687 0.375833 0.058125 0.081667
0 0.275313 0.658750 0.069375 0.095833
0 0.100625 0.566667 0.066250 0.080000
0 0.589375 0.650417 0.065000 0.082500
0 0.397500 0.720000 0.068750 0.086667
0 0.804375 0.651250 0.072500 0.089167
4 0.569063 0.773333 0.079375 0.100000
0 0.474062 0.420833 0.074375 0.096667
0 0.284062 0.299583 0.065625 0.080833
0 0.045312 0.257500 0.065625 0.078333
0 0.165313 0.386250 0.069375 0.094167
0 0.426875 0.810000 0.062500 0.085000
0 0.365000 0.355833 0.058750 0.088333
0 0.390313 0.560417 0.069375 0.090833
0 0.751563 0.792083 0.074375 0.104167
0 0.234687 0.890000 0.071875 0.090000
0 0.491563 0.333750 0.061875 0.079167
0 0.884062 0.504583 0.064375 0.077500
0 0.121563 0.190000 0.073125 0.088333
0 0.482187 0.057500 0.060625 0.076667
0 0.155000 0.892917 0.078750 0.092500
0 0.097500 0.454583 0.073750 0.080833
0 0.598125 0.932083 0.057500 0.065833
0 0.683438 0.502083 0.070625 0.085833
0 0.620938 0.058750 0.071875 0.090833
0 0.880625 0.873333 0.058750 0.081667
0 0.166563 0.534583 0.065625 0.079167
0 0.517500 0.931250 0.065000 0.082500
0 0.875313 0.609167 0.065625 0.091667
0 0.522500 0.255833 0.068750 0.088333
0 0.877188 0.785833 0.064375 0.088333
0 0.152500 0.240000 0.075000 0.098333
0 0.588750 0.859583 0.060000 0.075833
0 0.904687 0.092917 0.075625 0.092500
0 0.047813 0.739583 0.075625 0.075833
0 0.457813 0.267917 0.065625 0.087500
0 0.647188 0.320417 0.070625 0.095833
0 0.067500 0.833333 0.062500 0.076667
0 0.455313 0.663750 0.059375 0.085833
0 0.746875 0.243750 0.052500 0.070833
0 0.752812 0.327500 0.058125 0.076667
0 0.829688 0.812500 0.073125 0.086667
0 0.632812 0.812083 0.056875 0.075833
3 0.427812 0.911667 0.073125 0.103333
3 0.526875 0.585000 0.083750 0.103333
0 0.947812 0.221667 0.075625 0.105000
0 0.824375 0.907917 0.066250 0.082500
0 0.037500 0.178750 0.062500 0.079167
0 0.227187 0.472917 0.079375 0.079167
0 0.909687 0.732917 0.078125 0.095833
0 0.697812 0.200833 0.055625 0.075000
0 0.818438 0.723333 0.070625 0.095000
0 0.724688 0.836667 0.068125 0.073333
0 0.604688 0.535000 0.070625 0.083333
0 0.860313 0.429167 0.070625 0.086667
0 0.463125 0.199583 0.072500 0.095833
1 0.866875 0.175000 0.085000 0.113333
0 0.534062 0.158333 0.069375 0.085000
0 0.505625 0.676250 0.066250 0.079167
0 0.333125 0.632500 0.057500 0.080000
0 0.204375 0.293333 0.058750 0.070000
5 0.270937 0.200417 0.086875 0.109167
0 0.670000 0.698750 0.061250 0.065833
0 0.641875 0.569583 0.052500 0.077500
0 0.316563 0.537917 0.061875 0.072500
0 0.531250 0.364167 0.057500 0.088333
0 0.515000 0.851250 0.065000 0.065833
0 0.760938 0.596667 0.053125 0.068333
0 0.295312 0.375833 0.058125 0.065000
0 0.965938 0.706667 0.065625 0.086667
0 0.104375 0.380000 0.061250 0.073333
0 0.905312 0.287500 0.048125 0.075000
0 0.573750 0.474583 0.051250 0.060833
0 0.178437 0.675000 0.051875 0.065000
0 0.331875 0.224167 0.057500 0.066667
0 0.137500 0.035833 0.053750 0.070000
0 0.680625 0.036667 0.061250 0.073333
0 0.885938 0.329583 0.103125 0.074167
