0 0.285938 0.733333 0.068125 0.106667
0 0.598125 0.827083 0.077500 0.105833
0 0.217188 0.047500 0.061875 0.093333
0 0.483750 0.276250 0.078750 0.104167
0 0.344375 0.337083 0.076250 0.102500
0 0.497188 0.847083 0.079375 0.105833
0 0.079062 0.321250 0.081875 0.115833
0 0.353438 0.433333 0.071875 0.105000
0 0.789062 0.773750 0.078125 0.094167
0 0.244062 0.230417 0.074375 0.092500
0 0.171250 0.245833 0.075000 0.103333
0 0.859688 0.210000 0.080625 0.103333
0 0.455937 0.514167 0.075625 0.105000
0 0.374688 0.177500 0.094375 0.098333
0 0.139687 0.941250 0.073125 0.087500
0 0.531563 0.175000 0.075625 0.105000
0 0.401875 0.786250 0.073750 0.104167
0 0.424063 0.931250 0.068125 0.104167
0 0.817500 0.123333 0.085000 0.101667
0 0.923438 0.897083 0.073125 0.102500
0 0.376250 0.673750 0.071250 0.090833
0 0.100625 0.405000 0.078750 0.108333
0 0.761563 0.174167 0.061875 0.091667
0 0.679375 0.470417 0.071250 0.102500
0 0.732187 0.486250 0.075625 0.090833
0 0.711250 0.124583 0.072500 0.109167
0 0.520625 0.505417 0.067500 0.094167
0 0.502812 0.598333 0.070625 0.110000
0 0.173125 0.865000 0.066250 0.086667
5 0.424063 0.617500 0.096875 0.148333
0 0.460313 0.705833 0.073125 0.086667
0 0.963125 0.949167 0.070000 0.100000
