0 0.560937 0.272500 0.058125 0.100000
0 0.867500 0.738333 0.073750 0.090000
0 0.959688 0.224583 0.059375 0.077500
0 0.375937 0.892500 0.063125 0.081667
0 0.278438 0.893750 0.065625 0.089167
0 0.493437 0.695000 0.064375 0.080000
0 0.877188 0.327083 0.073125 0.095833
0 0.396875 0.321250 0.070000 0.085833
0 0.089063 0.656250 0.073125 0.087500
0 0.728437 0.212917 0.075625 0.087500
0 0.879375 0.662917 0.060000 0.084167
0 0.768125 0.715417 0.055000 0.074167
0 0.143750 0.269583 0.070000 0.079167
0 0.902188 0.561667 0.060625 0.085000
0 0.870313 0.091250 0.088125 0.104167
0 0.289062 0.502083 0.068125 0.079167
0 0.944375 0.747917 0.078750 0.095833
0 0.098750 0.390833 0.063750 0.083333
0 0.944375 0.915833 0.080000 0.091667
0 0.163125 0.361667 0.077500 0.103333
0 0.506875 0.192500 0.063750 0.091667
0 0.172187 0.809167 0.060625 0.076667
0 0.895625 0.235000 0.072500 0.091667
0 0.883750 0.855833 0.075000 0.101667
0 0.430625 0.413750 0.057500 0.077500
0 0.047813 0.286250 0.068125 0.082500
0 0.708750 0.655417 0.066250 0.075833
0 0.642500 0.849167 0.068750 0.098333
0 0.931875 0.641667 0.070000 0.100000
0 0.625938 0.501667 0.076875 0.088333
0 0.197813 0.695000 0.078125 0.080000
0 0.474687 0.088333 0.061875 0.090000
0 0.349687 0.619167 0.069375 0.078333
0 0.675000 0.914583 0.062500 0.085833
0 0.487187 0.544583 0.071875 0.092500
0 0.132812 0.146250 0.069375 0.104167
0 0.612500 0.278333 0.056250 0.096667
0 0.472813 0.432917 0.059375 0.079167
0 0.465938 0.622500 0.075625 0.073333
0 0.429063 0.557917 0.060625 0.072500
0 0.754687 0.045417 0.071875 0.082500
0 0.055313 0.354167 0.069375 0.103333
0 0.057188 0.447083 0.054375 0.077500
0 0.545625 0.528750 0.067500 0.079167
0 0.202813 0.637083 0.063125 0.082500
0 0.459375 0.957917 0.063750 0.080833
0 0.226562 0.110000 0.050625 0.068333
1 0.354375 0.256250 0.096250 0.105833
0 0.737812 0.628750 0.066875 0.089167
0 0.456562 0.167083 0.079375 0.075833
0 0.959688 0.486250 0.073125 0.085833
0 0.200625 0.768750 0.070000 0.080833
0 0.565000 0.887083 0.056250 0.070833
0 0.120313 0.442917 0.068125 0.069167
