0 0.877812 0.455417 0.075625 0.090833
0 0.385000 0.547917 0.075000 0.099167
0 0.313437 0.458333 0.071875 0.101667
0 0.419375 0.355000 0.072500 0.098333
0 0.275625 0.852500 0.066250 0.076667
0 0.569688 0.232083 0.081875 0.095833
0 0.261250 0.647500 0.068750 0.088333
0 0.719375 0.546250 0.068750 0.095833
0 0.217812 0.765000 0.073125 0.098333
0 0.065625 0.627917 0.081250 0.090833
0 0.482187 0.862917 0.068125 0.104167
0 0.199687 0.646250 0.061875 0.104167
0 0.294375 0.288750 0.068750 0.085833
0 0.581562 0.340417 0.076875 0.085833
0 0.377812 0.887917 0.073125 0.102500
0 0.890625 0.822083 0.072500 0.104167
0 0.434375 0.905417 0.063750 0.100833
0 0.848437 0.068750 0.068125 0.099167
0 0.745938 0.717500 0.070625 0.093333
0 0.819375 0.757083 0.063750 0.089167
0 0.278750 0.063333 0.067500 0.093333
0 0.813750 0.168750 0.080000 0.095833
0 0.171875 0.515833 0.062500 0.091667
0 0.961875 0.897083 0.070000 0.110833
0 0.730000 0.469167 0.072500 0.096667
0 0.924687 0.157083 0.073125 0.089167
0 0.057188 0.931250 0.071875 0.097500
0 0.907188 0.245833 0.076875 0.088333
0 0.943750 0.619583 0.072500 0.100833
0 0.658438 0.570833 0.070625 0.111667
0 0.479063 0.735417 0.063125 0.099167
0 0.919375 0.386250 0.076250 0.099167
0 0.280938 0.192917 0.069375 0.090833
0 0.575000 0.155417 0.090000 0.070833
0 0.081875 0.797083 0.067500 0.089167
0 0.237187 0.910417 0.076875 0.095833
0 0.193750 0.455000 0.076250 0.106667
0 0.315000 0.548750 0.067500 0.099167
0 0.808750 0.489583 0.072500 0.112500
0 0.904062 0.952917 0.063125 0.094167
