0 0.923125 0.413750 0.072500 0.085833
0 0.367188 0.461250 0.075625 0.100833
0 0.484063 0.412083 0.069375 0.087500
0 0.273125 0.155417 0.061250 0.095833
0 0.954063 0.329583 0.066875 0.092500
0 0.879687 0.275833 0.056875 0.080000
0 0.627188 0.267083 0.066875 0.090833
0 0.797813 0.622500 0.078125 0.106667
0 0.628750 0.103750 0.061250 0.087500
0 0.683125 0.155417 0.068750 0.085833
0 0.038437 0.067083 0.059375 0.080833
0 0.831875 0.209583 0.071250 0.097500
0 0.339062 0.174583 0.065625 0.092500
0 0.684375 0.302500 0.063750 0.083333
0 0.196250 0.136667 0.067500 0.088333
0 0.211562 0.444167 0.073125 0.090000
0 0.200313 0.312917 0.054375 0.079167
0 0.498750 0.722917 0.078750 0.105833
0 0.417500 0.356250 0.060000 0.082500
0 0.604375 0.702500 0.076250 0.101667
0 0.885312 0.520833 0.069375 0.080000
0 0.735313 0.252083 0.075625 0.097500
0 0.942187 0.956667 0.060625 0.085000
0 0.392188 0.228333 0.076875 0.096667
0 0.307500 0.086250 0.062500 0.069167
0 0.470313 0.072500 0.056875 0.071667
0 0.844688 0.412917 0.060625 0.097500
0 0.057500 0.910417 0.076250 0.099167
0 0.651250 0.924583 0.066250 0.097500
0 0.826562 0.470000 0.070625 0.088333
0 0.446875 0.168750 0.080000 0.104167
0 0.518125 0.322083 0.060000 0.072500
0 0.550000 0.256667 0.063750 0.083333
0 0.704063 0.713333 0.070625 0.086667
0 0.136250 0.742500 0.062500 0.091667
0 0.248125 0.881667 0.078750 0.100000
0 0.760625 0.382083 0.071250 0.090833
0 0.665937 0.540000 0.069375 0.100000
0 0.037500 0.449167 0.067500 0.101667
0 0.655000 0.382500 0.051250 0.065000
1 0.426250 0.912917 0.098750 0.104167
0 0.729688 0.623750 0.070625 0.100833
0 0.705000 0.785417 0.071250 0.082500
0 0.596250 0.482500 0.078750 0.096667
0 0.201563 0.226250 0.063125 0.082500
0 0.277813 0.802500 0.078125 0.101667
0 0.134687 0.250000 0.066875 0.086667
0 0.567500 0.406250 0.045000 0.074167
0 0.244375 0.239583 0.068750 0.090833
0 0.403750 0.067917 0.068750 0.090833
1 0.526563 0.072917 0.073125 0.122500
0 0.133750 0.102500 0.061250 0.081667
0 0.094375 0.155833 0.058750 0.081667
0 0.385937 0.368750 0.051875 0.074167
0 0.805937 0.238333 0.070625 0.088333
0 0.123125 0.514167 0.076250 0.103333
0 0.959063 0.593333 0.070625 0.093333
0 0.738125 0.110833 0.071250 0.086667
1 0.073750 0.244583 0.071250 0.102500
0 0.133750 0.335833 0.058750 0.081667
0 0.615313 0.427917 0.060625 0.084167
0 0.743437 0.852500 0.065625 0.096667
0 0.648750 0.819583 0.058750 0.087500
0 0.498125 0.189583 0.071250 0.100833
0 0.301875 0.300000 0.082500 0.091667
0 0.566875 0.171250 0.055000 0.079167
0 0.618437 0.179583 0.053125 0.079167
0 0.294687 0.250000 0.075625 0.088333
0 0.772813 0.513333 0.078125 0.083333
0 0.773750 0.114167 0.058750 0.091667
0 0.366875 0.702917 0.075000 0.095833
0 0.712812 0.395417 0.061875 0.077500
0 0.762813 0.455833 0.064375 0.085000
1 0.784062 0.802917 0.074375 0.129167
0 0.321875 0.380000 0.058750 0.093333
0 0.117500 0.679167 0.075000 0.098333
0 0.767813 0.884583 0.065625 0.092500
4 0.533438 0.541250 0.103125 0.077500
1 0.460313 0.477917 0.101875 0.117500
1 0.701250 0.452083 0.076250 0.092500
1 0.734375 0.539167 0.075000 0.096667
0 0.665000 0.627917 0.063750 0.100833
0 0.628125 0.624167 0.063750 0.085000
0 0.103438 0.413333 0.059375 0.086667
0 0.110312 0.448333 0.068125 0.073333
0 0.162812 0.466250 0.065625 0.075833
0 0.263437 0.344583 0.070625 0.095833
0 0.308750 0.350000 0.082500 0.085000
0 0.230937 0.402917 0.068125 0.119167
0 0.102188 0.116250 0.068125 0.089167
0 0.139687 0.215833 0.069375 0.085000
0 0.458750 0.313333 0.062500 0.086667
0 0.455313 0.278750 0.069375 0.077500
0 0.696875 0.230417 0.062500 0.090833
1 0.192500 0.859167 0.087500 0.116667
0 0.055313 0.748750 0.059375 0.074167
0 0.070938 0.829167 0.079375 0.090000
0 0.283438 0.952083 0.068125 0.090833
0 0.185312 0.951667 0.068125 0.086667
0 0.108125 0.842083 0.063750 0.090833
0 0.039062 0.401250 0.060625 0.089167
0 0.032500 0.158750 0.065000 0.079167
0 0.484375 0.229583 0.051250 0.074167
0 0.509687 0.147083 0.049375 0.065833
0 0.377500 0.568750 0.075000 0.090833
0 0.337813 0.542083 0.055625 0.079167
