0 0.759687 0.560417 0.083125 0.097500
0 0.781250 0.791667 0.055000 0.076667
0 0.852187 0.723750 0.076875 0.104167
0 0.908750 0.184583 0.070000 0.094167
0 0.775625 0.205000 0.068750 0.096667
0 0.573750 0.164167 0.071250 0.096667
0 0.373125 0.154583 0.077500 0.095833
0 0.503125 0.602917 0.080000 0.110833
0 0.361563 0.335833 0.078125 0.090000
0 0.457813 0.451250 0.074375 0.110833
0 0.524687 0.774583 0.080625 0.090833
0 0.625625 0.828333 0.083750 0.108333
0 0.711875 0.456667 0.071250 0.086667
0 0.693750 0.355417 0.071250 0.095833
0 0.570000 0.295000 0.076250 0.096667
0 0.537500 0.440417 0.075000 0.099167
0 0.076563 0.434167 0.078125 0.101667
0 0.053125 0.712083 0.075000 0.099167
0 0.087500 0.088333 0.072500 0.108333
0 0.638437 0.244167 0.078125 0.106667
0 0.759375 0.326667 0.070000 0.095000
0 0.948438 0.848333 0.075625 0.091667
0 0.172500 0.893333 0.076250 0.088333
0 0.088438 0.876667 0.078125 0.086667
0 0.333437 0.952500 0.085625 0.091667
0 0.743437 0.949583 0.071875 0.097500
0 0.297500 0.844583 0.081250 0.090833
0 0.258437 0.900417 0.071875 0.089167
3 0.608125 0.383333 0.092500 0.135000
0 0.480312 0.049583 0.070625 0.099167
0 0.836250 0.052083 0.075000 0.094167
0 0.954063 0.561250 0.086875 0.112500
0 0.444063 0.940417 0.084375 0.105833
