0 0.673438 0.347500 0.078125 0.088333
0 0.230000 0.697083 0.061250 0.087500
0 0.775312 0.351250 0.078125 0.107500
0 0.567813 0.475833 0.064375 0.078333
0 0.558125 0.637500 0.056250 0.078333
0 0.522813 0.815417 0.068125 0.085833
0 0.623437 0.933333 0.074375 0.098333
0 0.400313 0.737500 0.071875 0.095000
0 0.606875 0.737917 0.080000 0.099167
0 0.703750 0.742083 0.076250 0.099167
0 0.275000 0.596667 0.081250 0.106667
0 0.057813 0.432917 0.079375 0.099167
0 0.497188 0.393750 0.073125 0.089167
0 0.615000 0.542917 0.076250 0.099167
0 0.649375 0.177500 0.066250 0.090000
0 0.748125 0.675833 0.068750 0.090000
0 0.077188 0.237083 0.070625 0.097500
0 0.709688 0.224167 0.064375 0.100000
0 0.755938 0.500833 0.061875 0.081667
0 0.531250 0.214583 0.087500 0.092500
0 0.320000 0.212083 0.072500 0.117500
0 0.051250 0.845000 0.077500 0.100000
0 0.897500 0.925417 0.067500 0.092500
0 0.491875 0.107083 0.070000 0.114167
0 0.964063 0.175000 0.070625 0.096667
0 0.945312 0.625833 0.095625 0.071667
0 0.084687 0.733750 0.090625 0.112500
0 0.854062 0.624167 0.070625 0.106667
0 0.796562 0.052917 0.081875 0.105833
3 0.473750 0.525833 0.092500 0.121667
