0 0.458125 0.852500 0.080000 0.103333
1 0.565625 0.533750 0.111250 0.107500
0 0.070312 0.114583 0.074375 0.105833
0 0.307188 0.812500 0.073125 0.103333
0 0.128750 0.703750 0.076250 0.105833
0 0.386250 0.844583 0.066250 0.084167
0 0.377500 0.582917 0.076250 0.102500
0 0.757188 0.131667 0.076875 0.106667
0 0.143125 0.915000 0.072500 0.111667
0 0.352812 0.497083 0.078125 0.100833
0 0.348750 0.307917 0.077500 0.099167
0 0.052500 0.479583 0.068750 0.089167
0 0.633125 0.274583 0.072500 0.100833
0 0.137187 0.773750 0.073125 0.104167
0 0.470625 0.337500 0.088750 0.111667
0 0.423750 0.096667 0.082500 0.113333
0 0.723750 0.645417 0.083750 0.100833
0 0.919687 0.873333 0.088125 0.106667
0 0.951250 0.049583 0.078750 0.092500
0 0.619375 0.939583 0.087500 0.112500
0 0.305000 0.077083 0.077500 0.110833
0 0.575313 0.881667 0.069375 0.098333
0 0.440625 0.499167 0.072500 0.096667
0 0.512188 0.918333 0.075625 0.098333
0 0.163750 0.328333 0.080000 0.095000
0 0.073438 0.941250 0.065625 0.099167
0 0.532188 0.720000 0.073125 0.110000
0 0.817187 0.295833 0.078125 0.103333
0 0.858437 0.458750 0.069375 0.095833
1 0.340313 0.649167 0.086875 0.141667
0 0.676250 0.481667 0.056250 0.120000
0 0.082812 0.213333 0.071875 0.101667
0 0.734688 0.517083 0.074375 0.094167
0 0.914062 0.375417 0.065625 0.127500
0 0.741563 0.550417 0.063125 0.084167
0 0.959375 0.350833 0.075000 0.145000
