0 0.563750 0.486250 0.068750 0.087500
0 0.366250 0.150000 0.067500 0.083333
0 0.156250 0.673333 0.076250 0.086667
0 0.167500 0.789583 0.067500 0.084167
0 0.721875 0.188333 0.062500 0.101667
0 0.180312 0.312917 0.059375 0.094167
0 0.507812 0.148750 0.070625 0.092500
0 0.249688 0.271667 0.066875 0.100000
0 0.898438 0.419167 0.070625 0.095000
0 0.436875 0.387500 0.068750 0.081667
0 0.050000 0.326667 0.063750 0.086667
0 0.604688 0.392500 0.060625 0.083333
0 0.528750 0.374583 0.065000 0.085833
0 0.591562 0.568333 0.070625 0.096667
0 0.945312 0.171250 0.073125 0.100833
0 0.224062 0.410000 0.059375 0.090000
0 0.755000 0.617917 0.068750 0.084167
0 0.491875 0.499583 0.065000 0.079167
0 0.122500 0.348333 0.067500 0.090000
6 0.567813 0.814583 0.085625 0.112500
0 0.059687 0.146667 0.065625 0.098333
0 0.393750 0.541667 0.082500 0.105000
0 0.507500 0.604167 0.065000 0.076667
0 0.775625 0.858333 0.077500 0.095000
0 0.381563 0.282917 0.064375 0.089167
0 0.642500 0.797500 0.065000 0.091667
0 0.752812 0.400833 0.066875 0.090000
0 0.782188 0.690000 0.065625 0.083333
0 0.133437 0.914583 0.066875 0.104167
0 0.720000 0.745000 0.070000 0.075000
0 0.206875 0.496250 0.067500 0.077500
0 0.869375 0.342917 0.068750 0.104167
6 0.715000 0.323750 0.083750 0.109167
0 0.404062 0.050417 0.063125 0.089167
0 0.460313 0.289583 0.063125 0.087500
0 0.429688 0.485833 0.064375 0.080000
0 0.343438 0.285000 0.063125 0.088333
0 0.965625 0.833750 0.065000 0.085833
0 0.201875 0.103750 0.075000 0.094167
0 0.553125 0.320833 0.065000 0.088333
0 0.725000 0.820000 0.078750 0.091667
0 0.536250 0.207083 0.071250 0.102500
0 0.492500 0.262917 0.072500 0.105833
0 0.060312 0.244583 0.059375 0.085833
0 0.155938 0.596667 0.080625 0.068333
0 0.234687 0.610833 0.058125 0.106667
0 0.732187 0.555000 0.078125 0.076667
0 0.188750 0.919583 0.071250 0.117500
0 0.569375 0.738333 0.093750 0.080000
4 0.270000 0.077917 0.072500 0.115833
0 0.306250 0.110417 0.056250 0.102500
0 0.234687 0.048333 0.068125 0.093333
0 0.823125 0.055417 0.073750 0.085833
0 0.162188 0.564583 0.079375 0.097500
