0 0.901563 0.770000 0.063125 0.083333
0 0.259688 0.757917 0.061875 0.082500
0 0.170313 0.896667 0.073125 0.091667
0 0.680312 0.777083 0.064375 0.089167
0 0.332188 0.717500 0.071875 0.088333
0 0.160625 0.660833 0.062500 0.100000
0 0.398125 0.498333 0.072500 0.091667
0 0.629687 0.312917 0.060625 0.089167
0 0.340938 0.858750 0.073125 0.102500
0 0.607812 0.095833 0.059375 0.080000
0 0.686875 0.175000 0.076250 0.076667
0 0.150000 0.773333 0.066250 0.093333
0 0.061875 0.426667 0.070000 0.078333
0 0.108438 0.672500 0.059375 0.085000
0 0.050000 0.895833 0.068750 0.108333
0 0.394688 0.191250 0.065625 0.074167
0 0.289375 0.594167 0.067500 0.081667
0 0.512188 0.397917 0.064375 0.084167
0 0.597812 0.613333 0.066875 0.091667
0 0.876250 0.110833 0.066250 0.091667
0 0.721250 0.499583 0.061250 0.077500
0 0.626250 0.712083 0.077500 0.102500
0 0.751875 0.422083 0.066250 0.085833
1 0.060625 0.356667 0.083750 0.095000
0 0.576562 0.364583 0.070625 0.087500
0 0.190312 0.371250 0.065625 0.077500
0 0.516875 0.227083 0.066250 0.080833
0 0.234687 0.271667 0.063125 0.066667
0 0.794375 0.840417 0.073750 0.082500
0 0.354375 0.577083 0.072500 0.094167
0 0.495625 0.158333 0.062500 0.073333
0 0.831562 0.633750 0.069375 0.067500
6 0.247188 0.193750 0.110625 0.089167
0 0.940312 0.709583 0.063125 0.085833
0 0.860313 0.507083 0.061875 0.060833
0 0.489375 0.288750 0.066250 0.085833
0 0.150312 0.375000 0.070625 0.098333
0 0.849375 0.533333 0.083750 0.073333
1 0.506875 0.896250 0.102500 0.099167
4 0.807500 0.752500 0.086250 0.081667
1 0.403125 0.295833 0.076250 0.108333
1 0.197500 0.081250 0.082500 0.120833
0 0.419375 0.042083 0.067500 0.074167
0 0.855625 0.820417 0.066250 0.077500
0 0.643437 0.950417 0.074375 0.099167
4 0.432812 0.951667 0.078125 0.096667
