0 0.235000 0.735833 0.083750 0.110000
0 0.247812 0.337500 0.079375 0.100000
0 0.885625 0.167083 0.078750 0.100833
0 0.583125 0.617083 0.075000 0.097500
0 0.569375 0.522917 0.075000 0.095833
0 0.671562 0.108333 0.081875 0.096667
0 0.881250 0.440417 0.083750 0.107500
0 0.872812 0.069167 0.069375 0.098333
0 0.804375 0.568750 0.066250 0.092500
0 0.956875 0.096250 0.082500 0.102500
0 0.283125 0.237500 0.080000 0.095000
0 0.782500 0.909167 0.071250 0.088333
0 0.806875 0.256250 0.082500 0.089167
0 0.096562 0.418750 0.078125 0.090833
0 0.200000 0.074583 0.070000 0.104167
0 0.080000 0.103333 0.072500 0.088333
0 0.318750 0.851667 0.068750 0.096667
0 0.435937 0.894167 0.078125 0.103333
0 0.032188 0.249583 0.063125 0.100833
0 0.562813 0.103750 0.075625 0.100833
0 0.239375 0.147917 0.087500 0.095833
0 0.269375 0.558750 0.076250 0.099167
0 0.380937 0.797083 0.076875 0.112500
0 0.453437 0.356250 0.076875 0.100833
0 0.851875 0.344167 0.081250 0.090000
0 0.437812 0.634167 0.071875 0.091667
0 0.294687 0.587917 0.079375 0.095833
0 0.247500 0.454583 0.088750 0.109167
0 0.827187 0.191667 0.073125 0.111667
0 0.066875 0.787500 0.070000 0.101667
0 0.519375 0.630000 0.066250 0.091667
0 0.153438 0.711667 0.081875 0.110000
0 0.158125 0.924583 0.076250 0.107500
0 0.549375 0.190833 0.078750 0.103333
0 0.917813 0.320833 0.068125 0.098333
0 0.135625 0.883333 0.075000 0.100000
0 0.915000 0.535417 0.073750 0.102500
0 0.556562 0.746250 0.075625 0.099167
0 0.959063 0.216250 0.073125 0.109167
0 0.769375 0.120833 0.066250 0.090000
0 0.770000 0.585833 0.071250 0.103333
0 0.070625 0.692500 0.070000 0.101667
0 0.873750 0.295417 0.076250 0.095833
0 0.605938 0.437500 0.069375 0.098333
0 0.207813 0.640417 0.069375 0.090833
0 0.345625 0.421250 0.075000 0.104167
0 0.196563 0.535833 0.089375 0.093333
0 0.632188 0.353750 0.075625 0.109167
0 0.610313 0.880000 0.070625 0.091667
0 0.506250 0.667500 0.061250 0.091667
0 0.521250 0.403750 0.060000 0.102500
0 0.701250 0.389167 0.068750 0.073333
0 0.948438 0.490833 0.063125 0.100000
2 0.732187 0.297500 0.093125 0.110000
0 0.493750 0.080000 0.077500 0.100000
0 0.105625 0.592083 0.065000 0.090833
0 0.560625 0.481250 0.078750 0.097500
0 0.517188 0.502917 0.060625 0.102500
2 0.352812 0.240833 0.089375 0.165000
0 0.141875 0.611250 0.072500 0.100833
0 0.304688 0.277917 0.075625 0.107500
0 0.752188 0.372917 0.073125 0.099167
0 0.456875 0.491250 0.068750 0.112500
0 0.081562 0.583333 0.076875 0.091667
0 0.404687 0.468750 0.061875 0.100833
3 0.711250 0.612917 0.065000 0.137500
0 0.436875 0.659583 0.061250 0.092500
0 0.472187 0.464583 0.060625 0.102500
