0 0.428750 0.736667 0.071250 0.090000
0 0.426563 0.887500 0.064375 0.086667
0 0.282813 0.830000 0.074375 0.083333
0 0.765625 0.439583 0.062500 0.090833
0 0.529687 0.726250 0.070625 0.094167
0 0.323437 0.241250 0.060625 0.097500
0 0.248750 0.555000 0.065000 0.098333
0 0.602187 0.205417 0.061875 0.099167
0 0.305000 0.534167 0.063750 0.073333
0 0.865625 0.073333 0.057500 0.070000
0 0.705625 0.528333 0.068750 0.096667
0 0.351875 0.192917 0.065000 0.092500
0 0.442500 0.182917 0.071250 0.110833
0 0.450000 0.424167 0.073750 0.096667
0 0.496250 0.105833 0.070000 0.081667
0 0.614688 0.716667 0.079375 0.100000
0 0.413438 0.601667 0.068125 0.091667
0 0.102813 0.890833 0.079375 0.090000
0 0.370937 0.102083 0.069375 0.090833
0 0.285625 0.678750 0.072500 0.080833
0 0.569688 0.120000 0.068125 0.095000
0 0.231563 0.420000 0.074375 0.085000
0 0.762813 0.350417 0.074375 0.099167
0 0.251250 0.190833 0.075000 0.100000
0 0.800000 0.201667 0.071250 0.091667
0 0.559375 0.543750 0.063750 0.107500
0 0.835000 0.788750 0.063750 0.102500
0 0.783750 0.619167 0.067500 0.098333
0 0.819688 0.408750 0.056875 0.109167
0 0.060000 0.118750 0.062500 0.109167
0 0.785937 0.862083 0.054375 0.109167
0 0.361563 0.882083 0.070625 0.092500
0 0.287813 0.379167 0.061875 0.091667
0 0.337500 0.931250 0.068750 0.080833
0 0.515312 0.530417 0.050625 0.100833
0 0.595000 0.475000 0.065000 0.090000
0 0.095000 0.525417 0.075000 0.104167
0 0.499063 0.855417 0.065625 0.109167
0 0.168125 0.555833 0.075000 0.098333
0 0.391875 0.332500 0.072500 0.103333
0 0.441563 0.536667 0.070625 0.095000
0 0.071875 0.233750 0.065000 0.089167
0 0.883750 0.944167 0.061250 0.093333
0 0.109375 0.093333 0.053750 0.095000
0 0.303125 0.086667 0.071250 0.090000
0 0.446875 0.267917 0.060000 0.070833
0 0.819688 0.715417 0.065625 0.092500
0 0.628750 0.869167 0.062500 0.125000
0 0.212188 0.240417 0.061875 0.085833
0 0.675937 0.807083 0.070625 0.100833
0 0.149062 0.273333 0.059375 0.076667
0 0.936250 0.748333 0.067500 0.083333
0 0.333125 0.410417 0.071250 0.097500
0 0.825937 0.495833 0.060625 0.081667
0 0.952187 0.798333 0.069375 0.080000
0 0.683125 0.117500 0.073750 0.108333
0 0.362187 0.765000 0.070625 0.096667
0 0.728437 0.930000 0.068125 0.093333
0 0.150312 0.494583 0.070625 0.114167
0 0.258750 0.269583 0.075000 0.079167
0 0.346875 0.718333 0.082500 0.091667
0 0.887813 0.760417 0.061875 0.092500
0 0.050625 0.329167 0.076250 0.080000
0 0.761875 0.541667 0.063750 0.115000
0 0.141875 0.842500 0.085000 0.071667
0 0.896875 0.052083 0.062500 0.085833
0 0.559063 0.348333 0.078125 0.100000
0 0.319063 0.645417 0.089375 0.090833
0 0.153125 0.770000 0.077500 0.111667
0 0.295000 0.602500 0.070000 0.085000
0 0.695312 0.700417 0.059375 0.127500
0 0.542813 0.290833 0.079375 0.078333
0 0.113125 0.148750 0.073750 0.067500
0 0.579688 0.436667 0.078125 0.085000
0 0.867812 0.864583 0.069375 0.095833
0 0.730625 0.645417 0.072500 0.099167
0 0.872188 0.564167 0.081875 0.093333
0 0.032188 0.676250 0.064375 0.105833
0 0.485625 0.605417 0.041250 0.114167
0 0.949375 0.048333 0.063750 0.095000
0 0.525312 0.230000 0.085625 0.086667
0 0.119063 0.961667 0.081875 0.075000
0 0.889375 0.333333 0.067500 0.110000
0 0.916562 0.470833 0.075625 0.115000
0 0.868750 0.413333 0.062500 0.095000
4 0.156562 0.683333 0.098125 0.100000
0 0.742188 0.257083 0.076875 0.090833
0 0.146875 0.211250 0.071250 0.087500
0 0.897813 0.440833 0.061875 0.096667
0 0.856875 0.508750 0.060000 0.099167
0 0.033438 0.890417 0.066875 0.077500
0 0.819688 0.198333 0.065625 0.095000
