0 0.619687 0.264583 0.063125 0.084167
0 0.881875 0.697500 0.063750 0.078333
0 0.190000 0.315000 0.070000 0.095000
0 0.439375 0.307083 0.058750 0.082500
0 0.080000 0.087083 0.067500 0.095833
0 0.932813 0.355000 0.058125 0.100000
0 0.187188 0.800833 0.071875 0.106667
0 0.411875 0.150417 0.065000 0.090833
3 0.238437 0.485000 0.080625 0.103333
0 0.559063 0.902500 0.058125 0.086667
0 0.629375 0.872500 0.075000 0.095000
0 0.787188 0.202917 0.056875 0.077500
0 0.526563 0.641667 0.071875 0.100000
0 0.956875 0.902917 0.071250 0.095833
0 0.494688 0.747917 0.070625 0.094167
0 0.779687 0.045000 0.064375 0.081667
0 0.833125 0.440833 0.072500 0.091667
0 0.782500 0.308750 0.068750 0.089167
0 0.740000 0.457083 0.073750 0.092500
0 0.953125 0.605417 0.065000 0.084167
0 0.398438 0.353333 0.056875 0.083333
0 0.315625 0.487083 0.070000 0.090833
0 0.842500 0.558750 0.056250 0.090833
0 0.548125 0.787917 0.063750 0.092500
0 0.118125 0.795417 0.068750 0.094167
0 0.456562 0.641250 0.071875 0.095833
0 0.448750 0.841667 0.072500 0.090000
0 0.673750 0.423750 0.061250 0.084167
0 0.659062 0.523333 0.070625 0.088333
0 0.622188 0.397500 0.066875 0.098333
0 0.712500 0.320000 0.056250 0.081667
0 0.656563 0.059583 0.074375 0.100833
0 0.135313 0.616250 0.073125 0.087500
0 0.885625 0.785833 0.076250 0.081667
1 0.227187 0.612500 0.081875 0.110000
4 0.861875 0.299583 0.072500 0.104167
0 0.723125 0.808333 0.061250 0.095000
0 0.086563 0.555000 0.056875 0.085000
0 0.842812 0.173750 0.061875 0.082500
0 0.393750 0.918750 0.063750 0.089167
0 0.339375 0.355417 0.058750 0.085833
3 0.288438 0.313750 0.078125 0.094167
0 0.704688 0.950417 0.063125 0.077500
0 0.212812 0.705417 0.066875 0.087500
0 0.456875 0.923750 0.068750 0.089167
0 0.285938 0.393333 0.073125 0.085000
0 0.338125 0.097500 0.068750 0.083333
0 0.677813 0.774583 0.058125 0.082500
0 0.772500 0.801667 0.051250 0.086667
0 0.806250 0.840000 0.068750 0.091667
0 0.197500 0.042500 0.065000 0.075000
0 0.171875 0.892917 0.056250 0.077500
0 0.777500 0.897500 0.056250 0.105000
0 0.381250 0.067917 0.068750 0.060833
0 0.038437 0.581667 0.068125 0.090000
0 0.721562 0.899583 0.055625 0.092500
