0 0.767188 0.814583 0.076875 0.099167
0 0.878437 0.774167 0.069375 0.078333
0 0.669063 0.581667 0.071875 0.101667
0 0.715938 0.906250 0.068125 0.085833
0 0.341250 0.760000 0.081250 0.105000
0 0.325625 0.576250 0.062500 0.102500
0 0.075938 0.643750 0.065625 0.085833
0 0.522188 0.616250 0.081875 0.084167
0 0.906563 0.859583 0.071875 0.094167
0 0.561875 0.502917 0.067500 0.087500
0 0.169063 0.663333 0.075625 0.096667
0 0.405313 0.371250 0.061875 0.075833
0 0.922500 0.713333 0.077500 0.088333
0 0.597187 0.454167 0.071875 0.095000
0 0.933438 0.626250 0.069375 0.089167
0 0.849375 0.647500 0.067500 0.091667
0 0.139687 0.845833 0.074375 0.100000
0 0.216875 0.058333 0.072500 0.085000
0 0.512188 0.705417 0.069375 0.089167
0 0.391562 0.605417 0.073125 0.109167
0 0.775937 0.692083 0.073125 0.092500
0 0.321875 0.341667 0.071250 0.083333
0 0.878750 0.076667 0.062500 0.085000
0 0.816250 0.285000 0.091250 0.083333
0 0.544375 0.342083 0.065000 0.077500
0 0.475313 0.763750 0.076875 0.090833
0 0.063125 0.051667 0.081250 0.076667
0 0.774687 0.419167 0.074375 0.093333
0 0.944375 0.925000 0.067500 0.106667
0 0.425000 0.566667 0.066250 0.088333
0 0.437188 0.815833 0.071875 0.083333
0 0.725000 0.678333 0.058750 0.116667
0 0.866563 0.942917 0.083125 0.105833
0 0.525937 0.421667 0.078125 0.095000
0 0.919687 0.180833 0.073125 0.106667
0 0.100937 0.522917 0.083125 0.082500
0 0.734062 0.209583 0.050625 0.105833
0 0.281562 0.155833 0.081875 0.096667
0 0.078750 0.153750 0.088750 0.074167
0 0.110000 0.730000 0.085000 0.095000
0 0.912813 0.561667 0.069375 0.078333
0 0.783750 0.544167 0.073750 0.088333
0 0.458437 0.685833 0.084375 0.078333
0 0.038437 0.483333 0.066875 0.120000
0 0.595313 0.070833 0.084375 0.096667
0 0.391562 0.468750 0.061875 0.099167
0 0.599375 0.296667 0.073750 0.100000
0 0.764375 0.180833 0.060000 0.088333
0 0.345000 0.240833 0.071250 0.086667
0 0.960000 0.470000 0.072500 0.080000
0 0.437500 0.276250 0.062500 0.095833
0 0.275313 0.691250 0.076875 0.104167
0 0.545937 0.242917 0.074375 0.105833
0 0.192812 0.205417 0.085625 0.099167
0 0.480000 0.190417 0.076250 0.099167
0 0.497812 0.842917 0.090625 0.090833
0 0.892188 0.420000 0.079375 0.091667
0 0.589063 0.176250 0.079375 0.090833
0 0.041250 0.351250 0.073750 0.089167
0 0.678125 0.188333 0.068750 0.106667
0 0.522188 0.891667 0.111875 0.086667
0 0.217188 0.642083 0.059375 0.130833
0 0.370625 0.302917 0.065000 0.105833
0 0.936250 0.386667 0.080000 0.101667
0 0.792188 0.495000 0.079375 0.076667
0 0.826875 0.135833 0.088750 0.100000
0 0.311563 0.287917 0.074375 0.070833
0 0.417187 0.052500 0.054375 0.081667
0 0.736875 0.111250 0.078750 0.102500
0 0.661875 0.169583 0.063750 0.079167
0 0.068750 0.312083 0.077500 0.114167
0 0.604375 0.248750 0.078750 0.080833
0 0.507188 0.159167 0.075625 0.093333
0 0.080625 0.441667 0.070000 0.103333
0 0.531875 0.061250 0.065000 0.110833
0 0.704063 0.110000 0.066875 0.085000
0 0.961875 0.171250 0.068750 0.097500
0 0.137813 0.449167 0.073125 0.095000
0 0.426250 0.470417 0.061250 0.079167
