0 0.281875 0.400000 0.058750 0.088333
0 0.092500 0.339583 0.065000 0.102500
0 0.470625 0.338750 0.061250 0.082500
0 0.639375 0.541667 0.060000 0.081667
0 0.509375 0.790417 0.077500 0.110833
0 0.809375 0.285833 0.067500 0.098333
0 0.466875 0.620000 0.061250 0.096667
0 0.818750 0.877083 0.067500 0.085833
0 0.908125 0.214167 0.067500 0.093333
0 0.776875 0.647083 0.070000 0.087500
0 0.560000 0.053333 0.060000 0.081667
0 0.449375 0.186667 0.053750 0.076667
0 0.382500 0.329583 0.073750 0.082500
0 0.409375 0.675417 0.063750 0.079167
0 0.780625 0.464167 0.066250 0.093333
0 0.678125 0.180417 0.058750 0.077500
0 0.065000 0.487083 0.062500 0.077500
0 0.353125 0.694167 0.055000 0.076667
0 0.401562 0.554583 0.056875 0.080833
0 0.532813 0.305417 0.066875 0.082500
0 0.854688 0.705417 0.068125 0.102500
0 0.750625 0.305833 0.087500 0.111667
0 0.223750 0.769583 0.061250 0.079167
0 0.270313 0.117083 0.074375 0.090833
0 0.753437 0.574167 0.055625 0.078333
0 0.212812 0.420417 0.061875 0.087500
4 0.528438 0.204167 0.083125 0.105000
0 0.351875 0.413750 0.068750 0.092500
0 0.373125 0.131250 0.078750 0.100833
0 0.536250 0.412083 0.067500 0.084167
0 0.737500 0.933750 0.061250 0.080833
0 0.314063 0.530417 0.079375 0.090833
0 0.137500 0.835000 0.061250 0.086667
0 0.941875 0.914167 0.060000 0.081667
0 0.164062 0.344583 0.066875 0.099167
0 0.615625 0.167500 0.066250 0.086667
0 0.084687 0.615833 0.073125 0.071667
0 0.534687 0.614167 0.068125 0.093333
0 0.422187 0.105417 0.059375 0.079167
0 0.571250 0.363750 0.067500 0.090833
0 0.487500 0.135417 0.058750 0.097500
0 0.160938 0.610833 0.050625 0.080000
0 0.825313 0.805833 0.066875 0.076667
0 0.935937 0.622500 0.056875 0.103333
0 0.573750 0.612500 0.070000 0.091667
0 0.150938 0.770417 0.071875 0.100833
0 0.219688 0.617917 0.065625 0.087500
0 0.085312 0.692083 0.061875 0.082500
0 0.271250 0.716667 0.062500 0.073333
2 0.087188 0.881250 0.078125 0.105833
0 0.242500 0.601250 0.055000 0.084167
0 0.730000 0.452500 0.062500 0.083333
0 0.225625 0.699583 0.050000 0.074167
0 0.642188 0.232083 0.069375 0.077500
0 0.726562 0.357500 0.049375 0.088333
1 0.591562 0.895833 0.080625 0.103333
0 0.927188 0.702500 0.073125 0.078333
4 0.669687 0.067500 0.074375 0.083333
0 0.712500 0.045833 0.057500 0.078333
0 0.109063 0.053750 0.061875 0.082500
