0 0.579375 0.122500 0.065000 0.090000
0 0.310937 0.252083 0.061875 0.082500
0 0.915000 0.350833 0.068750 0.083333
0 0.805000 0.221250 0.065000 0.099167
4 0.406875 0.127083 0.071250 0.109167
0 0.740000 0.937500 0.063750 0.085000
0 0.396562 0.751250 0.073125 0.089167
0 0.770000 0.680000 0.071250 0.093333
0 0.129062 0.658750 0.073125 0.094167
0 0.396250 0.281667 0.060000 0.080000
0 0.655312 0.673333 0.071875 0.085000
0 0.423750 0.430833 0.066250 0.086667
0 0.211250 0.780417 0.057500 0.085833
0 0.156250 0.297500 0.066250 0.081667
0 0.390000 0.840000 0.057500 0.080000
0 0.249375 0.525417 0.058750 0.085833
0 0.283750 0.446667 0.065000 0.085000
0 0.206563 0.655833 0.065625 0.085000
0 0.663125 0.412500 0.062500 0.075000
0 0.469062 0.630000 0.063125 0.083333
4 0.555625 0.665000 0.080000 0.106667
0 0.829063 0.738750 0.070625 0.084167
0 0.461875 0.860833 0.066250 0.096667
0 0.379063 0.481667 0.065625 0.095000
0 0.916250 0.145417 0.073750 0.092500
0 0.936250 0.863333 0.072500 0.093333
0 0.795625 0.491667 0.066250 0.101667
0 0.343750 0.507500 0.075000 0.095000
0 0.703438 0.148750 0.061875 0.082500
0 0.103125 0.492917 0.057500 0.077500
0 0.064375 0.698750 0.061250 0.080833
0 0.854062 0.513750 0.061875 0.095833
0 0.690937 0.207917 0.061875 0.082500
0 0.625625 0.599167 0.060000 0.088333
0 0.846250 0.819583 0.061250 0.082500
0 0.747500 0.217917 0.056250 0.080833
0 0.363125 0.191667 0.062500 0.078333
0 0.644375 0.865000 0.063750 0.091667
0 0.395625 0.616250 0.063750 0.087500
0 0.170937 0.860000 0.055625 0.078333
0 0.752812 0.529167 0.061875 0.085000
0 0.502812 0.557917 0.068125 0.092500
0 0.948750 0.548750 0.048750 0.100833
4 0.350938 0.904583 0.079375 0.087500
0 0.436875 0.713333 0.066250 0.100000
0 0.205313 0.474167 0.059375 0.098333
0 0.466250 0.135417 0.057500 0.079167
0 0.653125 0.537083 0.066250 0.105833
0 0.894687 0.557083 0.059375 0.102500
0 0.316563 0.569167 0.085625 0.080000
0 0.235000 0.967917 0.051250 0.064167
0 0.206563 0.925417 0.048125 0.075833
