0 0.502500 0.567917 0.066250 0.097500
0 0.276875 0.065000 0.077500 0.101667
0 0.718125 0.215417 0.081250 0.104167
0 0.873437 0.786250 0.078125 0.109167
0 0.810312 0.312917 0.078125 0.105833
0 0.595625 0.663750 0.063750 0.087500
0 0.275938 0.537083 0.075625 0.100833
0 0.257812 0.897083 0.083125 0.097500
0 0.371250 0.415833 0.070000 0.093333
0 0.814375 0.547917 0.078750 0.097500
0 0.944688 0.930417 0.069375 0.100833
0 0.521563 0.296250 0.078125 0.102500
0 0.885312 0.471667 0.071875 0.100000
0 0.217812 0.354167 0.081875 0.091667
0 0.203125 0.492500 0.070000 0.085000
0 0.209375 0.585833 0.086250 0.086667
0 0.340938 0.652917 0.076875 0.107500
0 0.442188 0.287083 0.074375 0.100833
0 0.093125 0.292083 0.076250 0.115833
0 0.522813 0.435000 0.080625 0.115000
0 0.082500 0.750000 0.073750 0.100000
0 0.781250 0.450000 0.087500 0.106667
0 0.125938 0.668750 0.066875 0.094167
0 0.453125 0.128750 0.077500 0.100833
0 0.595625 0.271667 0.070000 0.111667
0 0.898750 0.642083 0.073750 0.109167
0 0.787500 0.642917 0.071250 0.092500
0 0.214375 0.756667 0.077500 0.103333
0 0.845938 0.138750 0.079375 0.094167
0 0.776250 0.747083 0.073750 0.114167
0 0.714375 0.134583 0.071250 0.095833
0 0.457188 0.443750 0.079375 0.104167
0 0.365000 0.935000 0.081250 0.106667
0 0.289375 0.167083 0.082500 0.107500
0 0.684063 0.497917 0.075625 0.099167
0 0.514062 0.716667 0.071875 0.105000
0 0.573438 0.141250 0.076875 0.079167
0 0.678750 0.763750 0.068750 0.095833
0 0.096250 0.176667 0.075000 0.101667
0 0.390000 0.256667 0.082500 0.091667
0 0.535937 0.889583 0.075625 0.100833
0 0.270313 0.271250 0.079375 0.099167
0 0.259688 0.425000 0.075625 0.096667
0 0.140000 0.530417 0.057500 0.107500
0 0.314063 0.358750 0.065625 0.097500
0 0.604375 0.314583 0.076250 0.100833
0 0.172187 0.195833 0.068125 0.115000
0 0.136875 0.201250 0.058750 0.104167
0 0.507188 0.896667 0.070625 0.080000
0 0.375625 0.215417 0.071250 0.089167
0 0.248125 0.138750 0.060000 0.095833
1 0.669063 0.625833 0.085625 0.140000
0 0.063437 0.337917 0.066875 0.110833
0 0.312188 0.270833 0.084375 0.090000
0 0.233750 0.408750 0.065000 0.087500
0 0.365312 0.297083 0.078125 0.077500
