0 0.824063 0.235000 0.070625 0.096667
0 0.659687 0.465000 0.076875 0.103333
0 0.216250 0.762500 0.073750 0.098333
0 0.249062 0.362917 0.071875 0.084167
0 0.758125 0.262917 0.076250 0.097500
3 0.130938 0.454583 0.079375 0.112500
0 0.273750 0.803750 0.072500 0.094167
0 0.590000 0.104167 0.083750 0.105000
0 0.153750 0.647917 0.068750 0.090833
0 0.492188 0.728750 0.078125 0.100833
0 0.228437 0.876667 0.078125 0.101667
0 0.887188 0.163750 0.070625 0.092500
0 0.134687 0.076250 0.068125 0.080833
0 0.277813 0.675417 0.075625 0.100833
0 0.285313 0.508750 0.074375 0.087500
0 0.682187 0.375417 0.068125 0.090833
0 0.705937 0.698333 0.083125 0.106667
0 0.085938 0.934167 0.075625 0.096667
0 0.703125 0.602083 0.070000 0.084167
0 0.362500 0.678750 0.057500 0.085833
0 0.314063 0.392917 0.073125 0.099167
0 0.234687 0.443750 0.066875 0.092500
0 0.369063 0.347500 0.081875 0.108333
0 0.654375 0.856667 0.075000 0.105000
1 0.370937 0.561250 0.073125 0.122500
0 0.648125 0.276667 0.075000 0.100000
0 0.759687 0.634583 0.055625 0.104167
0 0.967500 0.207917 0.063750 0.087500
0 0.378750 0.223333 0.065000 0.101667
0 0.441250 0.213333 0.070000 0.080000
0 0.651563 0.163333 0.068125 0.090000
0 0.848437 0.102083 0.059375 0.104167
0 0.655937 0.549583 0.060625 0.085833
0 0.128750 0.768333 0.057500 0.085000
0 0.304063 0.109167 0.070625 0.085000
0 0.949375 0.121250 0.067500 0.084167
1 0.066250 0.339583 0.073750 0.112500
4 0.305312 0.228750 0.100625 0.140833
1 0.336250 0.306667 0.106250 0.096667
1 0.804688 0.466250 0.093125 0.159167
1 0.590313 0.322083 0.089375 0.144167
1 0.643750 0.770833 0.097500 0.108333
0 0.072188 0.676667 0.064375 0.070000
0 0.697812 0.813750 0.055625 0.090833
0 0.578750 0.900833 0.058750 0.083333
0 0.859062 0.576667 0.060625 0.111667
0 0.857500 0.644167 0.078750 0.080000
0 0.829688 0.683333 0.063125 0.108333
0 0.629062 0.691667 0.068125 0.071667
0 0.901250 0.410833 0.072500 0.083333
0 0.812187 0.112083 0.058125 0.095833
0 0.902188 0.070417 0.064375 0.102500
0 0.140000 0.751250 0.076250 0.094167
0 0.054375 0.816667 0.057500 0.078333
0 0.070938 0.872500 0.061875 0.076667
0 0.135625 0.854583 0.065000 0.084167
0 0.154375 0.903333 0.073750 0.078333
0 0.314688 0.624583 0.070625 0.109167
0 0.669063 0.248750 0.070625 0.087500
0 0.398438 0.046250 0.059375 0.079167
0 0.348125 0.062500 0.062500 0.093333
0 0.072188 0.401667 0.071875 0.080000
0 0.051562 0.487500 0.060625 0.086667
0 0.613125 0.392083 0.073750 0.074167
0 0.677813 0.349167 0.071875 0.100000
0 0.554063 0.627500 0.065625 0.100000
0 0.629687 0.188750 0.066875 0.085833
0 0.310625 0.148750 0.081250 0.087500
