0 0.875000 0.515000 0.070000 0.091667
0 0.723125 0.248333 0.070000 0.091667
0 0.261250 0.417083 0.065000 0.089167
0 0.664375 0.632083 0.077500 0.099167
0 0.304688 0.833333 0.065625 0.083333
0 0.635312 0.507917 0.064375 0.082500
0 0.919375 0.364583 0.058750 0.080833
0 0.575000 0.834583 0.068750 0.087500
4 0.113437 0.906667 0.076875 0.110000
0 0.292187 0.595000 0.058125 0.093333
0 0.365312 0.644167 0.074375 0.095000
0 0.285625 0.061250 0.065000 0.082500
0 0.555312 0.187083 0.078125 0.110833
0 0.175313 0.129583 0.068125 0.087500
0 0.583750 0.702917 0.075000 0.094167
0 0.767813 0.778750 0.056875 0.089167
0 0.509687 0.740833 0.070625 0.093333
0 0.482812 0.063750 0.070625 0.092500
0 0.322813 0.742083 0.070625 0.095833
0 0.096875 0.582500 0.076250 0.105000
0 0.910937 0.223750 0.066875 0.079167
0 0.464062 0.857083 0.060625 0.082500
0 0.653125 0.224167 0.066250 0.090000
0 0.108125 0.165833 0.063750 0.083333
0 0.333437 0.443333 0.066875 0.080000
0 0.128438 0.403333 0.060625 0.103333
0 0.244375 0.867500 0.062500 0.081667
0 0.235313 0.773333 0.070625 0.088333
0 0.596250 0.941250 0.056250 0.080833
0 0.715000 0.818333 0.062500 0.093333
0 0.511250 0.518750 0.053750 0.114167
0 0.506250 0.570000 0.071250 0.088333
0 0.155938 0.799167 0.079375 0.100000
0 0.928750 0.678333 0.067500 0.091667
0 0.478125 0.688333 0.067500 0.086667
0 0.322813 0.200833 0.081875 0.095000
0 0.379375 0.135000 0.062500 0.101667
0 0.047188 0.716250 0.066875 0.090833
0 0.839688 0.654167 0.053125 0.105000
0 0.545625 0.947083 0.058750 0.085833
0 0.210000 0.045000 0.065000 0.088333
0 0.074688 0.085417 0.056875 0.097500
0 0.964063 0.603333 0.063125 0.088333
0 0.341250 0.134583 0.072500 0.100833
