0 0.587500 0.271250 0.075000 0.097500
0 0.520312 0.175417 0.078125 0.084167
0 0.209375 0.894583 0.055000 0.070833
0 0.122188 0.923333 0.080625 0.106667
0 0.099062 0.169167 0.076875 0.098333
0 0.083750 0.853333 0.072500 0.100000
2 0.732500 0.164167 0.092500 0.125000
0 0.906250 0.377083 0.073750 0.099167
0 0.773438 0.450833 0.070625 0.091667
0 0.592187 0.921250 0.076875 0.095833
0 0.421250 0.394167 0.082500 0.103333
0 0.933125 0.207500 0.077500 0.113333
0 0.729375 0.347083 0.080000 0.102500
0 0.808438 0.097917 0.080625 0.102500
0 0.286250 0.307917 0.080000 0.104167
0 0.056250 0.326250 0.077500 0.105833
0 0.446875 0.103333 0.080000 0.118333
0 0.595313 0.752917 0.078125 0.102500
0 0.402500 0.870833 0.065000 0.086667
0 0.205625 0.064583 0.073750 0.097500
0 0.038125 0.635833 0.076250 0.095000
0 0.717187 0.947500 0.075625 0.096667
0 0.305312 0.637917 0.070625 0.090833
0 0.224688 0.329583 0.080625 0.099167
0 0.862187 0.187083 0.069375 0.119167
0 0.050625 0.082083 0.083750 0.109167
0 0.676875 0.261667 0.078750 0.098333
0 0.248125 0.159167 0.073750 0.093333
0 0.619687 0.461250 0.068125 0.084167
0 0.495937 0.482083 0.086875 0.104167
0 0.297187 0.535833 0.075625 0.103333
0 0.231875 0.545000 0.085000 0.106667
0 0.630938 0.608750 0.084375 0.107500
0 0.297812 0.114167 0.074375 0.091667
0 0.129375 0.330000 0.071250 0.103333
0 0.698438 0.807083 0.066875 0.109167
0 0.345625 0.925417 0.080000 0.089167
0 0.899375 0.678333 0.066250 0.103333
0 0.100312 0.499167 0.071875 0.105000
0 0.756250 0.787500 0.068750 0.098333
0 0.630313 0.070417 0.073125 0.105833
0 0.965000 0.588333 0.070000 0.096667
0 0.860000 0.674167 0.072500 0.121667
0 0.170000 0.409167 0.061250 0.086667
0 0.320000 0.956667 0.055000 0.076667
0 0.487500 0.535417 0.073750 0.092500
