0 0.861563 0.374583 0.055625 0.075833
0 0.740313 0.079583 0.058125 0.089167
0 0.893750 0.130417 0.061250 0.074167
0 0.898438 0.747917 0.064375 0.110833
0 0.443437 0.751250 0.068125 0.084167
0 0.795000 0.160000 0.070000 0.076667
0 0.372500 0.837083 0.067500 0.099167
0 0.236875 0.845833 0.067500 0.090000
0 0.236250 0.546667 0.055000 0.076667
0 0.360312 0.719583 0.078125 0.094167
0 0.775937 0.692500 0.074375 0.098333
0 0.745313 0.813750 0.060625 0.094167
0 0.449062 0.260417 0.060625 0.079167
0 0.741563 0.412500 0.061875 0.078333
0 0.415625 0.062083 0.071250 0.089167
0 0.836562 0.454583 0.068125 0.092500
0 0.571562 0.082917 0.051875 0.075833
0 0.514375 0.848750 0.061250 0.082500
0 0.260937 0.319583 0.070625 0.095833
0 0.237500 0.155000 0.060000 0.091667
0 0.125000 0.546250 0.067500 0.080833
0 0.670000 0.174583 0.062500 0.079167
0 0.592500 0.708333 0.072500 0.093333
0 0.330000 0.916250 0.070000 0.087500
0 0.506563 0.123333 0.056875 0.080000
0 0.943438 0.402083 0.061875 0.074167
0 0.116250 0.417083 0.058750 0.075833
0 0.269062 0.470417 0.069375 0.084167
0 0.909062 0.897500 0.060625 0.080000
0 0.148125 0.660833 0.061250 0.083333
0 0.206875 0.612500 0.053750 0.095000
0 0.876563 0.532500 0.073125 0.093333
0 0.124063 0.665833 0.069375 0.096667
0 0.831562 0.913750 0.054375 0.084167
0 0.831875 0.740417 0.067500 0.094167
0 0.198437 0.245417 0.070625 0.084167
0 0.736563 0.873333 0.063125 0.093333
0 0.843125 0.260417 0.055000 0.082500
1 0.510312 0.746250 0.069375 0.114167
0 0.645938 0.485417 0.056875 0.075833
0 0.745313 0.513333 0.061875 0.075000
0 0.505938 0.345833 0.064375 0.106667
0 0.645938 0.270000 0.054375 0.068333
0 0.950000 0.537917 0.067500 0.065833
0 0.695000 0.458750 0.057500 0.082500
0 0.648750 0.772917 0.070000 0.077500
0 0.144687 0.057500 0.058125 0.081667
0 0.451562 0.373750 0.063125 0.077500
0 0.116562 0.303750 0.065625 0.079167
0 0.915625 0.469167 0.050000 0.068333
0 0.681562 0.887083 0.055625 0.079167
0 0.584063 0.587500 0.055625 0.076667
0 0.367500 0.560000 0.066250 0.100000
0 0.315000 0.292500 0.057500 0.075000
0 0.644062 0.609167 0.055625 0.081667
0 0.478750 0.899583 0.062500 0.065833
0 0.032813 0.921250 0.064375 0.084167
0 0.290000 0.393333 0.058750 0.070000
0 0.531563 0.559167 0.055625 0.088333
0 0.299687 0.220000 0.056875 0.073333
0 0.071563 0.762917 0.063125 0.075833
0 0.113437 0.888333 0.053125 0.071667
0 0.784687 0.581250 0.056875 0.072500
0 0.327188 0.452500 0.054375 0.073333
0 0.281875 0.710833 0.060000 0.085000
0 0.645938 0.848333 0.056875 0.061667
0 0.669375 0.637917 0.072500 0.079167
0 0.079375 0.242083 0.058750 0.072500
0 0.538125 0.631667 0.072500 0.071667
0 0.405938 0.513333 0.054375 0.076667
1 0.516563 0.409583 0.080625 0.097500
0 0.560312 0.325000 0.056875 0.070000
0 0.322188 0.792500 0.064375 0.083333
0 0.602812 0.430417 0.053125 0.079167
0 0.176563 0.339583 0.060625 0.069167
0 0.104375 0.817917 0.057500 0.070833
0 0.860625 0.832083 0.072500 0.079167
0 0.242500 0.722083 0.070000 0.090833
0 0.788750 0.370417 0.071250 0.080833
0 0.785312 0.925000 0.048125 0.068333
0 0.567813 0.512917 0.065625 0.070833
0 0.958438 0.054167 0.054375 0.073333
0 0.573125 0.257500 0.066250 0.066667
0 0.766875 0.282917 0.061250 0.087500
0 0.050313 0.340833 0.046875 0.070000
0 0.107500 0.175417 0.045000 0.064167
0 0.535937 0.190833 0.058125 0.071667
0 0.587812 0.190000 0.056875 0.073333
0 0.366875 0.331250 0.051250 0.077500
0 0.253750 0.261667 0.042500 0.081667
0 0.818125 0.036667 0.052500 0.073333
0 0.636563 0.200417 0.046875 0.064167
0 0.570000 0.380417 0.066250 0.074167
0 0.572187 0.448333 0.059375 0.085000
0 0.969375 0.634167 0.061250 0.071667
0 0.661250 0.721667 0.053750 0.068333
0 0.870313 0.967500 0.055625 0.065000
0 0.975313 0.934583 0.049375 0.064167
