0 0.220312 0.434583 0.070625 0.094167
0 0.305312 0.641250 0.069375 0.102500
0 0.179688 0.671250 0.088125 0.095833
0 0.267500 0.847083 0.082500 0.095833
0 0.085312 0.910833 0.076875 0.106667
0 0.057813 0.200833 0.075625 0.110000
0 0.462500 0.395000 0.082500 0.086667
0 0.239063 0.132500 0.086875 0.111667
0 0.490938 0.521250 0.070625 0.090833
0 0.706562 0.433333 0.075625 0.103333
0 0.503437 0.263750 0.074375 0.100833
0 0.469062 0.117500 0.071875 0.081667
0 0.722500 0.526250 0.078750 0.094167
0 0.901875 0.528333 0.077500 0.108333
0 0.960313 0.716667 0.074375 0.098333
0 0.929688 0.797500 0.068125 0.085000
0 0.708438 0.735417 0.075625 0.085833
0 0.672813 0.808333 0.071875 0.085000
0 0.473438 0.865833 0.073125 0.101667
0 0.466250 0.950000 0.080000 0.085000
0 0.345625 0.247917 0.073750 0.097500
0 0.109375 0.290417 0.077500 0.090833
0 0.100000 0.074583 0.080000 0.099167
0 0.316250 0.385000 0.081250 0.105000
0 0.351562 0.317500 0.088125 0.086667
0 0.784687 0.325833 0.074375 0.115000
0 0.602187 0.225417 0.076875 0.117500
0 0.690937 0.191667 0.091875 0.088333
0 0.732500 0.122500 0.098750 0.085000
0 0.817813 0.055833 0.071875 0.108333
0 0.676875 0.064583 0.098750 0.094167
0 0.748437 0.905000 0.069375 0.111667
0 0.303750 0.952917 0.072500 0.087500
0 0.509062 0.610833 0.074375 0.085000
3 0.484687 0.665000 0.093125 0.136667
0 0.167187 0.304583 0.071875 0.082500
0 0.157188 0.230000 0.079375 0.073333
