0 0.102500 0.315000 0.093750 0.106667
0 0.466875 0.078750 0.078750 0.100833
0 0.177500 0.587083 0.077500 0.102500
0 0.380625 0.617083 0.078750 0.090833
0 0.384375 0.468333 0.088750 0.098333
0 0.407187 0.534583 0.089375 0.082500
0 0.501563 0.450833 0.069375 0.096667
0 0.673125 0.548750 0.071250 0.110833
0 0.657813 0.340417 0.070625 0.092500
0 0.685937 0.262083 0.090625 0.092500
0 0.846562 0.052500 0.061875 0.096667
0 0.835938 0.267917 0.076875 0.117500
0 0.908750 0.297083 0.086250 0.107500
0 0.924375 0.372500 0.081250 0.088333
0 0.805312 0.422083 0.069375 0.094167
0 0.835313 0.535833 0.084375 0.096667
0 0.799063 0.824583 0.081875 0.090833
0 0.768750 0.774583 0.078750 0.102500
0 0.810312 0.722083 0.083125 0.094167
0 0.786875 0.630417 0.078750 0.089167
