0 0.606250 0.524583 0.071250 0.090833
0 0.765312 0.828750 0.063125 0.085833
0 0.680625 0.240000 0.061250 0.091667
0 0.545937 0.328750 0.059375 0.085833
0 0.793438 0.736667 0.064375 0.091667
0 0.704688 0.865833 0.055625 0.081667
0 0.464375 0.120000 0.057500 0.090000
0 0.726562 0.618750 0.064375 0.085833
0 0.384062 0.514167 0.058125 0.073333
0 0.587812 0.399583 0.061875 0.084167
0 0.806562 0.445000 0.060625 0.088333
0 0.676562 0.556250 0.075625 0.072500
0 0.494063 0.211250 0.065625 0.090833
0 0.742500 0.097917 0.055000 0.080833
0 0.230313 0.832083 0.064375 0.079167
0 0.509375 0.619583 0.060000 0.084167
0 0.667188 0.127917 0.068125 0.085833
0 0.165937 0.142917 0.065625 0.092500
0 0.592500 0.091667 0.065000 0.091667
0 0.343750 0.350833 0.067500 0.085000
0 0.880625 0.492083 0.060000 0.087500
0 0.875000 0.890833 0.068750 0.098333
0 0.811875 0.107917 0.057500 0.085833
0 0.810937 0.588333 0.048125 0.083333
0 0.168437 0.780000 0.068125 0.098333
0 0.037812 0.117500 0.060625 0.086667
0 0.673125 0.483750 0.057500 0.072500
0 0.092813 0.127083 0.069375 0.099167
0 0.119688 0.501667 0.069375 0.096667
0 0.347187 0.654583 0.061875 0.080833
0 0.277187 0.631250 0.063125 0.077500
0 0.566250 0.613750 0.066250 0.102500
0 0.272188 0.923750 0.068125 0.102500
0 0.333125 0.590417 0.070000 0.102500
0 0.154062 0.340417 0.056875 0.089167
0 0.382188 0.094167 0.065625 0.076667
0 0.611875 0.304167 0.058750 0.081667
0 0.621563 0.173333 0.058125 0.080000
0 0.085000 0.854583 0.078750 0.092500
0 0.524375 0.489583 0.071250 0.104167
0 0.912813 0.219583 0.063125 0.097500
0 0.633437 0.629167 0.059375 0.068333
0 0.088750 0.045000 0.048750 0.081667
0 0.923750 0.742500 0.065000 0.081667
0 0.835938 0.808750 0.061875 0.077500
0 0.400000 0.701667 0.053750 0.063333
0 0.198125 0.912083 0.066250 0.084167
0 0.444688 0.577083 0.060625 0.110833
0 0.751875 0.292917 0.068750 0.090833
0 0.697812 0.920833 0.074375 0.075000
0 0.381563 0.821250 0.063125 0.080833
0 0.735000 0.186667 0.056250 0.071667
0 0.645625 0.806667 0.057500 0.093333
0 0.452813 0.674583 0.065625 0.089167
0 0.175937 0.525833 0.063125 0.080000
0 0.525312 0.835000 0.063125 0.083333
0 0.258125 0.687083 0.050000 0.080833
0 0.083125 0.669583 0.062500 0.085833
0 0.211562 0.213333 0.051875 0.083333
0 0.423438 0.054583 0.041875 0.087500
0 0.652500 0.385417 0.060000 0.089167
0 0.305312 0.146250 0.058125 0.075833
0 0.569063 0.740833 0.061875 0.071667
0 0.722187 0.337500 0.069375 0.080000
0 0.352187 0.902083 0.053125 0.080833
0 0.285313 0.235833 0.058125 0.100000
0 0.096250 0.752083 0.058750 0.072500
0 0.426563 0.195000 0.059375 0.083333
0 0.366250 0.439583 0.065000 0.085833
0 0.453750 0.480000 0.052500 0.086667
0 0.235000 0.343750 0.070000 0.077500
0 0.463438 0.853750 0.046875 0.090833
0 0.066875 0.490417 0.060000 0.067500
0 0.957500 0.725417 0.065000 0.092500
0 0.922188 0.628750 0.050625 0.075833
0 0.040313 0.603333 0.074375 0.070000
0 0.298125 0.418333 0.062500 0.081667
0 0.523438 0.082917 0.059375 0.070833
0 0.056250 0.213333 0.052500 0.073333
0 0.503750 0.429167 0.062500 0.071667
0 0.965313 0.515417 0.063125 0.075833
0 0.239063 0.594167 0.063125 0.091667
0 0.423750 0.320000 0.045000 0.073333
0 0.893125 0.116250 0.057500 0.064167
0 0.150312 0.266667 0.058125 0.086667
0 0.325000 0.477083 0.063750 0.100833
0 0.938438 0.831667 0.051875 0.093333
0 0.077188 0.315000 0.060625 0.086667
0 0.950937 0.105833 0.066875 0.075000
0 0.208750 0.608750 0.052500 0.070833
0 0.864375 0.718750 0.058750 0.069167
0 0.166563 0.049583 0.070625 0.099167
0 0.791875 0.535000 0.063750 0.073333
0 0.777500 0.255417 0.060000 0.084167
0 0.508750 0.385417 0.060000 0.089167
0 0.234063 0.876667 0.059375 0.091667
0 0.848437 0.240000 0.054375 0.091667
0 0.313750 0.808333 0.047500 0.081667
0 0.186875 0.693333 0.048750 0.065000
0 0.757188 0.538750 0.050625 0.065833
0 0.689375 0.739167 0.050000 0.080000
0 0.739062 0.455417 0.053125 0.069167
0 0.084375 0.355000 0.051250 0.078333
0 0.950313 0.603750 0.074375 0.064167
0 0.945000 0.345000 0.067500 0.086667
0 0.773438 0.094583 0.058125 0.074167
0 0.607812 0.203333 0.050625 0.080000
0 0.084375 0.513333 0.068750 0.073333
0 0.947187 0.206667 0.063125 0.081667
0 0.875000 0.122083 0.063750 0.072500
0 0.796562 0.146667 0.081875 0.071667
0 0.761563 0.205000 0.056875 0.081667
0 0.754375 0.344583 0.057500 0.069167
0 0.567813 0.049167 0.073125 0.095000
0 0.316875 0.120417 0.048750 0.087500
0 0.337813 0.154167 0.061875 0.091667
0 0.483438 0.254583 0.046875 0.097500
0 0.405938 0.232500 0.056875 0.103333
0 0.424375 0.233333 0.051250 0.086667
0 0.291563 0.262500 0.063125 0.080000
0 0.317812 0.242917 0.064375 0.077500
0 0.339062 0.213333 0.053125 0.071667
0 0.420000 0.341667 0.057500 0.081667
0 0.415625 0.374583 0.057500 0.097500
0 0.375000 0.352500 0.075000 0.065000
0 0.399687 0.427500 0.054375 0.081667
0 0.301250 0.467917 0.057500 0.085833
0 0.483750 0.304167 0.052500 0.078333
0 0.492812 0.344583 0.059375 0.087500
0 0.466250 0.524583 0.052500 0.074167
0 0.383750 0.550417 0.047500 0.079167
0 0.305000 0.592500 0.055000 0.091667
0 0.169687 0.563750 0.054375 0.084167
0 0.135937 0.135000 0.054375 0.095000
0 0.036250 0.092917 0.050000 0.087500
0 0.122500 0.241667 0.060000 0.083333
0 0.094062 0.222083 0.063125 0.082500
0 0.073750 0.199167 0.061250 0.081667
0 0.071250 0.386667 0.071250 0.073333
0 0.082187 0.417500 0.046875 0.068333
0 0.057813 0.578750 0.066875 0.084167
0 0.080000 0.613333 0.055000 0.080000
0 0.109063 0.626667 0.055625 0.088333
0 0.114375 0.681250 0.062500 0.085833
0 0.069375 0.740833 0.063750 0.088333
0 0.112812 0.872500 0.051875 0.076667
0 0.072813 0.776250 0.051875 0.085833
0 0.275625 0.737500 0.053750 0.068333
0 0.160938 0.933333 0.053125 0.061667
0 0.088125 0.962083 0.078750 0.064167
0 0.308437 0.840833 0.068125 0.085000
0 0.645625 0.667917 0.066250 0.070833
0 0.685000 0.700000 0.055000 0.078333
0 0.174375 0.628750 0.046250 0.087500
0 0.560625 0.703750 0.061250 0.097500
0 0.452813 0.641667 0.056875 0.080000
0 0.395000 0.720833 0.056250 0.081667
0 0.191250 0.664167 0.071250 0.055000
0 0.403438 0.807500 0.055625 0.068333
0 0.470000 0.902917 0.053750 0.099167
0 0.370000 0.931250 0.060000 0.087500
0 0.390000 0.953333 0.055000 0.081667
0 0.433437 0.882500 0.066875 0.081667
0 0.411562 0.911250 0.048125 0.070833
0 0.545000 0.849583 0.061250 0.080833
0 0.160000 0.395000 0.062500 0.078333
0 0.169375 0.428333 0.070000 0.076667
0 0.203437 0.430417 0.066875 0.069167
0 0.225625 0.386667 0.057500 0.086667
0 0.218438 0.257083 0.051875 0.075833
0 0.225312 0.301667 0.055625 0.090000
0 0.889375 0.148333 0.056250 0.083333
0 0.801250 0.040000 0.071250 0.073333
0 0.898750 0.040000 0.082500 0.068333
0 0.602187 0.265833 0.070625 0.078333
0 0.791562 0.630417 0.056875 0.099167
0 0.914375 0.780833 0.053750 0.083333
0 0.911250 0.652500 0.051250 0.081667
0 0.944375 0.367500 0.048750 0.083333
0 0.922813 0.360833 0.065625 0.085000
0 0.847500 0.262917 0.060000 0.072500
0 0.855000 0.290417 0.050000 0.077500
0 0.630000 0.407500 0.057500 0.071667
0 0.651250 0.427500 0.057500 0.090000
0 0.472187 0.443750 0.061875 0.069167
0 0.692813 0.773333 0.045625 0.071667
0 0.855000 0.827083 0.067500 0.072500
0 0.835625 0.900000 0.053750 0.073333
0 0.630000 0.955833 0.065000 0.080000
0 0.605000 0.937083 0.056250 0.080833
0 0.623750 0.807500 0.052500 0.068333
0 0.634375 0.850417 0.062500 0.094167
0 0.616250 0.912083 0.061250 0.099167
0 0.770625 0.946667 0.072500 0.083333
0 0.808750 0.906250 0.057500 0.060833
0 0.785625 0.911667 0.062500 0.090000
0 0.947812 0.866667 0.053125 0.073333
0 0.949375 0.912500 0.063750 0.091667
0 0.954063 0.957500 0.056875 0.078333
0 0.119375 0.942917 0.070000 0.079167
0 0.742812 0.391667 0.048125 0.093333
0 0.740938 0.430417 0.053125 0.084167
0 0.571875 0.771250 0.061250 0.060833
