0 0.584063 0.379167 0.064375 0.090000
0 0.577812 0.938750 0.070625 0.092500
0 0.405000 0.791667 0.081250 0.088333
0 0.164375 0.359583 0.075000 0.092500
0 0.685312 0.238750 0.083125 0.097500
0 0.657813 0.660000 0.064375 0.086667
0 0.878437 0.624167 0.069375 0.090000
0 0.920312 0.195417 0.086875 0.097500
0 0.266562 0.574583 0.060625 0.092500
0 0.716875 0.677083 0.062500 0.095833
0 0.389062 0.512917 0.070625 0.095833
0 0.088750 0.558750 0.070000 0.077500
0 0.293125 0.848750 0.075000 0.100833
0 0.160938 0.648333 0.068125 0.106667
0 0.782813 0.676250 0.080625 0.087500
0 0.306875 0.927083 0.080000 0.067500
0 0.382500 0.201250 0.071250 0.100833
0 0.365000 0.949583 0.078750 0.090833
0 0.207500 0.918750 0.082500 0.072500
0 0.092188 0.616250 0.070625 0.085833
0 0.058438 0.777500 0.070625 0.091667
0 0.246250 0.111250 0.081250 0.095833
0 0.658438 0.924583 0.079375 0.092500
0 0.208437 0.719167 0.063125 0.101667
0 0.180312 0.452917 0.074375 0.094167
0 0.288750 0.230000 0.116250 0.080000
0 0.928125 0.065000 0.073750 0.090000
0 0.238750 0.500000 0.071250 0.101667
0 0.875938 0.696667 0.085625 0.071667
0 0.620625 0.596667 0.081250 0.081667
0 0.943125 0.817917 0.098750 0.077500
0 0.303125 0.118333 0.063750 0.106667
0 0.250625 0.432500 0.087500 0.091667
0 0.813125 0.799167 0.081250 0.090000
0 0.435312 0.496250 0.073125 0.094167
0 0.831562 0.895417 0.110625 0.067500
0 0.134375 0.750833 0.062500 0.093333
0 0.331562 0.348750 0.103125 0.070833
0 0.394375 0.138333 0.085000 0.076667
0 0.209063 0.858333 0.088125 0.078333
0 0.707187 0.884583 0.085625 0.074167
0 0.689063 0.817500 0.080625 0.068333
0 0.312500 0.423333 0.071250 0.086667
0 0.170313 0.530000 0.085625 0.093333
0 0.187500 0.202500 0.080000 0.073333
0 0.377812 0.635000 0.081875 0.093333
0 0.739688 0.588750 0.080625 0.090833
0 0.166250 0.272083 0.072500 0.079167
0 0.747188 0.927917 0.083125 0.072500
0 0.058750 0.657917 0.077500 0.105833
0 0.469687 0.124167 0.116875 0.076667
0 0.402187 0.698333 0.083125 0.095000
0 0.776875 0.286250 0.047500 0.055833
0 0.780625 0.472917 0.075000 0.092500
0 0.915312 0.135000 0.099375 0.083333
0 0.198437 0.286667 0.063125 0.081667
