0 0.851250 0.070000 0.060000 0.081667
0 0.104063 0.912500 0.068125 0.100000
0 0.635000 0.492917 0.068750 0.087500
0 0.914687 0.902083 0.073125 0.087500
0 0.369375 0.148750 0.071250 0.085833
0 0.124375 0.470833 0.066250 0.085000
0 0.890938 0.170833 0.064375 0.083333
0 0.925000 0.465833 0.073750 0.096667
0 0.322188 0.465833 0.069375 0.081667
0 0.941250 0.243333 0.076250 0.090000
0 0.152188 0.173333 0.061875 0.080000
0 0.908438 0.090417 0.066875 0.080833
0 0.824688 0.475000 0.066875 0.090000
0 0.060312 0.430417 0.078125 0.104167
0 0.664375 0.338333 0.073750 0.095000
0 0.321875 0.594583 0.070000 0.075833
5 0.100000 0.147083 0.068750 0.089167
0 0.725625 0.498333 0.075000 0.090000
0 0.245312 0.462917 0.051875 0.085833
0 0.442500 0.172500 0.065000 0.073333
0 0.788438 0.758750 0.075625 0.092500
0 0.297812 0.193750 0.083125 0.094167
0 0.472187 0.505417 0.071875 0.089167
0 0.104063 0.326250 0.065625 0.077500
0 0.243438 0.615833 0.078125 0.085000
0 0.741250 0.845000 0.073750 0.093333
0 0.822500 0.839167 0.077500 0.091667
0 0.445937 0.167917 0.049375 0.077500
0 0.445937 0.676250 0.061875 0.099167
0 0.252500 0.047917 0.067500 0.089167
1 0.387188 0.322917 0.081875 0.095833
0 0.505313 0.737083 0.073125 0.097500
0 0.089063 0.547083 0.080625 0.102500
0 0.537188 0.675417 0.081875 0.102500
0 0.480312 0.224167 0.069375 0.098333
0 0.806875 0.932500 0.070000 0.078333
0 0.796875 0.649583 0.070000 0.087500
0 0.607812 0.072917 0.068125 0.089167
0 0.704375 0.181250 0.071250 0.087500
0 0.600938 0.748333 0.068125 0.088333
0 0.136563 0.572083 0.061875 0.085833
0 0.705625 0.944583 0.076250 0.102500
0 0.123438 0.652083 0.070625 0.087500
0 0.477500 0.591250 0.062500 0.075833
0 0.217188 0.385000 0.075625 0.091667
0 0.632500 0.057917 0.066250 0.095833
1 0.863437 0.325833 0.076875 0.098333
0 0.611875 0.857500 0.067500 0.098333
0 0.222188 0.184583 0.068125 0.097500
0 0.212188 0.138750 0.073125 0.094167
0 0.871563 0.401667 0.070625 0.093333
0 0.469375 0.083333 0.076250 0.100000
0 0.696875 0.095833 0.071250 0.078333
0 0.181875 0.273750 0.058750 0.079167
0 0.920312 0.331250 0.061875 0.074167
0 0.635625 0.155417 0.070000 0.092500
0 0.414375 0.452917 0.077500 0.100833
0 0.506875 0.068333 0.060000 0.098333
0 0.166875 0.682917 0.083750 0.097500
0 0.266562 0.875833 0.078125 0.088333
0 0.244375 0.265833 0.076250 0.100000
0 0.079375 0.751250 0.067500 0.104167
0 0.283438 0.382917 0.073125 0.095833
0 0.335313 0.543750 0.074375 0.092500
0 0.787500 0.099583 0.083750 0.082500
0 0.267188 0.328750 0.065625 0.082500
0 0.939375 0.373333 0.068750 0.088333
0 0.809063 0.590000 0.069375 0.101667
0 0.049688 0.767500 0.078125 0.106667
1 0.279062 0.788333 0.090625 0.103333
0 0.428438 0.619167 0.058125 0.083333
0 0.224688 0.754583 0.058125 0.092500
0 0.674375 0.864167 0.065000 0.088333
0 0.052187 0.944583 0.059375 0.064167
0 0.301250 0.259583 0.063750 0.077500
