0 0.881250 0.834167 0.061250 0.101667
0 0.865625 0.315000 0.070000 0.086667
0 0.554688 0.447083 0.071875 0.094167
0 0.221562 0.407083 0.070625 0.089167
0 0.356875 0.844583 0.075000 0.094167
0 0.541562 0.768333 0.064375 0.101667
0 0.417187 0.160417 0.073125 0.110833
0 0.880000 0.685417 0.072500 0.099167
0 0.959063 0.202500 0.073125 0.093333
0 0.430312 0.289583 0.081875 0.109167
0 0.738125 0.530417 0.067500 0.094167
0 0.904687 0.597500 0.066875 0.095000
0 0.320000 0.947917 0.088750 0.095833
0 0.811250 0.818750 0.073750 0.085833
0 0.682813 0.374167 0.069375 0.110000
0 0.548438 0.666667 0.076875 0.101667
0 0.870000 0.053333 0.063750 0.091667
0 0.478750 0.457917 0.066250 0.085833
0 0.632500 0.448333 0.068750 0.096667
0 0.390625 0.602500 0.075000 0.091667
0 0.316875 0.700833 0.063750 0.093333
0 0.230313 0.910000 0.070625 0.101667
0 0.602187 0.164583 0.074375 0.105833
0 0.190000 0.315000 0.070000 0.108333
0 0.091563 0.393333 0.069375 0.095000
0 0.606563 0.597500 0.066875 0.090000
0 0.185625 0.931667 0.077500 0.096667
0 0.664687 0.524167 0.065625 0.095000
0 0.749062 0.230417 0.064375 0.100833
0 0.815312 0.168333 0.080625 0.108333
0 0.689063 0.750417 0.081875 0.109167
0 0.700625 0.880417 0.070000 0.105833
0 0.114687 0.299167 0.074375 0.101667
0 0.941875 0.468750 0.073750 0.097500
0 0.077500 0.742917 0.073750 0.082500
0 0.623437 0.293750 0.069375 0.097500
0 0.963437 0.094583 0.071875 0.094167
0 0.040938 0.750000 0.070625 0.105000
0 0.335625 0.465000 0.070000 0.098333
0 0.062187 0.360000 0.066875 0.098333
0 0.420938 0.390833 0.075625 0.085000
0 0.069687 0.097917 0.090625 0.084167
0 0.636250 0.724583 0.072500 0.082500
0 0.158125 0.506667 0.070000 0.095000
0 0.869375 0.224583 0.077500 0.099167
0 0.713750 0.437500 0.065000 0.093333
0 0.964063 0.692917 0.070625 0.090833
0 0.907813 0.730833 0.069375 0.105000
0 0.800000 0.705417 0.070000 0.104167
0 0.950937 0.778750 0.068125 0.100833
0 0.232500 0.618750 0.070000 0.092500
2 0.808750 0.486667 0.096250 0.160000
0 0.321562 0.496667 0.070625 0.090000
0 0.407813 0.419167 0.069375 0.095000
0 0.777813 0.675417 0.083125 0.105833
0 0.619062 0.757917 0.063125 0.087500
0 0.755625 0.365417 0.060000 0.090833
0 0.766563 0.274167 0.054375 0.095000
0 0.452500 0.952500 0.081250 0.091667
