0 0.378125 0.646667 0.073750 0.088333
0 0.762813 0.171667 0.081875 0.106667
0 0.817813 0.253333 0.080625 0.111667
0 0.103125 0.400833 0.077500 0.086667
0 0.375937 0.174167 0.078125 0.110000
0 0.547500 0.822083 0.081250 0.102500
0 0.315937 0.138333 0.065625 0.098333
0 0.695000 0.423333 0.080000 0.113333
6 0.639375 0.260417 0.071250 0.112500
0 0.383125 0.290833 0.083750 0.103333
0 0.214062 0.349583 0.081875 0.099167
0 0.105313 0.333333 0.076875 0.083333
0 0.778125 0.549583 0.086250 0.102500
0 0.565312 0.411667 0.085625 0.091667
0 0.057500 0.836667 0.083750 0.100000
0 0.878125 0.407500 0.090000 0.106667
0 0.455625 0.162500 0.078750 0.095000
0 0.439375 0.073333 0.082500 0.103333
0 0.328750 0.943750 0.100000 0.094167
0 0.566562 0.915417 0.083125 0.085833
0 0.259688 0.276250 0.083125 0.107500
0 0.921250 0.341667 0.077500 0.113333
0 0.342500 0.724167 0.088750 0.108333
0 0.695625 0.880833 0.082500 0.090000
