0 0.107500 0.495000 0.070000 0.091667
0 0.512500 0.047500 0.070000 0.085000
0 0.243125 0.158750 0.066250 0.085833
0 0.550625 0.678750 0.073750 0.080833
0 0.292187 0.924167 0.076875 0.083333
0 0.329688 0.822083 0.076875 0.085833
0 0.750313 0.951250 0.068125 0.089167
0 0.209063 0.354167 0.076875 0.075000
0 0.701250 0.075833 0.066250 0.091667
0 0.956250 0.143333 0.067500 0.101667
0 0.338125 0.101250 0.071250 0.095833
0 0.681875 0.195417 0.076250 0.100833
0 0.408750 0.737083 0.077500 0.087500
0 0.435937 0.044583 0.076875 0.075833
0 0.425625 0.208750 0.085000 0.092500
0 0.446875 0.542083 0.088750 0.087500
0 0.441563 0.400000 0.090625 0.071667
0 0.128438 0.049583 0.071875 0.084167
0 0.358750 0.601667 0.085000 0.078333
0 0.813750 0.091667 0.077500 0.101667
0 0.037187 0.610000 0.070625 0.088333
0 0.605938 0.088750 0.083125 0.087500
0 0.506875 0.252500 0.101250 0.070000
0 0.929375 0.883750 0.083750 0.080833
0 0.353125 0.438750 0.088750 0.064167
0 0.318750 0.675417 0.095000 0.080833
0 0.379688 0.139167 0.074375 0.076667
0 0.439063 0.847917 0.089375 0.092500
0 0.457500 0.126667 0.073750 0.088333
0 0.388437 0.892917 0.094375 0.072500
0 0.615625 0.336250 0.075000 0.105833
0 0.419375 0.305000 0.111250 0.071667
0 0.130312 0.152917 0.074375 0.100833
0 0.298438 0.297917 0.076875 0.107500
0 0.845313 0.705417 0.065625 0.097500
0 0.775000 0.732500 0.083750 0.086667
0 0.497500 0.506250 0.073750 0.105833
0 0.509375 0.166667 0.063750 0.093333
0 0.512813 0.951250 0.081875 0.090833
0 0.775937 0.804583 0.090625 0.085833
0 0.691250 0.860833 0.077500 0.103333
0 0.180312 0.249167 0.081875 0.100000
0 0.558750 0.310417 0.097500 0.062500
0 0.817500 0.630417 0.078750 0.090833
0 0.510000 0.900417 0.101250 0.077500
0 0.750000 0.612500 0.071250 0.101667
0 0.505000 0.798750 0.072500 0.094167
0 0.271250 0.570000 0.071250 0.093333
0 0.533438 0.401667 0.076875 0.093333
0 0.937813 0.801667 0.090625 0.093333
0 0.171250 0.431250 0.080000 0.082500
