0 0.122500 0.101250 0.067500 0.095833
0 0.206250 0.731667 0.067500 0.081667
0 0.819063 0.663750 0.081875 0.090833
0 0.396250 0.394167 0.078750 0.108333
0 0.178750 0.617500 0.072500 0.101667
0 0.670000 0.667083 0.070000 0.090833
4 0.085000 0.799583 0.092500 0.114167
0 0.145313 0.876250 0.076875 0.102500
0 0.353750 0.691667 0.077500 0.098333
0 0.696875 0.585833 0.066250 0.100000
0 0.845313 0.887917 0.074375 0.115833
0 0.729375 0.273333 0.078750 0.106667
0 0.198125 0.121250 0.078750 0.105833
0 0.059687 0.179167 0.066875 0.080000
0 0.523125 0.419583 0.066250 0.089167
0 0.265625 0.554583 0.076250 0.102500
0 0.867188 0.266667 0.079375 0.101667
0 0.147500 0.189583 0.067500 0.107500
0 0.038750 0.113333 0.071250 0.083333
0 0.618437 0.380000 0.073125 0.093333
0 0.758750 0.163750 0.080000 0.099167
0 0.526875 0.332500 0.066250 0.103333
0 0.267500 0.806667 0.081250 0.100000
0 0.373750 0.121250 0.071250 0.099167
1 0.163750 0.508750 0.066250 0.097500
0 0.761563 0.809583 0.071875 0.090833
0 0.492188 0.923750 0.079375 0.104167
0 0.620313 0.285833 0.083125 0.105000
0 0.399687 0.564167 0.069375 0.101667
0 0.611875 0.091667 0.066250 0.095000
0 0.358750 0.480417 0.076250 0.097500
0 0.225625 0.537500 0.073750 0.106667
0 0.598750 0.557083 0.056250 0.084167
1 0.829375 0.284167 0.073750 0.151667
0 0.253437 0.932917 0.060625 0.084167
0 0.519375 0.218750 0.062500 0.087500
0 0.092188 0.251250 0.074375 0.092500
0 0.068750 0.327083 0.062500 0.090833
0 0.578750 0.436667 0.061250 0.081667
0 0.217188 0.453750 0.073125 0.097500
0 0.661875 0.317083 0.075000 0.089167
0 0.463750 0.530000 0.061250 0.098333
0 0.538750 0.517917 0.066250 0.084167
0 0.345000 0.547500 0.075000 0.081667
0 0.211250 0.879583 0.056250 0.080833
0 0.733750 0.944167 0.058750 0.080000
0 0.283750 0.488750 0.077500 0.092500
0 0.181875 0.081667 0.058750 0.106667
0 0.793438 0.583333 0.051875 0.076667
0 0.726562 0.540833 0.054375 0.073333
0 0.606563 0.688333 0.068125 0.071667
0 0.586250 0.756667 0.057500 0.080000
0 0.683125 0.897083 0.056250 0.090833
0 0.647188 0.900833 0.066875 0.083333
0 0.656250 0.729167 0.072500 0.103333
0 0.806562 0.492083 0.068125 0.089167
0 0.770938 0.474167 0.070625 0.081667
0 0.789687 0.511667 0.068125 0.093333
0 0.741563 0.616667 0.046875 0.085000
0 0.757812 0.670417 0.064375 0.089167
0 0.740625 0.727917 0.063750 0.094167
0 0.707187 0.749583 0.064375 0.080833
0 0.732500 0.835000 0.058750 0.101667
0 0.899062 0.865000 0.070625 0.101667
0 0.965313 0.676667 0.064375 0.080000
0 0.600313 0.050833 0.061875 0.098333
0 0.467187 0.564167 0.065625 0.101667
0 0.903750 0.952500 0.075000 0.080000
0 0.519375 0.537917 0.068750 0.114167
0 0.802813 0.364583 0.068125 0.069167
0 0.333437 0.150833 0.068125 0.083333
0 0.279375 0.140833 0.048750 0.065000
0 0.585625 0.582083 0.053750 0.094167
