0 0.099375 0.149167 0.062500 0.088333
0 0.147813 0.289583 0.066875 0.089167
0 0.187188 0.072083 0.065625 0.094167
0 0.207187 0.184583 0.070625 0.099167
0 0.305000 0.096667 0.077500 0.101667
0 0.285625 0.185833 0.078750 0.101667
0 0.333750 0.370000 0.081250 0.103333
0 0.340625 0.275417 0.078750 0.095833
0 0.410313 0.230417 0.074375 0.094167
0 0.460313 0.181250 0.075625 0.085833
0 0.595313 0.137500 0.066875 0.076667
0 0.787813 0.142917 0.075625 0.094167
0 0.800000 0.211250 0.060000 0.102500
0 0.759375 0.280417 0.080000 0.092500
0 0.893750 0.207917 0.077500 0.089167
0 0.919063 0.295417 0.085625 0.094167
0 0.903438 0.384583 0.080625 0.109167
0 0.860938 0.627500 0.081875 0.078333
0 0.881250 0.785833 0.081250 0.105000
0 0.935937 0.747917 0.084375 0.085833
0 0.911250 0.875000 0.075000 0.096667
0 0.688438 0.722083 0.071875 0.104167
0 0.573438 0.704167 0.073125 0.108333
0 0.595000 0.820417 0.067500 0.095833
0 0.695937 0.865833 0.073125 0.098333
0 0.618125 0.921667 0.075000 0.105000
0 0.446875 0.805417 0.065000 0.094167
0 0.384375 0.713750 0.076250 0.095833
0 0.395000 0.620000 0.073750 0.088333
0 0.536875 0.555417 0.080000 0.094167
0 0.684063 0.554167 0.063125 0.091667
0 0.739062 0.600417 0.075625 0.102500
0 0.610000 0.408750 0.068750 0.092500
0 0.460313 0.500000 0.078125 0.086667
0 0.503750 0.452917 0.080000 0.085833
0 0.752500 0.478750 0.063750 0.100833
2 0.716250 0.437500 0.128750 0.111667
0 0.467813 0.300417 0.090625 0.117500
0 0.550312 0.230833 0.069375 0.103333
0 0.598125 0.263750 0.066250 0.104167
0 0.540937 0.313333 0.076875 0.083333
0 0.515938 0.362917 0.083125 0.094167
0 0.377188 0.866250 0.074375 0.094167
0 0.465000 0.953333 0.082500 0.086667
0 0.289062 0.946667 0.076875 0.100000
0 0.097812 0.895000 0.075625 0.081667
0 0.209063 0.824167 0.074375 0.096667
0 0.257812 0.517083 0.068125 0.089167
0 0.290312 0.629583 0.074375 0.090833
0 0.278438 0.679583 0.071875 0.065833
3 0.266562 0.761667 0.133125 0.116667
0 0.112500 0.500000 0.081250 0.070000
0 0.136563 0.635833 0.075625 0.088333
0 0.041250 0.751667 0.081250 0.108333
0 0.122500 0.934167 0.066250 0.103333
0 0.063437 0.603750 0.078125 0.105833
0 0.086563 0.686667 0.069375 0.108333
0 0.088750 0.572083 0.060000 0.095833
0 0.961875 0.056667 0.066250 0.088333
3 0.245000 0.581667 0.082500 0.076667
