0 0.620938 0.851667 0.071875 0.093333
0 0.664062 0.317917 0.063125 0.095833
0 0.759687 0.692917 0.056875 0.097500
0 0.180312 0.630000 0.055625 0.095000
0 0.054375 0.786667 0.066250 0.085000
0 0.725313 0.310000 0.060625 0.101667
0 0.204375 0.731667 0.063750 0.085000
0 0.812187 0.367083 0.064375 0.085833
0 0.582812 0.100000 0.063125 0.078333
0 0.498750 0.534583 0.057500 0.077500
0 0.439063 0.659167 0.066875 0.103333
0 0.855000 0.703333 0.066250 0.096667
0 0.185000 0.249583 0.071250 0.082500
0 0.812813 0.789167 0.060625 0.093333
0 0.370625 0.857083 0.068750 0.097500
0 0.664687 0.938750 0.065625 0.080833
0 0.260313 0.675417 0.065625 0.090833
0 0.854062 0.910000 0.066875 0.095000
0 0.215625 0.163333 0.070000 0.100000
0 0.513125 0.290000 0.058750 0.088333
0 0.070938 0.637083 0.066875 0.085833
0 0.273438 0.579167 0.058125 0.078333
0 0.803750 0.479167 0.066250 0.096667
0 0.099375 0.453333 0.058750 0.080000
0 0.670937 0.183750 0.055625 0.082500
0 0.587187 0.936667 0.056875 0.083333
0 0.795937 0.049167 0.066875 0.083333
0 0.927813 0.462083 0.060625 0.079167
0 0.870938 0.125000 0.059375 0.090000
0 0.759687 0.560000 0.070625 0.071667
0 0.336250 0.382500 0.062500 0.071667
0 0.402187 0.925417 0.061875 0.084167
0 0.444375 0.795833 0.066250 0.088333
0 0.692813 0.487500 0.060625 0.083333
0 0.109687 0.071250 0.065625 0.079167
0 0.806562 0.178750 0.069375 0.097500
0 0.910000 0.381250 0.068750 0.090833
0 0.595000 0.320000 0.058750 0.083333
0 0.283750 0.623333 0.067500 0.093333
0 0.150312 0.331667 0.065625 0.076667
0 0.653438 0.102917 0.061875 0.079167
0 0.310937 0.865000 0.056875 0.073333
0 0.492188 0.728750 0.061875 0.079167
0 0.747500 0.416250 0.068750 0.100833
0 0.857812 0.636250 0.055625 0.079167
0 0.121875 0.737917 0.062500 0.080833
0 0.522813 0.382500 0.056875 0.080000
0 0.600000 0.732500 0.066250 0.075000
0 0.129375 0.829583 0.056250 0.070833
0 0.665000 0.586667 0.056250 0.071667
0 0.615625 0.410417 0.061250 0.089167
0 0.242812 0.109167 0.059375 0.078333
0 0.737187 0.127083 0.063125 0.077500
0 0.268437 0.930417 0.065625 0.074167
0 0.114062 0.906250 0.083125 0.067500
0 0.940937 0.776667 0.055625 0.070000
0 0.547188 0.785833 0.059375 0.093333
0 0.138437 0.549167 0.049375 0.071667
0 0.249688 0.456250 0.061875 0.079167
0 0.930625 0.546667 0.050000 0.071667
0 0.449688 0.195000 0.063125 0.080000
0 0.685312 0.655417 0.069375 0.069167
0 0.520625 0.219167 0.058750 0.080000
0 0.889375 0.886667 0.056250 0.090000
0 0.551562 0.455833 0.065625 0.081667
0 0.305000 0.064167 0.065000 0.096667
0 0.112812 0.154167 0.060625 0.085000
0 0.091563 0.288750 0.071875 0.077500
0 0.378437 0.045417 0.063125 0.082500
0 0.795625 0.232500 0.053750 0.083333
0 0.076250 0.222083 0.061250 0.070833
0 0.264375 0.371667 0.066250 0.083333
0 0.955937 0.288750 0.063125 0.077500
0 0.431250 0.152500 0.071250 0.083333
0 0.718750 0.203750 0.060000 0.090833
0 0.359687 0.225833 0.059375 0.095000
0 0.540937 0.132917 0.055625 0.060833
0 0.228125 0.861667 0.062500 0.081667
0 0.176563 0.080417 0.058125 0.085833
0 0.307812 0.917083 0.061875 0.092500
0 0.584063 0.484167 0.054375 0.080000
0 0.180000 0.946250 0.066250 0.072500
0 0.800625 0.576250 0.070000 0.077500
0 0.695000 0.785833 0.055000 0.071667
0 0.376875 0.751250 0.071250 0.089167
0 0.560000 0.635000 0.046250 0.105000
0 0.799687 0.859167 0.065625 0.080000
0 0.623125 0.507500 0.071250 0.081667
0 0.746563 0.040833 0.095625 0.061667
0 0.559688 0.906667 0.055625 0.076667
0 0.483438 0.897083 0.064375 0.095833
0 0.385625 0.308750 0.066250 0.084167
0 0.920000 0.698750 0.062500 0.082500
0 0.451562 0.395417 0.048125 0.074167
0 0.387813 0.603750 0.061875 0.079167
1 0.251563 0.811250 0.074375 0.117500
1 0.867812 0.291667 0.075625 0.096667
0 0.163750 0.503333 0.057500 0.103333
0 0.603125 0.193333 0.060000 0.078333
0 0.681250 0.771667 0.057500 0.068333
0 0.257812 0.279167 0.061875 0.070000
0 0.710625 0.764583 0.063750 0.082500
0 0.281250 0.774167 0.048750 0.096667
0 0.937813 0.103750 0.061875 0.067500
0 0.955000 0.072083 0.058750 0.099167
0 0.867500 0.171667 0.050000 0.110000
0 0.744687 0.157083 0.055625 0.070833
0 0.778750 0.146667 0.068750 0.076667
0 0.800312 0.266667 0.054375 0.083333
0 0.512813 0.136250 0.056875 0.074167
0 0.606250 0.357917 0.052500 0.084167
0 0.633750 0.448333 0.058750 0.078333
0 0.490000 0.568750 0.065000 0.077500
0 0.685937 0.593750 0.056875 0.085833
0 0.710000 0.640000 0.055000 0.080000
0 0.654375 0.694167 0.057500 0.081667
0 0.627812 0.607500 0.073125 0.088333
0 0.531563 0.721667 0.063125 0.076667
0 0.958750 0.611667 0.057500 0.083333
0 0.958438 0.786667 0.056875 0.080000
0 0.938125 0.817500 0.058750 0.080000
0 0.969063 0.917083 0.055625 0.094167
0 0.916875 0.857083 0.060000 0.087500
0 0.927188 0.070833 0.060625 0.091667
0 0.285000 0.480833 0.075000 0.093333
0 0.311875 0.517917 0.058750 0.072500
0 0.357187 0.474167 0.060625 0.068333
0 0.475000 0.486250 0.058750 0.085833
0 0.409062 0.549583 0.055625 0.062500
0 0.447188 0.482083 0.060625 0.069167
0 0.420625 0.573333 0.063750 0.071667
0 0.418750 0.737083 0.057500 0.090833
0 0.612812 0.757083 0.059375 0.077500
0 0.155000 0.630417 0.055000 0.064167
0 0.087813 0.612500 0.058125 0.081667
0 0.038437 0.485000 0.051875 0.070000
0 0.063437 0.442917 0.058125 0.089167
0 0.090000 0.480417 0.071250 0.072500
0 0.138750 0.248750 0.066250 0.082500
0 0.280938 0.195417 0.053125 0.077500
0 0.362812 0.107500 0.063125 0.078333
0 0.238750 0.063333 0.048750 0.080000
0 0.178750 0.038333 0.060000 0.068333
0 0.156875 0.117083 0.048750 0.077500
0 0.275000 0.256250 0.075000 0.094167
0 0.321875 0.246667 0.058750 0.075000
0 0.400625 0.345833 0.061250 0.078333
0 0.347813 0.270417 0.055625 0.084167
0 0.500625 0.377083 0.058750 0.084167
0 0.406250 0.428750 0.070000 0.072500
0 0.379063 0.394167 0.055625 0.080000
0 0.304063 0.752500 0.056875 0.065000
0 0.337500 0.757083 0.070000 0.077500
0 0.192188 0.851667 0.053125 0.080000
0 0.199375 0.952500 0.067500 0.076667
0 0.189375 0.903750 0.072500 0.082500
0 0.102813 0.855833 0.043125 0.108333
0 0.173437 0.440000 0.053125 0.095000
0 0.233437 0.368750 0.058125 0.070833
0 0.250000 0.402917 0.062500 0.082500
0 0.187188 0.374583 0.071875 0.089167
0 0.175000 0.339167 0.065000 0.080000
0 0.808750 0.762917 0.048750 0.070833
0 0.767188 0.908750 0.054375 0.090833
0 0.762813 0.949583 0.063125 0.085833
0 0.686562 0.953333 0.064375 0.081667
0 0.482500 0.950000 0.060000 0.080000
0 0.521250 0.882917 0.060000 0.074167
0 0.535625 0.828750 0.062500 0.087500
0 0.565000 0.571250 0.065000 0.090833
0 0.564375 0.682500 0.068750 0.078333
0 0.598750 0.647917 0.057500 0.087500
0 0.629062 0.726667 0.053125 0.096667
0 0.763750 0.454167 0.070000 0.090000
0 0.711875 0.503333 0.070000 0.080000
0 0.738750 0.553333 0.051250 0.081667
0 0.895000 0.412500 0.063750 0.085000
0 0.484063 0.210000 0.065625 0.080000
0 0.300938 0.213333 0.055625 0.091667
0 0.604062 0.226667 0.074375 0.071667
0 0.553438 0.205417 0.058125 0.087500
0 0.583125 0.214167 0.060000 0.078333
0 0.670000 0.147500 0.051250 0.101667
0 0.633125 0.147917 0.080000 0.089167
0 0.433750 0.117500 0.078750 0.081667
0 0.420625 0.240833 0.043750 0.075000
0 0.034375 0.220000 0.068750 0.085000
0 0.050000 0.071250 0.057500 0.074167
0 0.168437 0.750833 0.065625 0.080000
0 0.138750 0.703333 0.060000 0.080000
0 0.782813 0.871667 0.068125 0.070000
0 0.398750 0.141667 0.068750 0.081667
0 0.307188 0.454167 0.068125 0.066667
0 0.834375 0.585833 0.062500 0.081667
0 0.966250 0.565417 0.058750 0.084167
0 0.940000 0.648750 0.071250 0.074167
0 0.533750 0.477917 0.041250 0.090833
0 0.451250 0.540000 0.068750 0.090000
