0 0.405938 0.266667 0.076875 0.111667
0 0.508750 0.886667 0.072500 0.091667
0 0.708125 0.070000 0.080000 0.101667
0 0.112500 0.305417 0.076250 0.110833
0 0.718437 0.442500 0.076875 0.108333
0 0.307812 0.170833 0.064375 0.093333
0 0.834375 0.251250 0.085000 0.109167
0 0.119375 0.059167 0.072500 0.095000
0 0.272813 0.371250 0.078125 0.115833
0 0.078437 0.835417 0.081875 0.110833
0 0.534062 0.360833 0.080625 0.113333
0 0.803750 0.103750 0.066250 0.099167
3 0.388437 0.640417 0.085625 0.112500
0 0.091250 0.487500 0.076250 0.110000
0 0.870000 0.337083 0.073750 0.105833
0 0.407813 0.170000 0.065625 0.083333
0 0.242812 0.202917 0.074375 0.120833
0 0.154375 0.769583 0.080000 0.100833
0 0.796562 0.657083 0.084375 0.105833
0 0.163125 0.369583 0.066250 0.092500
0 0.054375 0.445417 0.070000 0.095833
0 0.090313 0.210833 0.068125 0.103333
0 0.725625 0.216667 0.081250 0.098333
0 0.352812 0.721667 0.074375 0.098333
6 0.567500 0.813333 0.097500 0.125000
0 0.343750 0.547083 0.080000 0.112500
0 0.171875 0.196250 0.072500 0.119167
0 0.437188 0.505833 0.091875 0.090000
0 0.911563 0.537917 0.084375 0.095833
0 0.601875 0.728750 0.078750 0.082500
0 0.774687 0.859167 0.073125 0.108333
0 0.836250 0.939583 0.068750 0.097500
0 0.466562 0.472500 0.066875 0.118333
0 0.416250 0.580833 0.062500 0.105000
0 0.862500 0.567917 0.087500 0.119167
0 0.031563 0.528750 0.061875 0.104167
0 0.473438 0.622500 0.066875 0.123333
