0 0.797813 0.212083 0.058125 0.080833
0 0.938438 0.942083 0.061875 0.084167
0 0.550937 0.721667 0.061875 0.083333
0 0.153438 0.634167 0.061875 0.085000
0 0.109687 0.354167 0.056875 0.086667
0 0.411562 0.299167 0.061875 0.088333
0 0.242500 0.411250 0.060000 0.082500
0 0.407813 0.215833 0.054375 0.076667
0 0.959063 0.582500 0.065625 0.086667
0 0.552188 0.907083 0.059375 0.074167
0 0.117813 0.805417 0.061875 0.087500
0 0.314375 0.683750 0.071250 0.102500
0 0.366563 0.622083 0.056875 0.082500
0 0.310937 0.128750 0.066875 0.089167
0 0.453750 0.800417 0.075000 0.102500
0 0.477500 0.532917 0.062500 0.075833
0 0.701250 0.279583 0.058750 0.067500
0 0.380937 0.702083 0.055625 0.077500
0 0.100937 0.594583 0.061875 0.080833
0 0.611875 0.057500 0.077500 0.096667
0 0.420312 0.881667 0.060625 0.085000
0 0.430000 0.047083 0.053750 0.082500
0 0.172500 0.727500 0.070000 0.103333
0 0.507188 0.462917 0.069375 0.092500
0 0.616875 0.736250 0.065000 0.084167
0 0.632812 0.452917 0.058125 0.092500
0 0.714063 0.656250 0.068125 0.099167
0 0.700313 0.397917 0.070625 0.089167
0 0.396250 0.374167 0.067500 0.085000
0 0.113437 0.243333 0.064375 0.101667
0 0.567187 0.137917 0.059375 0.084167
0 0.231875 0.212917 0.060000 0.057500
0 0.161250 0.915417 0.056250 0.077500
0 0.223125 0.276667 0.061250 0.071667
0 0.312500 0.839583 0.065000 0.084167
0 0.472500 0.933750 0.065000 0.084167
0 0.493437 0.367917 0.064375 0.089167
0 0.499688 0.245417 0.073125 0.072500
0 0.917813 0.766250 0.073125 0.084167
0 0.732812 0.204583 0.068125 0.089167
0 0.265000 0.548333 0.067500 0.076667
0 0.293125 0.223750 0.057500 0.075833
0 0.088125 0.925000 0.065000 0.080000
0 0.935312 0.242917 0.061875 0.079167
0 0.071563 0.841667 0.065625 0.083333
0 0.245625 0.330833 0.060000 0.073333
0 0.263437 0.601250 0.061875 0.090833
0 0.220000 0.660833 0.071250 0.093333
0 0.220312 0.682500 0.050625 0.071667
0 0.829063 0.086667 0.058125 0.073333
0 0.625000 0.284583 0.067500 0.084167
0 0.944063 0.072083 0.060625 0.082500
0 0.164062 0.213333 0.060625 0.080000
0 0.659687 0.659583 0.056875 0.079167
0 0.674063 0.789583 0.065625 0.084167
0 0.442500 0.418333 0.062500 0.085000
0 0.553125 0.628333 0.045000 0.073333
0 0.821875 0.666667 0.057500 0.075000
0 0.934375 0.458333 0.055000 0.071667
0 0.691562 0.536667 0.066875 0.061667
0 0.063437 0.160000 0.051875 0.075000
0 0.314688 0.950000 0.064375 0.088333
0 0.415000 0.954167 0.058750 0.073333
0 0.202500 0.156667 0.058750 0.083333
0 0.469687 0.182500 0.088125 0.075000
0 0.092500 0.043750 0.065000 0.077500
0 0.101250 0.519583 0.056250 0.070833
0 0.633125 0.547083 0.056250 0.075833
0 0.904687 0.844167 0.058125 0.068333
0 0.786250 0.897083 0.090000 0.077500
0 0.717187 0.118333 0.074375 0.085000
0 0.615313 0.950833 0.056875 0.081667
0 0.567187 0.333333 0.071875 0.076667
0 0.364375 0.899167 0.052500 0.065000
4 0.866875 0.525417 0.087500 0.090833
0 0.111250 0.431667 0.067500 0.075000
0 0.041250 0.419583 0.075000 0.090833
0 0.760312 0.714583 0.054375 0.069167
0 0.817187 0.707917 0.056875 0.079167
0 0.797500 0.795417 0.050000 0.064167
0 0.695000 0.054583 0.048750 0.065833
0 0.824375 0.862083 0.052500 0.067500
0 0.796250 0.970417 0.068750 0.059167
0 0.667188 0.096250 0.058125 0.080833
0 0.684063 0.217500 0.083125 0.066667
0 0.642500 0.214583 0.056250 0.084167
0 0.623750 0.239167 0.075000 0.088333
0 0.752500 0.145000 0.072500 0.075000
0 0.703750 0.318333 0.055000 0.070000
