0 0.205000 0.785417 0.065000 0.082500
0 0.777813 0.506250 0.059375 0.069167
0 0.782500 0.507500 0.063750 0.088333
0 0.179688 0.686250 0.068125 0.079167
0 0.140000 0.528333 0.066250 0.083333
0 0.793125 0.107917 0.080000 0.099167
0 0.044062 0.537917 0.059375 0.079167
0 0.276875 0.823750 0.060000 0.100833
0 0.419687 0.651667 0.080625 0.100000
0 0.214375 0.885833 0.066250 0.081667
0 0.675000 0.232500 0.063750 0.083333
0 0.818125 0.356250 0.058750 0.087500
0 0.335313 0.865833 0.081875 0.096667
0 0.749062 0.325833 0.065625 0.083333
0 0.129062 0.435000 0.065625 0.078333
0 0.185312 0.473333 0.066875 0.088333
0 0.071875 0.652500 0.068750 0.081667
0 0.802188 0.801667 0.069375 0.096667
0 0.809688 0.945000 0.053125 0.071667
0 0.475000 0.529583 0.083750 0.104167
0 0.876250 0.080833 0.077500 0.096667
0 0.744375 0.187500 0.056250 0.105000
0 0.909062 0.136250 0.075625 0.097500
0 0.097812 0.754583 0.076875 0.077500
0 0.048750 0.120833 0.061250 0.080000
0 0.921250 0.789167 0.077500 0.091667
0 0.123125 0.610417 0.067500 0.084167
0 0.606563 0.072500 0.080625 0.108333
0 0.070938 0.370417 0.070625 0.089167
0 0.211875 0.952917 0.058750 0.080833
0 0.870625 0.339167 0.061250 0.080000
1 0.779062 0.661667 0.085625 0.118333
0 0.406562 0.447917 0.074375 0.097500
0 0.593125 0.242917 0.065000 0.099167
0 0.182812 0.597917 0.066875 0.082500
0 0.892500 0.394167 0.075000 0.095000
0 0.272813 0.958750 0.063125 0.079167
0 0.933125 0.937917 0.077500 0.097500
0 0.594375 0.856250 0.080000 0.105833
0 0.234063 0.353750 0.070625 0.090833
0 0.106875 0.247917 0.063750 0.104167
0 0.501250 0.053333 0.080000 0.105000
0 0.693125 0.792500 0.067500 0.091667
0 0.634375 0.422917 0.058750 0.075833
0 0.837500 0.704583 0.075000 0.079167
0 0.702500 0.420833 0.062500 0.071667
0 0.315937 0.507083 0.065625 0.090833
0 0.745313 0.734583 0.068125 0.089167
0 0.349687 0.438333 0.050625 0.073333
0 0.185625 0.392083 0.053750 0.065833
0 0.191250 0.251250 0.056250 0.087500
0 0.335313 0.263750 0.065625 0.122500
0 0.923750 0.702917 0.071250 0.074167
0 0.135937 0.344167 0.074375 0.088333
0 0.643125 0.571250 0.062500 0.092500
0 0.902500 0.619583 0.065000 0.075833
0 0.730625 0.909583 0.067500 0.089167
0 0.732187 0.844583 0.070625 0.084167
0 0.868125 0.630000 0.071250 0.096667
0 0.250000 0.480000 0.065000 0.085000
0 0.890625 0.263333 0.073750 0.078333
0 0.059375 0.799167 0.055000 0.085000
0 0.932500 0.432500 0.067500 0.083333
1 0.876250 0.182917 0.117500 0.105833
0 0.266250 0.513750 0.055000 0.077500
0 0.937813 0.488333 0.065625 0.083333
0 0.164375 0.305000 0.071250 0.088333
0 0.609062 0.309167 0.079375 0.085000
0 0.614062 0.332500 0.049375 0.086667
0 0.165000 0.257917 0.055000 0.092500
0 0.888750 0.522500 0.055000 0.070000
0 0.852187 0.494167 0.058125 0.085000
0 0.844375 0.536250 0.062500 0.082500
0 0.878750 0.855417 0.063750 0.075833
1 0.915000 0.874583 0.087500 0.117500
1 0.261250 0.227500 0.117500 0.085000
1 0.284687 0.347500 0.099375 0.095000
0 0.674375 0.472083 0.076250 0.097500
0 0.638125 0.492917 0.092500 0.087500
1 0.609062 0.586250 0.081875 0.104167
0 0.713125 0.447917 0.061250 0.079167
