0 0.213438 0.091250 0.060625 0.082500
0 0.831562 0.412917 0.060625 0.085833
0 0.840000 0.259167 0.058750 0.080000
0 0.594688 0.852917 0.065625 0.085833
0 0.419687 0.528750 0.066875 0.089167
0 0.302500 0.740833 0.065000 0.086667
0 0.267500 0.917083 0.068750 0.097500
0 0.151250 0.752500 0.063750 0.085000
0 0.755000 0.859583 0.061250 0.085833
0 0.548438 0.429583 0.063125 0.077500
0 0.891875 0.847083 0.058750 0.094167
0 0.740000 0.576250 0.060000 0.082500
0 0.805625 0.734167 0.065000 0.086667
0 0.808438 0.564583 0.073125 0.109167
0 0.911563 0.180000 0.065625 0.096667
0 0.839375 0.875417 0.061250 0.105833
0 0.455313 0.888333 0.073125 0.095000
0 0.087813 0.205417 0.068125 0.089167
0 0.343750 0.865833 0.065000 0.086667
0 0.205937 0.840000 0.061875 0.086667
0 0.085000 0.814167 0.071250 0.098333
0 0.759687 0.184167 0.051875 0.080000
0 0.392188 0.383333 0.069375 0.101667
0 0.154062 0.443333 0.070625 0.101667
0 0.286875 0.217500 0.063750 0.081667
0 0.685937 0.444583 0.060625 0.082500
0 0.541562 0.591250 0.066875 0.089167
0 0.163438 0.670417 0.071875 0.084167
1 0.457188 0.091667 0.081875 0.100000
0 0.701250 0.187083 0.060000 0.089167
0 0.861875 0.120000 0.070000 0.095000
0 0.321562 0.302083 0.053125 0.095833
0 0.314688 0.137500 0.058125 0.081667
0 0.636875 0.382083 0.076250 0.097500
0 0.409062 0.291250 0.069375 0.095833
0 0.309688 0.639583 0.063125 0.085833
0 0.950937 0.700000 0.069375 0.108333
0 0.714375 0.366667 0.067500 0.086667
0 0.397813 0.622917 0.065625 0.087500
6 0.246250 0.583750 0.088750 0.112500
0 0.560937 0.665833 0.074375 0.080000
0 0.937813 0.047500 0.058125 0.083333
1 0.218750 0.488750 0.082500 0.105833
0 0.896875 0.726667 0.056250 0.083333
0 0.661250 0.317083 0.072500 0.075833
0 0.720000 0.763750 0.087500 0.077500
0 0.811875 0.155833 0.051250 0.093333
0 0.462500 0.329167 0.040000 0.073333
