0 0.341875 0.291250 0.057500 0.080833
0 0.522500 0.507500 0.063750 0.081667
0 0.229063 0.690833 0.060625 0.081667
0 0.868437 0.394583 0.058125 0.087500
0 0.048438 0.839583 0.064375 0.084167
0 0.241250 0.432500 0.062500 0.080000
0 0.679375 0.532083 0.070000 0.092500
0 0.162500 0.080833 0.067500 0.076667
0 0.153750 0.510833 0.058750 0.078333
0 0.581875 0.622500 0.068750 0.098333
0 0.823750 0.912500 0.067500 0.088333
0 0.065312 0.180833 0.059375 0.080000
0 0.294687 0.150000 0.064375 0.085000
0 0.310937 0.371667 0.053125 0.095000
0 0.075938 0.638333 0.073125 0.093333
0 0.469687 0.801667 0.071875 0.093333
0 0.488438 0.135000 0.063125 0.085000
0 0.657188 0.392500 0.060625 0.080000
0 0.057500 0.375833 0.068750 0.095000
0 0.891563 0.808750 0.060625 0.075833
0 0.319688 0.596250 0.069375 0.102500
0 0.810937 0.497500 0.068125 0.083333
0 0.867812 0.620417 0.073125 0.100833
0 0.059062 0.947083 0.059375 0.084167
0 0.465313 0.222917 0.064375 0.087500
0 0.920937 0.495833 0.066875 0.085000
0 0.599688 0.382083 0.061875 0.095833
0 0.793750 0.391250 0.072500 0.095833
0 0.818750 0.090833 0.057500 0.070000
0 0.393125 0.714583 0.061250 0.089167
0 0.036250 0.750833 0.065000 0.081667
0 0.217500 0.305833 0.070000 0.095000
0 0.554688 0.708750 0.061875 0.079167
0 0.809063 0.339583 0.069375 0.082500
0 0.920000 0.570000 0.065000 0.083333
0 0.565937 0.319167 0.065625 0.085000
0 0.759375 0.937500 0.053750 0.073333
0 0.783438 0.543750 0.059375 0.079167
0 0.767500 0.268750 0.053750 0.082500
0 0.801250 0.617917 0.058750 0.080833
0 0.690937 0.327500 0.056875 0.076667
0 0.245938 0.347500 0.070625 0.090000
0 0.937813 0.140833 0.070625 0.100000
0 0.930625 0.398333 0.058750 0.073333
0 0.820625 0.831667 0.065000 0.073333
0 0.524062 0.275417 0.061875 0.084167
0 0.279062 0.937917 0.061875 0.085833
4 0.523438 0.059167 0.074375 0.106667
0 0.963750 0.762917 0.061250 0.079167
0 0.333750 0.905833 0.066250 0.095000
0 0.661250 0.882917 0.065000 0.089167
0 0.705000 0.926250 0.052500 0.070833
0 0.901250 0.172917 0.061250 0.080833
