0 0.061250 0.547500 0.061250 0.080000
0 0.539375 0.637917 0.075000 0.100833
0 0.261875 0.211250 0.066250 0.100833
0 0.038750 0.210833 0.061250 0.088333
0 0.081875 0.754167 0.067500 0.093333
0 0.405313 0.378750 0.070625 0.092500
0 0.388750 0.617500 0.071250 0.090000
0 0.545625 0.745417 0.058750 0.087500
0 0.203437 0.772083 0.068125 0.090833
0 0.605625 0.725000 0.072500 0.106667
0 0.941875 0.350000 0.070000 0.103333
0 0.323125 0.178750 0.077500 0.087500
0 0.353125 0.337500 0.071250 0.093333
0 0.061562 0.326250 0.066875 0.085833
0 0.525937 0.356250 0.080625 0.085833
0 0.560312 0.106667 0.073125 0.098333
0 0.780937 0.937500 0.088125 0.095000
0 0.936250 0.113750 0.070000 0.090833
0 0.754062 0.198333 0.071875 0.095000
0 0.348750 0.420417 0.065000 0.067500
0 0.372188 0.804583 0.071875 0.075833
0 0.703125 0.053333 0.071250 0.100000
0 0.727187 0.815000 0.069375 0.096667
0 0.774687 0.677083 0.064375 0.094167
0 0.712500 0.379167 0.077500 0.110000
0 0.522188 0.910000 0.051875 0.088333
0 0.747500 0.343333 0.058750 0.103333
0 0.445937 0.747917 0.079375 0.085833
1 0.526875 0.433333 0.091250 0.095000
0 0.461250 0.614583 0.066250 0.089167
1 0.777188 0.130417 0.096875 0.107500
0 0.298438 0.773333 0.073125 0.101667
0 0.457813 0.959583 0.065625 0.059167
0 0.845000 0.872083 0.090000 0.102500
3 0.459062 0.876250 0.093125 0.114167
