0 0.551562 0.162917 0.078125 0.105833
0 0.156875 0.859583 0.073750 0.104167
0 0.503125 0.562500 0.072500 0.101667
0 0.411875 0.331667 0.068750 0.088333
0 0.804375 0.323333 0.055000 0.080000
0 0.613125 0.889583 0.072500 0.094167
0 0.255625 0.882917 0.080000 0.107500
0 0.231875 0.555833 0.078750 0.096667
0 0.357812 0.414167 0.054375 0.071667
0 0.515000 0.723750 0.060000 0.080833
0 0.358750 0.417083 0.067500 0.084167
0 0.914375 0.676667 0.075000 0.103333
0 0.268125 0.433750 0.070000 0.092500
0 0.413125 0.459167 0.072500 0.091667
0 0.305000 0.560417 0.077500 0.104167
0 0.598750 0.791667 0.073750 0.103333
0 0.038125 0.952917 0.068750 0.085833
0 0.207813 0.463750 0.074375 0.102500
0 0.741563 0.233750 0.068125 0.090833
0 0.948438 0.527500 0.079375 0.098333
0 0.675937 0.859167 0.071875 0.103333
0 0.203750 0.741250 0.070000 0.092500
0 0.858750 0.511250 0.067500 0.090833
0 0.470625 0.263750 0.075000 0.097500
0 0.846562 0.399167 0.079375 0.095000
0 0.164687 0.325417 0.079375 0.102500
0 0.498750 0.440833 0.078750 0.113333
0 0.725938 0.457500 0.075625 0.106667
0 0.674063 0.142083 0.066875 0.080833
0 0.911563 0.361250 0.073125 0.104167
0 0.119688 0.370417 0.084375 0.102500
0 0.354375 0.200833 0.072500 0.100000
0 0.644062 0.344167 0.068125 0.088333
0 0.669063 0.260417 0.064375 0.082500
0 0.864688 0.269167 0.078125 0.078333
0 0.164375 0.537500 0.063750 0.090000
0 0.514687 0.254583 0.075625 0.097500
0 0.937813 0.128333 0.078125 0.095000
0 0.932500 0.295833 0.065000 0.083333
0 0.673125 0.955417 0.067500 0.087500
0 0.719063 0.328333 0.055625 0.066667
0 0.898750 0.415417 0.076250 0.099167
0 0.264375 0.675833 0.073750 0.090000
0 0.968437 0.445833 0.063125 0.085000
0 0.376875 0.082083 0.063750 0.080833
0 0.936875 0.201250 0.063750 0.092500
0 0.089063 0.821250 0.069375 0.095833
0 0.882500 0.802083 0.061250 0.095833
0 0.110312 0.899583 0.065625 0.089167
0 0.750000 0.952083 0.056250 0.089167
0 0.751250 0.127917 0.071250 0.109167
1 0.153750 0.265833 0.082500 0.100000
1 0.858437 0.848333 0.088125 0.131667
0 0.565625 0.948333 0.072500 0.088333
0 0.654375 0.469583 0.068750 0.090833
0 0.368750 0.125417 0.075000 0.090833
0 0.313125 0.178333 0.058750 0.081667
0 0.046875 0.807917 0.063750 0.089167
0 0.728750 0.372500 0.063750 0.078333
0 0.606875 0.462917 0.063750 0.087500
0 0.717812 0.155833 0.064375 0.080000
0 0.731875 0.055417 0.060000 0.095833
0 0.518437 0.332500 0.066875 0.098333
0 0.504687 0.385833 0.063125 0.086667
0 0.639062 0.802917 0.069375 0.090833
0 0.266875 0.047500 0.060000 0.080000
0 0.963437 0.267083 0.063125 0.117500
