0 0.619375 0.908750 0.065000 0.080833
0 0.074063 0.889167 0.065625 0.086667
0 0.062500 0.383750 0.063750 0.104167
0 0.260313 0.422917 0.078125 0.094167
0 0.262813 0.158750 0.073125 0.100833
0 0.489063 0.236250 0.063125 0.085833
0 0.918438 0.908750 0.073125 0.100833
0 0.248125 0.692500 0.071250 0.091667
0 0.536875 0.802917 0.060000 0.087500
0 0.531250 0.895000 0.076250 0.098333
0 0.139375 0.122500 0.085000 0.105000
0 0.305937 0.218750 0.070625 0.089167
0 0.460313 0.805000 0.079375 0.093333
0 0.352812 0.449167 0.063125 0.076667
0 0.127812 0.763750 0.075625 0.094167
0 0.600625 0.801667 0.067500 0.081667
0 0.461250 0.882917 0.063750 0.082500
0 0.499375 0.607083 0.070000 0.092500
0 0.901250 0.695000 0.056250 0.075000
0 0.412813 0.940000 0.065625 0.096667
0 0.121563 0.680417 0.065625 0.089167
0 0.119375 0.677083 0.051250 0.077500
0 0.720625 0.825000 0.076250 0.090000
0 0.276250 0.776667 0.070000 0.086667
0 0.428438 0.207500 0.075625 0.100000
0 0.701562 0.157083 0.081875 0.100833
0 0.191875 0.653333 0.067500 0.076667
0 0.302500 0.326250 0.075000 0.082500
0 0.450937 0.377917 0.064375 0.082500
0 0.263125 0.936250 0.073750 0.084167
0 0.350000 0.360833 0.070000 0.080000
0 0.929375 0.768333 0.070000 0.078333
0 0.516875 0.355000 0.076250 0.098333
0 0.396562 0.805417 0.079375 0.084167
0 0.412500 0.331250 0.063750 0.080833
0 0.388750 0.510417 0.065000 0.082500
0 0.257500 0.054167 0.075000 0.090000
0 0.394688 0.101667 0.073125 0.105000
0 0.315000 0.841667 0.071250 0.075000
0 0.346250 0.612083 0.056250 0.085833
0 0.766875 0.885000 0.075000 0.086667
0 0.675312 0.781667 0.071875 0.086667
0 0.692500 0.914167 0.066250 0.076667
0 0.898438 0.497917 0.070625 0.097500
0 0.783438 0.745833 0.061875 0.081667
0 0.418750 0.445417 0.066250 0.077500
0 0.865938 0.066250 0.076875 0.105833
0 0.134687 0.951250 0.063125 0.087500
0 0.933750 0.270000 0.071250 0.100000
0 0.182812 0.938750 0.060625 0.075833
0 0.926250 0.643333 0.066250 0.086667
0 0.874687 0.797917 0.059375 0.094167
0 0.203750 0.568750 0.078750 0.092500
0 0.872812 0.941250 0.070625 0.084167
0 0.333125 0.910833 0.075000 0.093333
0 0.437812 0.716250 0.055625 0.092500
0 0.442812 0.530833 0.055625 0.090000
0 0.032813 0.552500 0.064375 0.085000
1 0.560625 0.412083 0.090000 0.117500
4 0.339687 0.732500 0.080625 0.108333
0 0.389062 0.716250 0.055625 0.080833
0 0.272500 0.532083 0.075000 0.089167
0 0.127500 0.596667 0.065000 0.070000
0 0.219375 0.501250 0.077500 0.092500
0 0.082812 0.600417 0.070625 0.090833
0 0.563438 0.257083 0.075625 0.089167
0 0.912188 0.202917 0.083125 0.105833
1 0.846250 0.726667 0.081250 0.105000
0 0.298125 0.620000 0.055000 0.085000
0 0.261250 0.580417 0.075000 0.092500
0 0.856250 0.229583 0.052500 0.089167
0 0.058750 0.560833 0.066250 0.090000
