0 0.165313 0.284583 0.071875 0.085833
0 0.540312 0.326667 0.060625 0.088333
0 0.690000 0.110417 0.055000 0.077500
0 0.233125 0.827083 0.065000 0.080833
0 0.765000 0.301667 0.068750 0.086667
0 0.615625 0.698750 0.065000 0.090833
0 0.763125 0.822083 0.061250 0.085833
0 0.205000 0.497083 0.075000 0.095833
0 0.132812 0.486250 0.068125 0.095833
0 0.469375 0.862500 0.065000 0.083333
0 0.498437 0.785833 0.073125 0.090000
4 0.560000 0.115417 0.071250 0.099167
0 0.160000 0.601250 0.067500 0.089167
0 0.615938 0.598750 0.075625 0.099167
0 0.425938 0.217500 0.068125 0.093333
0 0.667188 0.411667 0.074375 0.100000
0 0.503437 0.524167 0.075625 0.090000
0 0.961562 0.197083 0.059375 0.090833
0 0.429375 0.451250 0.071250 0.092500
0 0.902813 0.556667 0.060625 0.085000
0 0.083750 0.222500 0.080000 0.096667
0 0.425312 0.327917 0.065625 0.084167
0 0.113125 0.925000 0.061250 0.088333
0 0.775000 0.495833 0.060000 0.080000
0 0.832500 0.210417 0.065000 0.077500
0 0.240937 0.199583 0.073125 0.094167
0 0.554375 0.710833 0.057500 0.088333
0 0.683125 0.199167 0.066250 0.093333
0 0.907188 0.870833 0.069375 0.098333
0 0.843437 0.602500 0.068125 0.091667
0 0.620313 0.908333 0.071875 0.085000
0 0.122500 0.710833 0.062500 0.090000
0 0.668438 0.562500 0.075625 0.091667
0 0.532813 0.450833 0.073125 0.088333
0 0.293125 0.793333 0.060000 0.088333
4 0.333750 0.335417 0.072500 0.102500
4 0.333125 0.498333 0.082500 0.110000
0 0.745938 0.411250 0.073125 0.090833
0 0.338125 0.809583 0.063750 0.087500
0 0.906250 0.650833 0.072500 0.088333
0 0.775000 0.598333 0.068750 0.098333
0 0.543750 0.927500 0.062500 0.078333
0 0.378750 0.393333 0.076250 0.098333
0 0.279687 0.276250 0.060625 0.087500
0 0.084062 0.859583 0.070625 0.079167
0 0.475313 0.283333 0.064375 0.100000
0 0.859062 0.065000 0.070625 0.088333
0 0.502500 0.725417 0.073750 0.090833
0 0.844375 0.140417 0.075000 0.084167
0 0.845000 0.402083 0.066250 0.117500
0 0.849375 0.908750 0.075000 0.092500
0 0.625625 0.141667 0.066250 0.113333
0 0.086875 0.695417 0.065000 0.095833
0 0.583750 0.506667 0.067500 0.091667
0 0.790312 0.421250 0.054375 0.127500
