0 0.298438 0.310000 0.061875 0.095000
0 0.239063 0.837083 0.061875 0.084167
0 0.181875 0.754583 0.063750 0.087500
0 0.350938 0.266250 0.059375 0.084167
3 0.820000 0.460833 0.083750 0.103333
0 0.575937 0.584167 0.075625 0.105000
0 0.667188 0.400833 0.066875 0.085000
0 0.338438 0.842083 0.061875 0.089167
0 0.196563 0.466667 0.066875 0.096667
3 0.706562 0.210000 0.080625 0.110000
0 0.166250 0.325000 0.063750 0.081667
0 0.872812 0.822917 0.071875 0.087500
0 0.233125 0.579167 0.063750 0.083333
0 0.725938 0.333333 0.069375 0.083333
0 0.358438 0.472500 0.063125 0.095000
0 0.570937 0.929167 0.063125 0.086667
0 0.676562 0.545417 0.071875 0.099167
0 0.485312 0.184583 0.064375 0.075833
0 0.262813 0.220417 0.064375 0.085833
0 0.662188 0.313750 0.065625 0.092500
0 0.538750 0.840833 0.071250 0.101667
0 0.665000 0.481667 0.065000 0.085000
0 0.673438 0.892917 0.075625 0.090833
0 0.486563 0.467083 0.066875 0.087500
0 0.390000 0.935833 0.070000 0.095000
0 0.260937 0.170833 0.078125 0.095000
0 0.173750 0.170833 0.067500 0.078333
0 0.743125 0.869167 0.060000 0.103333
0 0.611875 0.131667 0.056250 0.073333
0 0.335625 0.685833 0.061250 0.086667
0 0.595625 0.521250 0.062500 0.079167
0 0.407813 0.890417 0.063125 0.085833
0 0.224375 0.283750 0.067500 0.087500
0 0.657500 0.161667 0.061250 0.086667
0 0.290625 0.650417 0.071250 0.089167
0 0.710000 0.823750 0.048750 0.092500
3 0.525625 0.104583 0.105000 0.092500
0 0.125938 0.234167 0.081875 0.066667
0 0.038750 0.057917 0.065000 0.084167
0 0.413438 0.486667 0.051875 0.080000
0 0.550625 0.083750 0.063750 0.094167
