0 0.353125 0.108333 0.058750 0.075000
0 0.438125 0.647917 0.067500 0.100833
0 0.862812 0.382917 0.063125 0.089167
0 0.395000 0.888750 0.062500 0.084167
0 0.196563 0.400417 0.064375 0.087500
0 0.949063 0.688750 0.069375 0.087500
0 0.037500 0.617917 0.058750 0.082500
0 0.862812 0.477917 0.063125 0.085833
0 0.779375 0.462500 0.080000 0.091667
0 0.820937 0.590833 0.066875 0.091667
0 0.896250 0.534583 0.062500 0.079167
0 0.530000 0.580000 0.065000 0.083333
0 0.899687 0.786250 0.064375 0.089167
0 0.450313 0.290417 0.063125 0.085833
0 0.272500 0.330000 0.063750 0.091667
0 0.413750 0.196250 0.062500 0.092500
0 0.542188 0.367083 0.070625 0.085833
0 0.917813 0.314583 0.075625 0.084167
0 0.376250 0.509583 0.063750 0.084167
0 0.799375 0.373333 0.061250 0.086667
0 0.731250 0.152500 0.066250 0.091667
0 0.241875 0.445833 0.061250 0.078333
0 0.526563 0.837917 0.071875 0.089167
0 0.669063 0.317917 0.075625 0.087500
0 0.823438 0.688750 0.066875 0.090833
0 0.323437 0.908333 0.069375 0.095000
0 0.419687 0.445417 0.064375 0.095833
0 0.138437 0.567917 0.063125 0.072500
0 0.072188 0.675417 0.055625 0.085833
0 0.090313 0.520417 0.060625 0.067500
0 0.402187 0.577500 0.064375 0.078333
0 0.480938 0.401250 0.073125 0.092500
0 0.562813 0.922500 0.069375 0.083333
0 0.077813 0.250417 0.068125 0.097500
0 0.219688 0.611667 0.056875 0.081667
0 0.723125 0.704167 0.065000 0.075000
0 0.496563 0.762083 0.065625 0.087500
0 0.190625 0.041250 0.061250 0.077500
0 0.853437 0.132500 0.059375 0.085000
0 0.798125 0.127500 0.063750 0.080000
0 0.613750 0.230833 0.058750 0.086667
0 0.949375 0.559167 0.060000 0.105000
0 0.569063 0.763750 0.065625 0.069167
0 0.948125 0.436250 0.058750 0.089167
0 0.240313 0.095833 0.066875 0.080000
0 0.708125 0.085833 0.060000 0.071667
0 0.932813 0.865417 0.063125 0.084167
0 0.728750 0.875000 0.077500 0.071667
0 0.742500 0.341667 0.068750 0.105000
0 0.738437 0.787083 0.065625 0.084167
0 0.325625 0.462917 0.057500 0.090833
0 0.400625 0.798333 0.057500 0.081667
0 0.117500 0.710833 0.053750 0.078333
0 0.080937 0.393333 0.055625 0.071667
0 0.696562 0.830417 0.064375 0.085833
0 0.733437 0.233750 0.089375 0.085833
0 0.180000 0.679167 0.060000 0.071667
0 0.959688 0.075000 0.064375 0.071667
0 0.654062 0.882500 0.065625 0.095000
0 0.495312 0.660000 0.061875 0.083333
0 0.065937 0.339167 0.061875 0.063333
0 0.364375 0.254167 0.065000 0.095000
0 0.143125 0.641667 0.058750 0.065000
0 0.377812 0.657083 0.068125 0.099167
0 0.237500 0.188333 0.076250 0.098333
0 0.280625 0.157083 0.063750 0.085833
0 0.758437 0.645417 0.065625 0.085833
0 0.307812 0.253750 0.059375 0.102500
0 0.880313 0.179167 0.060625 0.095000
0 0.407813 0.350833 0.066875 0.078333
0 0.615625 0.562500 0.078750 0.066667
0 0.365312 0.413750 0.058125 0.074167
0 0.435000 0.767500 0.055000 0.095000
0 0.498437 0.062500 0.069375 0.096667
0 0.345000 0.555833 0.051250 0.090000
0 0.311875 0.038750 0.055000 0.075833
0 0.427187 0.953750 0.063125 0.074167
0 0.462187 0.174583 0.065625 0.092500
0 0.029375 0.458750 0.056250 0.077500
0 0.673125 0.758750 0.071250 0.085833
0 0.643125 0.076667 0.070000 0.081667
0 0.181875 0.299167 0.058750 0.083333
0 0.231563 0.529583 0.053125 0.074167
0 0.738437 0.540833 0.065625 0.076667
0 0.591562 0.668333 0.063125 0.093333
0 0.117188 0.137500 0.054375 0.075000
0 0.607500 0.873333 0.068750 0.085000
0 0.844063 0.276250 0.070625 0.092500
0 0.614375 0.804167 0.075000 0.086667
0 0.485000 0.514167 0.058750 0.076667
1 0.318437 0.719583 0.106875 0.165833
1 0.336875 0.348333 0.093750 0.123333
1 0.674375 0.581667 0.092500 0.158333
1 0.812187 0.204167 0.089375 0.098333
1 0.531250 0.195833 0.097500 0.156667
4 0.101562 0.461667 0.090625 0.085000
0 0.669375 0.604167 0.057500 0.081667
0 0.755938 0.616667 0.070625 0.078333
0 0.949063 0.394167 0.066875 0.080000
0 0.867188 0.254167 0.063125 0.083333
0 0.616250 0.088750 0.058750 0.092500
0 0.555000 0.160000 0.056250 0.076667
0 0.242500 0.059583 0.060000 0.090833
0 0.098750 0.068750 0.072500 0.084167
0 0.129062 0.261250 0.054375 0.084167
0 0.271875 0.595417 0.060000 0.099167
0 0.180938 0.240417 0.065625 0.085833
0 0.134063 0.339583 0.065625 0.080833
0 0.132812 0.395000 0.058125 0.076667
0 0.168437 0.134583 0.055625 0.084167
0 0.158125 0.175833 0.076250 0.073333
0 0.252812 0.233750 0.053125 0.092500
0 0.352500 0.177500 0.041250 0.055000
0 0.222188 0.308750 0.048125 0.092500
0 0.175313 0.521250 0.064375 0.087500
0 0.285625 0.498333 0.057500 0.086667
0 0.319375 0.598333 0.042500 0.098333
0 0.477812 0.479167 0.084375 0.075000
0 0.954688 0.903750 0.064375 0.089167
0 0.243750 0.923333 0.057500 0.081667
0 0.187188 0.952083 0.053125 0.064167
0 0.157188 0.477917 0.054375 0.089167
0 0.537500 0.676250 0.053750 0.109167
0 0.646250 0.714583 0.062500 0.089167
0 0.639687 0.672917 0.081875 0.094167
0 0.729688 0.955417 0.073125 0.089167
0 0.247500 0.543750 0.058750 0.085833
