0 0.341562 0.884583 0.084375 0.104167
0 0.196875 0.542500 0.071250 0.093333
0 0.419687 0.082917 0.080625 0.100833
0 0.820312 0.838333 0.061875 0.080000
0 0.525312 0.326250 0.078125 0.099167
0 0.942500 0.171250 0.075000 0.109167
0 0.939375 0.667917 0.082500 0.105833
0 0.756563 0.590833 0.070625 0.120000
0 0.465625 0.657917 0.076250 0.102500
0 0.787813 0.701250 0.073125 0.107500
0 0.687500 0.557083 0.065000 0.100833
0 0.903125 0.728333 0.076250 0.108333
0 0.910312 0.896667 0.076875 0.100000
0 0.056563 0.663750 0.073125 0.114167
0 0.217188 0.406667 0.074375 0.106667
0 0.868125 0.092500 0.070000 0.115000
0 0.232813 0.272917 0.085625 0.107500
0 0.750313 0.413333 0.078125 0.110000
0 0.810937 0.390000 0.069375 0.115000
0 0.151562 0.742917 0.080625 0.097500
0 0.457813 0.281667 0.071875 0.101667
0 0.755000 0.878333 0.068750 0.100000
0 0.282187 0.390000 0.065625 0.091667
0 0.456562 0.855000 0.075625 0.113333
0 0.256563 0.649583 0.075625 0.100833
0 0.492188 0.440000 0.065625 0.095000
0 0.120000 0.160417 0.066250 0.094167
0 0.548125 0.467083 0.071250 0.084167
0 0.301875 0.168333 0.075000 0.105000
0 0.616875 0.447917 0.065000 0.107500
0 0.229375 0.737083 0.066250 0.105833
0 0.464687 0.550833 0.071875 0.106667
0 0.626250 0.920833 0.073750 0.086667
0 0.394062 0.414583 0.071875 0.092500
0 0.135000 0.907917 0.070000 0.082500
0 0.475625 0.755000 0.076250 0.106667
0 0.240313 0.113750 0.071875 0.109167
0 0.888750 0.427917 0.072500 0.105833
0 0.635938 0.275000 0.075625 0.093333
0 0.213750 0.205417 0.071250 0.085833
0 0.605625 0.552083 0.082500 0.105833
0 0.482812 0.182500 0.079375 0.113333
0 0.622188 0.773333 0.079375 0.108333
0 0.073438 0.872083 0.073125 0.100833
0 0.664062 0.654167 0.075625 0.103333
0 0.812813 0.064167 0.069375 0.116667
0 0.251563 0.890417 0.074375 0.099167
0 0.135000 0.800833 0.077500 0.100000
0 0.665000 0.840417 0.082500 0.107500
0 0.540937 0.755417 0.066875 0.110833
0 0.780625 0.765833 0.066250 0.093333
0 0.593437 0.786250 0.071875 0.107500
0 0.851875 0.680833 0.076250 0.095000
0 0.654375 0.323750 0.057500 0.085833
