0 0.080312 0.857083 0.059375 0.077500
4 0.857812 0.874583 0.078125 0.099167
0 0.462187 0.126667 0.061875 0.090000
0 0.419687 0.447917 0.059375 0.087500
0 0.747812 0.822083 0.074375 0.092500
0 0.450937 0.923750 0.064375 0.092500
0 0.105625 0.218333 0.067500 0.081667
0 0.148438 0.105833 0.059375 0.078333
0 0.526250 0.454167 0.066250 0.086667
0 0.263750 0.606667 0.062500 0.086667
0 0.308125 0.927083 0.062500 0.084167
0 0.667188 0.140833 0.074375 0.088333
0 0.234063 0.925417 0.073125 0.099167
0 0.773750 0.091667 0.063750 0.081667
0 0.804063 0.414583 0.066875 0.084167
0 0.171563 0.630417 0.064375 0.077500
0 0.174063 0.788750 0.071875 0.092500
0 0.364063 0.150000 0.065625 0.081667
0 0.803750 0.687917 0.063750 0.085833
0 0.552813 0.581667 0.066875 0.090000
0 0.296563 0.472500 0.076875 0.090000
0 0.261875 0.743333 0.066250 0.085000
0 0.779375 0.250000 0.066250 0.088333
0 0.663125 0.697500 0.062500 0.093333
0 0.263750 0.226667 0.075000 0.096667
0 0.361250 0.757500 0.060000 0.091667
0 0.558438 0.666250 0.075625 0.094167
0 0.558125 0.261250 0.070000 0.105833
0 0.270625 0.389167 0.061250 0.085000
0 0.950000 0.806667 0.063750 0.071667
0 0.170313 0.914583 0.056875 0.084167
0 0.139375 0.697500 0.068750 0.088333
0 0.860313 0.216667 0.046875 0.115000
0 0.135625 0.437083 0.071250 0.089167
0 0.227813 0.334583 0.068125 0.105833
0 0.645938 0.220417 0.056875 0.084167
0 0.669687 0.072917 0.070625 0.092500
0 0.357500 0.294167 0.071250 0.095000
0 0.874687 0.418750 0.061875 0.089167
0 0.388437 0.821667 0.056875 0.081667
0 0.400313 0.247917 0.069375 0.094167
0 0.463750 0.575000 0.061250 0.096667
0 0.123125 0.545000 0.065000 0.090000
0 0.934375 0.371667 0.070000 0.095000
0 0.389375 0.945833 0.066250 0.103333
0 0.771563 0.515417 0.065625 0.090833
0 0.223125 0.673750 0.061250 0.090833
0 0.044062 0.065833 0.061875 0.086667
4 0.311250 0.327500 0.078750 0.111667
0 0.797500 0.533750 0.067500 0.100833
0 0.907188 0.208750 0.058125 0.115833
0 0.811250 0.310000 0.058750 0.120000
0 0.719375 0.684583 0.058750 0.122500
0 0.170000 0.333750 0.053750 0.127500
0 0.915625 0.303750 0.061250 0.135833
