0 0.383125 0.754167 0.070000 0.095000
0 0.587187 0.477917 0.073125 0.089167
0 0.398750 0.403333 0.065000 0.095000
0 0.537500 0.404167 0.060000 0.085000
0 0.370937 0.176250 0.065625 0.084167
0 0.506563 0.320417 0.071875 0.092500
0 0.166875 0.667083 0.060000 0.089167
0 0.608125 0.833750 0.071250 0.097500
0 0.843437 0.257917 0.069375 0.089167
0 0.540625 0.552500 0.070000 0.093333
0 0.075938 0.858333 0.069375 0.093333
0 0.793438 0.435833 0.063125 0.083333
0 0.134063 0.085833 0.073125 0.093333
0 0.610000 0.737917 0.067500 0.097500
0 0.190625 0.252083 0.065000 0.087500
0 0.761563 0.245833 0.065625 0.096667
0 0.406250 0.494167 0.073750 0.085000
0 0.409687 0.255833 0.070625 0.088333
0 0.532500 0.755417 0.068750 0.082500
0 0.916250 0.741667 0.070000 0.093333
0 0.470313 0.537917 0.061875 0.084167
0 0.408750 0.647917 0.071250 0.104167
0 0.700937 0.738750 0.064375 0.090833
0 0.575000 0.607917 0.065000 0.082500
0 0.109687 0.715833 0.069375 0.103333
0 0.655937 0.524583 0.063125 0.092500
0 0.165000 0.340833 0.067500 0.083333
0 0.364687 0.315833 0.061875 0.085000
0 0.097812 0.408750 0.066875 0.104167
0 0.174375 0.933333 0.060000 0.086667
0 0.908750 0.639167 0.067500 0.090000
0 0.868437 0.506250 0.070625 0.097500
0 0.239375 0.191667 0.083750 0.091667
0 0.713437 0.422917 0.066875 0.087500
0 0.066250 0.491250 0.066250 0.084167
0 0.715938 0.127917 0.069375 0.075833
0 0.150312 0.207917 0.070625 0.097500
0 0.951250 0.848750 0.067500 0.102500
0 0.449688 0.784583 0.064375 0.090833
0 0.914687 0.357500 0.064375 0.090000
0 0.276875 0.327083 0.070000 0.094167
0 0.210625 0.095833 0.068750 0.100000
0 0.731563 0.520417 0.068125 0.090833
0 0.225312 0.763333 0.071875 0.080000
0 0.043750 0.657083 0.080000 0.102500
0 0.880313 0.818333 0.069375 0.081667
0 0.573750 0.153750 0.070000 0.100833
0 0.081250 0.591667 0.062500 0.078333
0 0.921875 0.120000 0.067500 0.085000
0 0.270000 0.847500 0.068750 0.101667
0 0.482187 0.677917 0.075625 0.084167
0 0.828125 0.364167 0.063750 0.101667
0 0.299375 0.916250 0.065000 0.105833
0 0.758750 0.775000 0.060000 0.101667
0 0.305937 0.366250 0.073125 0.089167
0 0.085938 0.147500 0.054375 0.078333
0 0.848750 0.697500 0.058750 0.078333
0 0.306250 0.762083 0.061250 0.084167
0 0.375625 0.857083 0.075000 0.092500
0 0.466562 0.228333 0.066875 0.083333
0 0.340000 0.443750 0.065000 0.080833
0 0.305937 0.628750 0.068125 0.084167
0 0.820312 0.105833 0.071875 0.110000
0 0.571250 0.933750 0.055000 0.080833
0 0.944688 0.512917 0.061875 0.102500
0 0.471562 0.407917 0.060625 0.084167
0 0.243438 0.608333 0.068125 0.095000
0 0.679375 0.282500 0.070000 0.078333
0 0.160938 0.777083 0.065625 0.107500
0 0.877500 0.601667 0.068750 0.078333
0 0.819375 0.602083 0.067500 0.099167
0 0.953125 0.408333 0.060000 0.081667
0 0.261250 0.053333 0.070000 0.098333
0 0.869375 0.061250 0.063750 0.084167
0 0.617188 0.342083 0.063125 0.082500
0 0.803750 0.926667 0.081250 0.111667
0 0.537813 0.062500 0.069375 0.091667
0 0.745938 0.194167 0.061875 0.093333
0 0.529375 0.849583 0.058750 0.080833
0 0.822812 0.734167 0.066875 0.093333
0 0.520000 0.685417 0.068750 0.079167
0 0.300938 0.513750 0.075625 0.090833
0 0.090625 0.283750 0.076250 0.085833
0 0.228437 0.646250 0.058125 0.090833
0 0.628750 0.072083 0.068750 0.090833
0 0.163750 0.437083 0.057500 0.079167
0 0.351250 0.553750 0.053750 0.094167
0 0.453437 0.132083 0.068125 0.072500
0 0.494375 0.140000 0.086250 0.073333
0 0.826250 0.874583 0.071250 0.094167
0 0.799687 0.532500 0.064375 0.081667
0 0.676562 0.912917 0.064375 0.077500
0 0.735000 0.923333 0.056250 0.075000
0 0.929375 0.052917 0.065000 0.077500
0 0.040938 0.941667 0.064375 0.088333
0 0.232187 0.960417 0.060625 0.077500
0 0.425312 0.061667 0.065625 0.111667
0 0.586875 0.301250 0.076250 0.074167
0 0.592812 0.201667 0.065625 0.076667
4 0.146250 0.612083 0.063750 0.089167
1 0.717187 0.838750 0.056875 0.070833
0 0.142187 0.804583 0.064375 0.097500
0 0.063125 0.560833 0.068750 0.075000
0 0.396250 0.887500 0.070000 0.083333
0 0.320937 0.720000 0.064375 0.076667
0 0.341562 0.955417 0.068125 0.082500
0 0.148125 0.917500 0.058750 0.081667
0 0.086250 0.242083 0.058750 0.075833
0 0.048125 0.234583 0.070000 0.072500
0 0.502812 0.864583 0.060625 0.090833
0 0.646563 0.893333 0.058125 0.086667
0 0.650000 0.256250 0.055000 0.077500
0 0.852187 0.402083 0.050625 0.095833
0 0.967187 0.568333 0.063125 0.078333
0 0.781563 0.739167 0.068125 0.083333
0 0.474687 0.447500 0.064375 0.080000
0 0.639375 0.367917 0.056250 0.087500
0 0.273438 0.486667 0.058125 0.078333
0 0.190625 0.442917 0.067500 0.082500
0 0.186562 0.477083 0.066875 0.067500
0 0.871250 0.109583 0.062500 0.082500
0 0.823438 0.043750 0.064375 0.084167
0 0.970000 0.381250 0.048750 0.087500
0 0.892188 0.339583 0.053125 0.074167
0 0.768750 0.514583 0.077500 0.087500
0 0.333750 0.614167 0.070000 0.085000
0 0.485625 0.256667 0.062500 0.080000
0 0.180625 0.344167 0.063750 0.081667
0 0.065000 0.125417 0.058750 0.087500
0 0.635625 0.049167 0.057500 0.080000
0 0.686562 0.870417 0.064375 0.069167
0 0.607812 0.239167 0.069375 0.081667
