0 0.710313 0.184583 0.054375 0.087500
0 0.427812 0.877083 0.061875 0.085833
0 0.661563 0.714167 0.060625 0.090000
3 0.864688 0.650000 0.081875 0.095000
0 0.201250 0.775833 0.068750 0.091667
0 0.752500 0.780000 0.061250 0.101667
0 0.539375 0.794167 0.065000 0.085000
0 0.274062 0.841250 0.059375 0.074167
0 0.574375 0.135000 0.068750 0.093333
0 0.192812 0.323333 0.073125 0.085000
0 0.650000 0.152083 0.053750 0.097500
0 0.484687 0.844167 0.066875 0.083333
0 0.065625 0.599583 0.066250 0.084167
0 0.583125 0.450833 0.061250 0.086667
0 0.348125 0.726667 0.058750 0.101667
0 0.939375 0.877917 0.075000 0.095833
0 0.058750 0.773750 0.072500 0.087500
0 0.039688 0.931250 0.051875 0.084167
0 0.785937 0.608750 0.066875 0.105833
0 0.289375 0.054583 0.071250 0.090833
0 0.440000 0.744167 0.053750 0.080000
0 0.657813 0.452083 0.075625 0.095833
0 0.639687 0.865000 0.063125 0.098333
0 0.165625 0.143750 0.062500 0.079167
0 0.122500 0.560000 0.056250 0.085000
0 0.182812 0.498750 0.059375 0.080833
0 0.108125 0.279583 0.052500 0.099167
0 0.260313 0.935000 0.060625 0.086667
0 0.052500 0.287083 0.065000 0.095833
0 0.729688 0.292917 0.051875 0.082500
0 0.886250 0.226250 0.067500 0.084167
3 0.113125 0.376667 0.066250 0.105000
0 0.338750 0.163333 0.058750 0.076667
0 0.283438 0.147917 0.056875 0.077500
0 0.884375 0.397500 0.068750 0.080000
0 0.619687 0.332500 0.058125 0.073333
0 0.653750 0.372083 0.063750 0.072500
0 0.310000 0.770417 0.063750 0.094167
3 0.068750 0.464167 0.068750 0.108333
0 0.391250 0.702500 0.058750 0.093333
0 0.291250 0.407917 0.071250 0.087500
0 0.308437 0.599583 0.053125 0.075833
0 0.796562 0.300833 0.069375 0.085000
0 0.695625 0.348333 0.060000 0.095000
0 0.568438 0.707083 0.070625 0.105833
0 0.026562 0.412917 0.051875 0.074167
0 0.554688 0.237917 0.065625 0.080833
0 0.790000 0.512500 0.057500 0.080000
0 0.710938 0.666250 0.061875 0.094167
0 0.361875 0.376667 0.060000 0.103333
0 0.340938 0.401250 0.065625 0.089167
0 0.316875 0.310833 0.053750 0.076667
0 0.473125 0.340417 0.060000 0.102500
0 0.493750 0.142083 0.078750 0.095833
0 0.568125 0.343750 0.050000 0.092500
0 0.953438 0.074167 0.061875 0.083333
0 0.953750 0.474583 0.056250 0.082500
0 0.676562 0.251667 0.066875 0.098333
0 0.369375 0.945833 0.065000 0.106667
0 0.665937 0.070417 0.054375 0.074167
0 0.522188 0.524167 0.064375 0.101667
0 0.515938 0.370417 0.066875 0.062500
4 0.424375 0.237083 0.077500 0.102500
0 0.192188 0.405417 0.073125 0.084167
0 0.946562 0.216667 0.059375 0.080000
0 0.905312 0.474167 0.059375 0.105000
0 0.414687 0.499167 0.050625 0.075000
0 0.274375 0.255833 0.063750 0.086667
0 0.130000 0.682500 0.055000 0.081667
0 0.865313 0.498333 0.050625 0.068333
0 0.431875 0.362500 0.061250 0.096667
0 0.502812 0.203333 0.058125 0.076667
0 0.075938 0.695417 0.061875 0.095833
0 0.298750 0.496250 0.071250 0.090833
2 0.248750 0.709583 0.063750 0.157500
0 0.379375 0.128750 0.053750 0.079167
0 0.764375 0.698750 0.063750 0.064167
0 0.172500 0.691667 0.065000 0.111667
0 0.540625 0.255417 0.065000 0.087500
0 0.223125 0.248750 0.056250 0.099167
0 0.409375 0.357083 0.050000 0.089167
0 0.105000 0.044583 0.047500 0.079167
0 0.793438 0.341667 0.058125 0.083333
0 0.879062 0.327917 0.075625 0.079167
0 0.920000 0.958750 0.066250 0.080833
0 0.248750 0.219583 0.062500 0.097500
0 0.359375 0.259167 0.052500 0.091667
1 0.594688 0.666667 0.086875 0.150000
1 0.523438 0.485833 0.098125 0.100000
0 0.458437 0.491250 0.061875 0.107500
0 0.228437 0.430833 0.066875 0.076667
0 0.973750 0.263750 0.052500 0.082500
0 0.525312 0.420417 0.059375 0.055833
