0 0.728437 0.630833 0.070625 0.096667
0 0.786875 0.284167 0.067500 0.090000
0 0.901563 0.140417 0.070625 0.105833
0 0.775000 0.407500 0.070000 0.076667
0 0.495312 0.184583 0.080625 0.090833
0 0.615000 0.483750 0.086250 0.082500
0 0.384062 0.447500 0.076875 0.106667
0 0.337500 0.810833 0.065000 0.091667
0 0.184688 0.365417 0.088125 0.075833
0 0.667813 0.548333 0.071875 0.103333
0 0.840313 0.632917 0.070625 0.090833
0 0.618750 0.792500 0.077500 0.076667
0 0.290000 0.448333 0.077500 0.101667
0 0.388437 0.826667 0.054375 0.088333
0 0.065625 0.573333 0.093750 0.081667
0 0.839375 0.907083 0.081250 0.079167
0 0.465938 0.116250 0.088125 0.085833
0 0.205000 0.695417 0.103750 0.069167
0 0.886563 0.449167 0.083125 0.088333
0 0.094062 0.648333 0.093125 0.093333
0 0.574063 0.132917 0.105625 0.080833
0 0.165937 0.802917 0.083125 0.067500
0 0.069375 0.148333 0.080000 0.090000
0 0.940625 0.693333 0.078750 0.100000
0 0.556250 0.380417 0.081250 0.109167
0 0.170625 0.856250 0.092500 0.075833
0 0.610938 0.325833 0.100625 0.090000
0 0.246875 0.316667 0.083750 0.086667
0 0.407813 0.929583 0.100625 0.079167
0 0.195312 0.629583 0.094375 0.075833
0 0.805000 0.521667 0.087500 0.075000
0 0.678750 0.309167 0.088750 0.095000
0 0.420312 0.510833 0.081875 0.106667
0 0.249688 0.581250 0.103125 0.075833
0 0.110625 0.427917 0.091250 0.085833
0 0.960313 0.479583 0.064375 0.095833
0 0.825313 0.093750 0.094375 0.084167
0 0.247812 0.037500 0.078125 0.073333
0 0.905000 0.235833 0.078750 0.106667
0 0.768437 0.773333 0.075625 0.106667
