0 0.959375 0.647500 0.071250 0.096667
0 0.188438 0.925417 0.079375 0.099167
0 0.328125 0.479583 0.071250 0.100833
0 0.904687 0.058333 0.073125 0.105000
0 0.787188 0.354583 0.074375 0.095833
0 0.861250 0.728333 0.076250 0.098333
0 0.218125 0.194167 0.070000 0.100000
0 0.888437 0.559167 0.068125 0.080000
0 0.296250 0.123750 0.076250 0.084167
0 0.655312 0.659583 0.068125 0.090833
0 0.199375 0.632500 0.070000 0.103333
0 0.465000 0.727500 0.071250 0.108333
0 0.872500 0.164583 0.070000 0.097500
0 0.705313 0.906667 0.071875 0.103333
0 0.250937 0.582500 0.065625 0.093333
0 0.794375 0.768750 0.065000 0.100833
0 0.355000 0.715000 0.060000 0.080000
0 0.108750 0.557917 0.071250 0.097500
0 0.159375 0.137083 0.086250 0.114167
0 0.907813 0.937917 0.075625 0.087500
0 0.601562 0.114583 0.074375 0.090833
0 0.544063 0.847083 0.079375 0.100833
0 0.269688 0.924167 0.061875 0.110000
0 0.935625 0.142500 0.065000 0.105000
0 0.398125 0.802917 0.075000 0.105833
0 0.568125 0.196250 0.065000 0.089167
0 0.098125 0.878333 0.060000 0.098333
0 0.516875 0.400833 0.071250 0.101667
0 0.053437 0.594583 0.076875 0.105833
0 0.277813 0.621667 0.069375 0.106667
0 0.491250 0.200000 0.076250 0.108333
0 0.388125 0.524167 0.072500 0.110000
0 0.730938 0.565833 0.074375 0.080000
0 0.311563 0.237917 0.076875 0.087500
0 0.810000 0.176667 0.067500 0.110000
0 0.500625 0.298750 0.070000 0.094167
0 0.716875 0.339167 0.070000 0.106667
0 0.378125 0.620000 0.076250 0.091667
0 0.138437 0.065833 0.061875 0.088333
0 0.061875 0.170417 0.066250 0.099167
0 0.552813 0.408750 0.063125 0.104167
0 0.672188 0.126250 0.070625 0.100833
0 0.860938 0.326667 0.070625 0.093333
0 0.441250 0.148750 0.071250 0.104167
0 0.065312 0.059583 0.061875 0.075833
0 0.715313 0.777500 0.076875 0.110000
0 0.369375 0.166250 0.071250 0.105833
0 0.379688 0.309583 0.064375 0.089167
0 0.163750 0.806667 0.096250 0.106667
0 0.227813 0.535000 0.065625 0.106667
0 0.517813 0.155833 0.068125 0.100000
0 0.957500 0.497500 0.073750 0.103333
0 0.222500 0.044583 0.073750 0.089167
0 0.770625 0.906250 0.066250 0.095833
0 0.438437 0.485833 0.075625 0.093333
0 0.586250 0.504167 0.070000 0.098333
0 0.528125 0.520000 0.066250 0.096667
0 0.926250 0.489167 0.066250 0.095000
0 0.428438 0.215000 0.069375 0.113333
0 0.473125 0.553750 0.065000 0.090833
0 0.537813 0.579583 0.068125 0.082500
0 0.323437 0.572917 0.060625 0.072500
0 0.620625 0.485833 0.063750 0.105000
0 0.471875 0.473333 0.072500 0.088333
0 0.732187 0.755000 0.065625 0.096667
3 0.280938 0.344167 0.078125 0.176667
0 0.344687 0.153333 0.081875 0.093333
