0 0.622188 0.350000 0.056875 0.075000
0 0.494063 0.138750 0.074375 0.087500
0 0.170313 0.449583 0.066875 0.087500
0 0.190625 0.180833 0.071250 0.098333
0 0.247812 0.928333 0.066875 0.086667
0 0.804688 0.482917 0.071875 0.102500
0 0.396250 0.843333 0.060000 0.078333
0 0.135000 0.674583 0.062500 0.084167
1 0.476562 0.814167 0.080625 0.101667
0 0.229375 0.616250 0.072500 0.090833
0 0.806250 0.270833 0.078750 0.096667
0 0.757500 0.620833 0.063750 0.083333
0 0.072500 0.158750 0.056250 0.087500
0 0.916875 0.368750 0.066250 0.085833
0 0.068125 0.063750 0.067500 0.084167
0 0.562187 0.704583 0.066875 0.090833
0 0.489375 0.900417 0.067500 0.099167
0 0.626875 0.150417 0.055000 0.092500
0 0.902500 0.154583 0.063750 0.070833
0 0.357500 0.915833 0.075000 0.075000
0 0.445625 0.739167 0.070000 0.085000
0 0.576562 0.475000 0.069375 0.080000
0 0.720313 0.827917 0.070625 0.087500
0 0.706875 0.926250 0.058750 0.082500
0 0.289687 0.427500 0.063125 0.088333
0 0.432500 0.389167 0.065000 0.081667
0 0.205000 0.135417 0.075000 0.087500
0 0.741563 0.245833 0.071875 0.100000
0 0.130312 0.380000 0.064375 0.071667
0 0.878125 0.846667 0.066250 0.088333
0 0.188125 0.905000 0.062500 0.091667
0 0.721562 0.687500 0.061875 0.083333
6 0.300625 0.694167 0.090000 0.091667
0 0.069375 0.692083 0.068750 0.095833
0 0.882500 0.312083 0.055000 0.075833
0 0.409375 0.591667 0.066250 0.083333
0 0.730625 0.377917 0.068750 0.087500
0 0.565312 0.585000 0.058125 0.073333
0 0.299687 0.619167 0.054375 0.063333
0 0.612187 0.567917 0.063125 0.072500
0 0.674375 0.341667 0.058750 0.098333
0 0.393437 0.676250 0.076875 0.087500
3 0.139063 0.298750 0.084375 0.119167
0 0.539687 0.394167 0.053125 0.075000
0 0.926562 0.855000 0.050625 0.085000
1 0.879062 0.218750 0.085625 0.097500
0 0.344687 0.442500 0.055625 0.071667
0 0.718125 0.750000 0.066250 0.068333
0 0.346875 0.363750 0.058750 0.075833
0 0.763750 0.419167 0.061250 0.080000
0 0.628125 0.956250 0.062500 0.080833
0 0.124063 0.152500 0.056875 0.080000
0 0.371250 0.554583 0.053750 0.069167
0 0.517188 0.276250 0.063125 0.087500
0 0.280938 0.195000 0.064375 0.071667
0 0.545937 0.332917 0.054375 0.067500
0 0.333125 0.571250 0.067500 0.074167
0 0.430625 0.314583 0.063750 0.079167
0 0.836875 0.086667 0.051250 0.068333
0 0.548750 0.888750 0.067500 0.077500
0 0.591875 0.092917 0.080000 0.089167
0 0.366250 0.046667 0.060000 0.090000
0 0.341562 0.507917 0.059375 0.065833
0 0.716250 0.412500 0.058750 0.093333
0 0.543125 0.948750 0.056250 0.087500
0 0.265000 0.152500 0.053750 0.075000
0 0.027500 0.636250 0.053750 0.077500
0 0.615625 0.142500 0.067500 0.073333
