0 0.617188 0.871667 0.063125 0.100000
0 0.335000 0.450833 0.061250 0.083333
0 0.267188 0.907500 0.065625 0.093333
0 0.624687 0.201250 0.061875 0.085833
0 0.281875 0.337500 0.061250 0.108333
0 0.312500 0.245417 0.061250 0.089167
0 0.217500 0.298750 0.063750 0.099167
0 0.803750 0.513333 0.067500 0.085000
0 0.185625 0.908333 0.061250 0.093333
0 0.712500 0.880000 0.067500 0.100000
0 0.251563 0.213750 0.058125 0.080833
0 0.628750 0.637500 0.068750 0.095000
0 0.471875 0.507917 0.067500 0.094167
0 0.173750 0.806667 0.063750 0.090000
0 0.377188 0.704583 0.064375 0.087500
0 0.926875 0.869583 0.061250 0.095833
0 0.898125 0.467500 0.067500 0.088333
0 0.458750 0.161250 0.057500 0.082500
0 0.819063 0.429583 0.063125 0.075833
0 0.354687 0.137083 0.065625 0.079167
0 0.748437 0.083333 0.058125 0.083333
0 0.785625 0.603333 0.058750 0.078333
0 0.275000 0.735417 0.067500 0.084167
0 0.736250 0.680000 0.060000 0.095000
0 0.956250 0.114167 0.072500 0.088333
0 0.642188 0.436667 0.066875 0.093333
0 0.819063 0.275417 0.066875 0.087500
0 0.666250 0.121667 0.061250 0.106667
0 0.661875 0.532917 0.065000 0.094167
0 0.498750 0.830000 0.063750 0.080000
0 0.477812 0.250833 0.059375 0.085000
0 0.608125 0.773750 0.061250 0.084167
0 0.934063 0.555000 0.061875 0.083333
0 0.949375 0.769167 0.057500 0.078333
0 0.067812 0.921250 0.066875 0.084167
0 0.153438 0.319583 0.063125 0.094167
0 0.382812 0.795417 0.061875 0.090833
0 0.122500 0.878333 0.058750 0.083333
0 0.444063 0.600833 0.061875 0.083333
0 0.866875 0.126667 0.072500 0.078333
0 0.864688 0.601667 0.059375 0.080000
0 0.091875 0.438750 0.066250 0.097500
0 0.426875 0.780833 0.062500 0.083333
0 0.872500 0.376667 0.062500 0.081667
0 0.673125 0.285417 0.071250 0.099167
0 0.510938 0.913750 0.059375 0.084167
0 0.050313 0.574583 0.061875 0.094167
0 0.588125 0.508333 0.061250 0.085000
0 0.935625 0.400000 0.058750 0.085000
0 0.099375 0.122917 0.057500 0.070833
0 0.878125 0.226667 0.063750 0.093333
0 0.106250 0.579583 0.066250 0.087500
0 0.591875 0.365417 0.061250 0.087500
0 0.089688 0.292917 0.058125 0.079167
0 0.475313 0.071667 0.059375 0.083333
0 0.330937 0.043333 0.063125 0.080000
0 0.568750 0.696667 0.055000 0.088333
0 0.215312 0.459167 0.059375 0.083333
0 0.577812 0.942500 0.058125 0.088333
0 0.321562 0.548333 0.064375 0.090000
0 0.313750 0.804583 0.052500 0.082500
0 0.059375 0.679583 0.062500 0.090833
0 0.860625 0.863750 0.061250 0.080833
0 0.877500 0.762917 0.060000 0.089167
0 0.505625 0.698333 0.061250 0.090000
0 0.543750 0.435000 0.062500 0.078333
0 0.819063 0.939167 0.056875 0.083333
0 0.350313 0.320417 0.078125 0.072500
0 0.154375 0.448333 0.056250 0.085000
0 0.719375 0.433750 0.066250 0.087500
0 0.470000 0.355000 0.066250 0.078333
0 0.253750 0.555000 0.051250 0.080000
0 0.683125 0.699583 0.058750 0.087500
0 0.164375 0.144583 0.061250 0.094167
0 0.650000 0.372083 0.080000 0.079167
0 0.396875 0.207083 0.055000 0.074167
0 0.725000 0.570833 0.061250 0.093333
0 0.802500 0.697500 0.065000 0.098333
0 0.765000 0.223750 0.063750 0.094167
0 0.807500 0.125833 0.058750 0.083333
0 0.879375 0.930000 0.058750 0.083333
0 0.877812 0.287083 0.081875 0.089167
0 0.396562 0.442500 0.055625 0.075000
0 0.479375 0.950833 0.070000 0.095000
0 0.204063 0.125000 0.069375 0.060000
0 0.969375 0.938750 0.057500 0.084167
0 0.701250 0.214583 0.061250 0.087500
0 0.360000 0.521250 0.068750 0.072500
0 0.784062 0.870833 0.058125 0.086667
0 0.116875 0.190833 0.052500 0.075000
0 0.936875 0.690833 0.070000 0.085000
0 0.186250 0.647917 0.068750 0.085833
0 0.130938 0.045417 0.073125 0.090833
0 0.806875 0.828333 0.058750 0.088333
0 0.834375 0.683750 0.071250 0.092500
0 0.053750 0.136667 0.052500 0.111667
1 0.748750 0.780833 0.092500 0.100000
0 0.966875 0.669167 0.060000 0.078333
0 0.195000 0.043333 0.055000 0.085000
