0 0.230937 0.177917 0.061875 0.080833
0 0.231875 0.457083 0.062500 0.087500
0 0.920937 0.775417 0.063125 0.087500
0 0.450625 0.845000 0.065000 0.086667
0 0.294063 0.456667 0.061875 0.080000
0 0.796562 0.647083 0.065625 0.082500
0 0.360625 0.454167 0.061250 0.078333
0 0.324688 0.057917 0.064375 0.095833
0 0.237500 0.562917 0.073750 0.100833
0 0.870313 0.821667 0.061875 0.088333
0 0.428438 0.497917 0.064375 0.082500
0 0.413125 0.187917 0.067500 0.092500
0 0.199375 0.707917 0.073750 0.075833
0 0.665312 0.695833 0.076875 0.076667
0 0.164062 0.400833 0.063125 0.088333
0 0.707812 0.837917 0.059375 0.075833
0 0.519375 0.621250 0.075000 0.092500
0 0.067812 0.110417 0.075625 0.087500
0 0.061250 0.470417 0.058750 0.080833
0 0.634062 0.805833 0.073125 0.085000
0 0.624375 0.297500 0.063750 0.078333
0 0.233437 0.335833 0.063125 0.075000
0 0.042500 0.943750 0.061250 0.072500
0 0.142500 0.546667 0.062500 0.098333
0 0.293750 0.244583 0.071250 0.080833
0 0.729688 0.775000 0.059375 0.080000
0 0.446562 0.126667 0.069375 0.078333
0 0.500938 0.662500 0.058125 0.081667
0 0.150312 0.800417 0.070625 0.090833
1 0.813750 0.390417 0.080000 0.114167
0 0.845000 0.483333 0.062500 0.076667
0 0.780312 0.215000 0.073125 0.091667
0 0.350938 0.582083 0.074375 0.095833
0 0.161562 0.290417 0.055625 0.072500
0 0.191250 0.725000 0.070000 0.085000
0 0.553750 0.744583 0.057500 0.075833
0 0.172187 0.652083 0.066875 0.082500
0 0.059375 0.395417 0.070000 0.092500
1 0.315625 0.877083 0.081250 0.097500
0 0.321875 0.716667 0.067500 0.071667
0 0.845625 0.156667 0.062500 0.078333
0 0.964063 0.170833 0.059375 0.080000
0 0.763125 0.942083 0.063750 0.079167
0 0.454688 0.332917 0.065625 0.089167
0 0.529687 0.818333 0.069375 0.090000
0 0.577500 0.865417 0.062500 0.069167
0 0.356563 0.365833 0.059375 0.076667
1 0.072188 0.186250 0.084375 0.107500
0 0.704688 0.952083 0.050625 0.074167
0 0.416563 0.670417 0.059375 0.089167
0 0.911250 0.259167 0.062500 0.078333
0 0.242188 0.780000 0.071875 0.093333
0 0.464375 0.702083 0.061250 0.075833
0 0.636875 0.370000 0.061250 0.065000
0 0.924687 0.691667 0.071875 0.065000
0 0.638750 0.460000 0.067500 0.078333
0 0.784687 0.297917 0.064375 0.079167
0 0.373437 0.109167 0.065625 0.086667
0 0.830937 0.832500 0.061875 0.080000
0 0.406250 0.732500 0.055000 0.075000
0 0.365312 0.918750 0.063125 0.070833
0 0.112500 0.594583 0.066250 0.075833
0 0.098125 0.650417 0.061250 0.075833
0 0.890000 0.951250 0.056250 0.074167
0 0.904375 0.585417 0.061250 0.059167
0 0.842812 0.289583 0.056875 0.070833
0 0.593437 0.210833 0.058125 0.083333
0 0.602187 0.182917 0.079375 0.070833
3 0.897188 0.553333 0.098125 0.095000
0 0.635625 0.887917 0.056250 0.077500
0 0.247500 0.860417 0.050000 0.070833
0 0.289687 0.806667 0.065625 0.071667
0 0.853750 0.229583 0.057500 0.065833
0 0.796250 0.107083 0.076250 0.059167
0 0.363125 0.677500 0.053750 0.070000
0 0.445312 0.590417 0.060625 0.077500
0 0.684375 0.867083 0.053750 0.077500
0 0.356250 0.323333 0.061250 0.070000
0 0.592500 0.133333 0.056250 0.073333
0 0.720313 0.042083 0.075625 0.074167
0 0.791250 0.045833 0.071250 0.076667
0 0.573125 0.955000 0.066250 0.071667
0 0.651875 0.962500 0.056250 0.065000
0 0.291563 0.695000 0.066875 0.075000
0 0.630625 0.889167 0.053750 0.075000
