0 0.568125 0.434167 0.075000 0.098333
0 0.915937 0.458750 0.070625 0.089167
0 0.258125 0.374583 0.073750 0.092500
0 0.783125 0.165417 0.071250 0.099167
0 0.850313 0.300417 0.071875 0.099167
0 0.721562 0.432500 0.063125 0.085000
0 0.358750 0.804583 0.082500 0.097500
0 0.750000 0.713333 0.056250 0.096667
0 0.121875 0.761250 0.076250 0.099167
0 0.316875 0.896667 0.078750 0.096667
0 0.468438 0.281667 0.075625 0.100000
0 0.085938 0.660000 0.078125 0.096667
0 0.108750 0.502500 0.077500 0.108333
0 0.506250 0.524583 0.061250 0.095833
0 0.207500 0.173333 0.076250 0.086667
0 0.233437 0.747500 0.073125 0.096667
0 0.238125 0.867500 0.065000 0.096667
0 0.900000 0.608333 0.058750 0.093333
0 0.625000 0.345000 0.075000 0.086667
0 0.714063 0.616667 0.061875 0.076667
0 0.273750 0.460417 0.066250 0.085833
0 0.782813 0.467083 0.064375 0.087500
0 0.636563 0.252083 0.071875 0.100833
0 0.519687 0.131250 0.071875 0.107500
0 0.411250 0.403750 0.070000 0.104167
0 0.729062 0.874167 0.070625 0.091667
0 0.183438 0.488750 0.070625 0.105833
0 0.174063 0.840417 0.064375 0.094167
0 0.396250 0.527917 0.063750 0.102500
0 0.795625 0.645417 0.066250 0.084167
4 0.894375 0.867500 0.081250 0.103333
0 0.165937 0.290833 0.065625 0.090000
0 0.260000 0.228750 0.070000 0.102500
0 0.724375 0.531667 0.062500 0.086667
0 0.505313 0.677500 0.066875 0.088333
0 0.480938 0.403333 0.068125 0.105000
0 0.625938 0.741250 0.060625 0.104167
0 0.599688 0.880833 0.069375 0.095000
0 0.164687 0.103750 0.075625 0.097500
0 0.880938 0.757500 0.069375 0.096667
0 0.441250 0.500833 0.072500 0.113333
0 0.325937 0.243750 0.066875 0.114167
0 0.797813 0.862917 0.073125 0.087500
0 0.619062 0.597083 0.070625 0.095833
0 0.610625 0.087083 0.072500 0.085833
0 0.687813 0.770833 0.063125 0.075000
0 0.683750 0.704167 0.068750 0.091667
0 0.677500 0.060833 0.072500 0.116667
0 0.536875 0.755833 0.075000 0.085000
0 0.644062 0.558750 0.073125 0.094167
0 0.402187 0.099583 0.073125 0.110833
0 0.083437 0.827500 0.078125 0.096667
0 0.564688 0.700000 0.058125 0.111667
