0 0.631563 0.147500 0.068125 0.090000
0 0.915312 0.613333 0.068125 0.090000
0 0.146875 0.466667 0.063750 0.086667
0 0.406250 0.117083 0.078750 0.112500
0 0.480625 0.747917 0.068750 0.095833
0 0.593750 0.762917 0.068750 0.092500
0 0.554063 0.350000 0.066875 0.083333
0 0.548438 0.854583 0.075625 0.105833
0 0.915937 0.763750 0.079375 0.102500
0 0.439688 0.429167 0.066875 0.093333
0 0.920625 0.189167 0.068750 0.091667
0 0.339687 0.528750 0.075625 0.107500
0 0.067500 0.159167 0.075000 0.091667
0 0.677500 0.349167 0.075000 0.105000
0 0.735938 0.761667 0.071875 0.090000
0 0.062187 0.634167 0.075625 0.101667
0 0.102813 0.382500 0.065625 0.086667
0 0.587187 0.607500 0.070625 0.091667
0 0.252188 0.509167 0.071875 0.096667
0 0.285938 0.933750 0.068125 0.092500
0 0.900312 0.425417 0.071875 0.102500
0 0.470000 0.624583 0.081250 0.097500
0 0.331562 0.241250 0.079375 0.097500
0 0.754375 0.328333 0.071250 0.115000
0 0.313437 0.415000 0.080625 0.101667
0 0.294375 0.825000 0.081250 0.098333
0 0.755625 0.541667 0.081250 0.111667
0 0.310312 0.057500 0.069375 0.090000
0 0.197187 0.832500 0.060625 0.110000
0 0.840313 0.116667 0.069375 0.096667
0 0.068437 0.062500 0.061875 0.080000
0 0.240937 0.758333 0.063125 0.091667
0 0.262813 0.611250 0.064375 0.084167
0 0.722187 0.157500 0.076875 0.101667
0 0.825313 0.297500 0.080625 0.108333
0 0.540937 0.550833 0.071875 0.096667
0 0.457188 0.232917 0.068125 0.099167
0 0.407187 0.610833 0.070625 0.091667
0 0.491875 0.935833 0.080000 0.108333
0 0.875313 0.864583 0.074375 0.085833
0 0.816250 0.918333 0.072500 0.086667
0 0.502500 0.167083 0.090000 0.107500
0 0.669063 0.513750 0.070625 0.080833
0 0.606875 0.436667 0.083750 0.078333
0 0.626875 0.889167 0.062500 0.108333
0 0.369063 0.733750 0.064375 0.085833
0 0.622500 0.314583 0.065000 0.085833
0 0.320312 0.727083 0.071875 0.107500
0 0.356250 0.684583 0.072500 0.085833
0 0.725000 0.218750 0.067500 0.090833
0 0.553438 0.254167 0.085625 0.095000
0 0.922813 0.910417 0.069375 0.075833
0 0.860000 0.696667 0.088750 0.120000
0 0.733750 0.624583 0.091250 0.065833
0 0.589375 0.234167 0.076250 0.088333
0 0.085312 0.274167 0.084375 0.108333
0 0.719375 0.043333 0.072500 0.086667
1 0.521250 0.424167 0.082500 0.105000
