0 0.229375 0.057500 0.082500 0.090000
0 0.946875 0.089583 0.070000 0.090833
0 0.350000 0.740417 0.076250 0.090833
3 0.860938 0.644167 0.093125 0.116667
0 0.558125 0.098333 0.078750 0.091667
0 0.808438 0.403750 0.069375 0.089167
0 0.811250 0.223750 0.075000 0.115833
0 0.427812 0.700000 0.074375 0.105000
0 0.515625 0.286667 0.072500 0.095000
0 0.196563 0.659167 0.075625 0.086667
0 0.913438 0.409583 0.068125 0.097500
3 0.158125 0.799167 0.077500 0.096667
0 0.069062 0.062500 0.071875 0.095000
0 0.966250 0.199583 0.066250 0.092500
0 0.734375 0.723333 0.073750 0.105000
0 0.239687 0.947500 0.078125 0.098333
0 0.427500 0.835833 0.087500 0.095000
0 0.270313 0.306250 0.070625 0.094167
0 0.505938 0.709583 0.078125 0.100833
0 0.759062 0.900833 0.083125 0.110000
0 0.691875 0.330000 0.070000 0.103333
0 0.317500 0.908333 0.081250 0.100000
0 0.314375 0.157083 0.073750 0.095833
0 0.567813 0.499583 0.076875 0.082500
0 0.215312 0.414167 0.075625 0.096667
0 0.474062 0.535417 0.076875 0.102500
0 0.126562 0.451667 0.076875 0.106667
0 0.676562 0.239167 0.075625 0.105000
0 0.362187 0.330833 0.083125 0.086667
0 0.605625 0.742917 0.082500 0.107500
0 0.375000 0.257917 0.077500 0.099167
0 0.304375 0.639167 0.081250 0.095000
0 0.113750 0.654167 0.078750 0.096667
0 0.705625 0.066667 0.080000 0.093333
0 0.103750 0.546667 0.066250 0.101667
0 0.283750 0.815833 0.073750 0.090000
0 0.806562 0.290417 0.075625 0.079167
0 0.138125 0.536250 0.096250 0.075833
0 0.052187 0.733333 0.098125 0.083333
