0 0.625625 0.175833 0.075000 0.101667
0 0.412187 0.623750 0.059375 0.084167
0 0.186875 0.584167 0.068750 0.088333
0 0.345625 0.799583 0.077500 0.094167
0 0.533750 0.892083 0.071250 0.085833
0 0.318750 0.482917 0.056250 0.079167
0 0.277500 0.607917 0.073750 0.097500
0 0.276875 0.745000 0.063750 0.083333
0 0.618125 0.779583 0.057500 0.080833
0 0.105938 0.155417 0.051875 0.074167
0 0.062812 0.538333 0.050625 0.065000
0 0.500625 0.720833 0.075000 0.095000
0 0.264062 0.475417 0.060625 0.082500
0 0.426875 0.200417 0.057500 0.097500
0 0.281562 0.847083 0.065625 0.085833
0 0.031250 0.456250 0.060000 0.080833
0 0.568125 0.222500 0.066250 0.086667
0 0.132812 0.658750 0.070625 0.084167
0 0.340938 0.889167 0.081875 0.096667
0 0.108438 0.317083 0.071875 0.080833
0 0.519687 0.619167 0.071875 0.091667
0 0.163750 0.287917 0.060000 0.077500
0 0.494688 0.506667 0.074375 0.088333
0 0.371875 0.468333 0.067500 0.088333
0 0.435937 0.521250 0.060625 0.089167
0 0.042188 0.122500 0.065625 0.088333
0 0.588125 0.657500 0.066250 0.088333
0 0.180000 0.722500 0.063750 0.073333
0 0.835000 0.385417 0.057500 0.077500
0 0.447813 0.870833 0.069375 0.095000
0 0.144375 0.396250 0.063750 0.085833
0 0.092813 0.434167 0.061875 0.090000
0 0.384688 0.552083 0.060625 0.069167
0 0.415000 0.701250 0.071250 0.070833
0 0.800312 0.597917 0.078125 0.097500
0 0.731563 0.160000 0.071875 0.090000
0 0.800937 0.532917 0.066875 0.089167
0 0.230625 0.675417 0.076250 0.092500
0 0.878125 0.222083 0.070000 0.090833
0 0.191875 0.422083 0.078750 0.095833
0 0.336562 0.655000 0.064375 0.080000
0 0.072188 0.626250 0.070625 0.092500
0 0.794063 0.160000 0.071875 0.088333
0 0.800312 0.433333 0.070625 0.096667
0 0.653125 0.592083 0.065000 0.089167
0 0.136250 0.043750 0.072500 0.080833
0 0.910625 0.328333 0.065000 0.078333
0 0.203437 0.319583 0.066875 0.090833
0 0.907813 0.132083 0.085625 0.105833
0 0.405938 0.115000 0.063125 0.081667
0 0.856250 0.075417 0.070000 0.104167
0 0.030312 0.324583 0.059375 0.080833
0 0.033125 0.204583 0.053750 0.072500
0 0.857187 0.717083 0.075625 0.092500
0 0.099375 0.227500 0.060000 0.080000
0 0.094687 0.050417 0.058125 0.084167
0 0.339687 0.115000 0.066875 0.086667
0 0.832500 0.299167 0.075000 0.090000
0 0.450313 0.051667 0.066875 0.096667
0 0.540312 0.587500 0.071875 0.098333
0 0.439375 0.934167 0.063750 0.081667
0 0.274687 0.077917 0.069375 0.080833
0 0.844063 0.153750 0.060625 0.077500
1 0.221250 0.097917 0.068750 0.120833
1 0.707187 0.375417 0.101875 0.112500
0 0.652813 0.378750 0.060625 0.080833
0 0.465938 0.305833 0.070625 0.095000
0 0.388125 0.956667 0.055000 0.080000
0 0.652188 0.055000 0.066875 0.070000
0 0.650312 0.670417 0.071875 0.092500
0 0.135625 0.490000 0.055000 0.075000
0 0.923438 0.039583 0.066875 0.077500
1 0.610000 0.524167 0.098750 0.105000
0 0.353750 0.624583 0.075000 0.092500
0 0.867500 0.633750 0.061250 0.059167
0 0.260313 0.954583 0.065625 0.087500
0 0.312188 0.950000 0.056875 0.093333
0 0.075000 0.218333 0.061250 0.091667
0 0.047188 0.270833 0.086875 0.060000
0 0.911250 0.261250 0.081250 0.072500
0 0.743437 0.680000 0.061875 0.073333
0 0.798750 0.682500 0.062500 0.071667
0 0.568750 0.562500 0.055000 0.086667
0 0.415000 0.452083 0.071250 0.084167
0 0.450000 0.389583 0.062500 0.097500
0 0.162500 0.161667 0.062500 0.076667
0 0.218750 0.255000 0.062500 0.085000
0 0.179375 0.222500 0.060000 0.065000
