0 0.793750 0.215417 0.082500 0.105833
0 0.795312 0.112083 0.065625 0.099167
0 0.859062 0.077917 0.066875 0.094167
0 0.630000 0.102500 0.082500 0.103333
0 0.794687 0.652500 0.073125 0.093333
0 0.324062 0.852083 0.078125 0.114167
0 0.418438 0.841667 0.079375 0.098333
0 0.275000 0.159583 0.070000 0.095833
0 0.103438 0.647500 0.079375 0.106667
0 0.395937 0.404167 0.079375 0.105000
2 0.627188 0.393750 0.089375 0.117500
0 0.323125 0.058333 0.081250 0.110000
0 0.928750 0.566250 0.076250 0.110833
0 0.185625 0.160417 0.067500 0.100833
0 0.420625 0.080417 0.077500 0.100833
0 0.748125 0.395000 0.071250 0.103333
0 0.410000 0.544583 0.073750 0.090833
0 0.740000 0.727083 0.070000 0.097500
0 0.167500 0.307917 0.078750 0.095833
1 0.180000 0.504167 0.080000 0.121667
0 0.424687 0.345833 0.068125 0.098333
0 0.514062 0.645833 0.078125 0.108333
0 0.176563 0.376250 0.079375 0.092500
0 0.904687 0.617083 0.080625 0.109167
0 0.242188 0.275000 0.074375 0.110000
0 0.182500 0.612500 0.073750 0.088333
0 0.269375 0.462500 0.068750 0.110000
0 0.547813 0.084583 0.065625 0.089167
0 0.534375 0.869167 0.075000 0.105000
0 0.625625 0.632917 0.081250 0.094167
0 0.864688 0.290417 0.073125 0.094167
0 0.847187 0.201250 0.088125 0.100833
0 0.612500 0.595000 0.077500 0.123333
0 0.209375 0.439167 0.066250 0.101667
0 0.383437 0.449167 0.081875 0.103333
0 0.207187 0.265417 0.068125 0.104167
