0 0.831562 0.258750 0.078125 0.092500
0 0.159062 0.904167 0.076875 0.106667
0 0.942187 0.827500 0.080625 0.110000
0 0.336562 0.717083 0.074375 0.094167
0 0.734375 0.876250 0.073750 0.097500
0 0.713125 0.217083 0.076250 0.110833
0 0.898438 0.378333 0.079375 0.091667
0 0.811875 0.714167 0.075000 0.083333
0 0.788438 0.144583 0.085625 0.109167
0 0.523125 0.325417 0.072500 0.112500
0 0.461562 0.695417 0.068125 0.087500
0 0.520625 0.459583 0.062500 0.095833
0 0.664687 0.703750 0.083125 0.097500
0 0.873437 0.478333 0.075625 0.095000
0 0.371563 0.564583 0.075625 0.107500
0 0.716875 0.534583 0.082500 0.097500
0 0.292812 0.828750 0.075625 0.102500
0 0.308125 0.410417 0.077500 0.077500
0 0.455937 0.177083 0.079375 0.124167
0 0.072813 0.574583 0.071875 0.100833
0 0.170625 0.682500 0.072500 0.115000
0 0.847500 0.112083 0.068750 0.102500
0 0.343750 0.390833 0.066250 0.085000
0 0.209375 0.825417 0.075000 0.099167
0 0.377500 0.310417 0.082500 0.105833
0 0.124375 0.081250 0.063750 0.100833
0 0.260313 0.514583 0.074375 0.094167
0 0.111250 0.722917 0.071250 0.090833
0 0.291563 0.136667 0.078125 0.101667
0 0.451875 0.557500 0.066250 0.088333
0 0.734375 0.705000 0.070000 0.108333
0 0.348125 0.853333 0.072500 0.108333
0 0.895938 0.743750 0.074375 0.104167
0 0.395313 0.795833 0.076875 0.093333
0 0.907813 0.673750 0.068125 0.105833
0 0.384688 0.885417 0.081875 0.094167
0 0.409062 0.668333 0.068125 0.093333
0 0.278125 0.169167 0.067500 0.111667
0 0.085625 0.081667 0.067500 0.100000
0 0.964063 0.052917 0.070625 0.105833
3 0.504375 0.513750 0.088750 0.157500
0 0.407187 0.209583 0.081875 0.109167
0 0.402187 0.275833 0.074375 0.131667
