0 0.899375 0.067917 0.078750 0.109167
0 0.960938 0.285000 0.076875 0.091667
0 0.082500 0.811667 0.080000 0.098333
0 0.247188 0.490417 0.071875 0.097500
0 0.881250 0.472917 0.072500 0.097500
0 0.194375 0.061667 0.071250 0.093333
0 0.958750 0.577500 0.061250 0.095000
0 0.043750 0.859583 0.081250 0.094167
0 0.929375 0.807500 0.075000 0.090000
0 0.136875 0.388333 0.070000 0.093333
0 0.493125 0.797917 0.078750 0.107500
0 0.434375 0.599167 0.080000 0.095000
1 0.723437 0.694167 0.076875 0.133333
0 0.340000 0.607500 0.086250 0.093333
0 0.637188 0.227083 0.069375 0.105833
0 0.724375 0.365000 0.071250 0.100000
0 0.321250 0.707500 0.076250 0.096667
0 0.175937 0.109167 0.076875 0.100000
0 0.611563 0.171250 0.079375 0.107500
0 0.388125 0.810833 0.075000 0.108333
0 0.862500 0.151667 0.075000 0.093333
0 0.549375 0.260833 0.071250 0.098333
0 0.052500 0.152083 0.070000 0.094167
0 0.485312 0.224583 0.071875 0.102500
0 0.951250 0.144167 0.071250 0.100000
0 0.093125 0.548750 0.070000 0.090833
0 0.959063 0.481250 0.080625 0.094167
0 0.596875 0.316667 0.067500 0.088333
0 0.245000 0.204167 0.075000 0.100000
0 0.217188 0.393333 0.071875 0.096667
0 0.220625 0.605000 0.071250 0.108333
0 0.037187 0.640417 0.073125 0.099167
0 0.154688 0.764583 0.078125 0.100833
0 0.574688 0.052083 0.083125 0.094167
0 0.436563 0.427083 0.060625 0.090833
0 0.471875 0.329583 0.067500 0.084167
0 0.319688 0.833333 0.078125 0.111667
0 0.094375 0.077083 0.070000 0.094167
0 0.392500 0.317500 0.073750 0.100000
0 0.425938 0.093750 0.063125 0.117500
0 0.102188 0.302083 0.075625 0.090833
0 0.610000 0.833750 0.070000 0.107500
0 0.151250 0.567500 0.070000 0.085000
0 0.604688 0.656667 0.070625 0.098333
0 0.780000 0.935000 0.066250 0.090000
0 0.405938 0.240000 0.068125 0.111667
0 0.876250 0.367083 0.071250 0.100833
0 0.163750 0.666667 0.078750 0.101667
0 0.751563 0.832083 0.068125 0.092500
0 0.557187 0.889583 0.068125 0.097500
0 0.344062 0.260417 0.061875 0.082500
0 0.175625 0.312500 0.072500 0.103333
0 0.661250 0.885000 0.061250 0.086667
0 0.479375 0.618333 0.081250 0.101667
1 0.626875 0.512083 0.072500 0.132500
0 0.590313 0.555417 0.058125 0.097500
0 0.673125 0.524583 0.050000 0.107500
0 0.655312 0.587500 0.060625 0.080000
