0 0.509375 0.057917 0.072500 0.099167
0 0.615938 0.056667 0.076875 0.101667
0 0.554063 0.229167 0.079375 0.096667
0 0.610625 0.724167 0.080000 0.085000
0 0.645625 0.327500 0.081250 0.100000
0 0.182812 0.818333 0.079375 0.091667
0 0.312812 0.072917 0.081875 0.107500
0 0.571875 0.842917 0.076250 0.100833
0 0.520625 0.436667 0.073750 0.105000
0 0.727187 0.685833 0.083125 0.101667
0 0.477500 0.910833 0.085000 0.103333
0 0.719063 0.212083 0.084375 0.097500
0 0.344687 0.280000 0.080625 0.120000
0 0.729062 0.315417 0.080625 0.104167
0 0.902813 0.086667 0.065625 0.080000
0 0.284687 0.792500 0.086875 0.110000
0 0.734062 0.786250 0.076875 0.095833
0 0.135937 0.156667 0.076875 0.106667
0 0.699063 0.495833 0.074375 0.098333
0 0.617188 0.172083 0.078125 0.092500
0 0.130938 0.940000 0.070625 0.096667
0 0.189062 0.680000 0.075625 0.091667
0 0.152500 0.419583 0.078750 0.109167
0 0.950937 0.954167 0.078125 0.091667
0 0.301563 0.893333 0.079375 0.095000
3 0.109375 0.773750 0.091250 0.117500
0 0.825313 0.445000 0.076875 0.106667
0 0.846562 0.050417 0.070625 0.095833
0 0.954375 0.223750 0.081250 0.099167
0 0.605000 0.495417 0.078750 0.117500
0 0.194688 0.117500 0.078125 0.098333
0 0.787188 0.537500 0.079375 0.111667
0 0.401875 0.890000 0.068750 0.123333
0 0.078750 0.948333 0.068750 0.095000
0 0.802813 0.948750 0.090625 0.097500
