1 0.446875 0.655000 0.078750 0.116667
0 0.290312 0.610417 0.074375 0.095833
0 0.390625 0.141667 0.078750 0.100000
0 0.203125 0.437917 0.077500 0.104167
0 0.585313 0.797917 0.074375 0.102500
0 0.565937 0.194583 0.069375 0.097500
0 0.349687 0.383750 0.074375 0.089167
0 0.740938 0.373750 0.080625 0.092500
0 0.256250 0.511667 0.077500 0.101667
0 0.835000 0.639167 0.073750 0.101667
0 0.694063 0.770417 0.071875 0.099167
0 0.266250 0.299583 0.080000 0.119167
0 0.930000 0.739167 0.080000 0.101667
0 0.202187 0.165000 0.061875 0.081667
0 0.152188 0.532500 0.079375 0.101667
0 0.266250 0.110000 0.087500 0.101667
0 0.412500 0.311667 0.085000 0.111667
0 0.708125 0.639167 0.067500 0.120000
0 0.824063 0.412917 0.081875 0.104167
0 0.241875 0.804583 0.077500 0.085833
0 0.144375 0.368333 0.077500 0.105000
0 0.536875 0.346250 0.076250 0.095833
0 0.610313 0.903333 0.064375 0.103333
0 0.039375 0.604167 0.067500 0.098333
0 0.470313 0.794167 0.074375 0.095000
0 0.350000 0.055833 0.067500 0.088333
0 0.690625 0.899583 0.067500 0.110833
0 0.173437 0.591250 0.061875 0.092500
0 0.253125 0.731667 0.077500 0.105000
0 0.108125 0.599583 0.066250 0.129167
0 0.772188 0.706667 0.074375 0.100000
0 0.295000 0.692500 0.078750 0.103333
0 0.766250 0.646667 0.070000 0.098333
0 0.485000 0.917083 0.093750 0.079167
0 0.495625 0.874167 0.085000 0.090000
