0 0.917813 0.473333 0.073125 0.098333
0 0.586250 0.752083 0.071250 0.099167
0 0.575313 0.494167 0.061875 0.085000
0 0.375625 0.067500 0.067500 0.078333
0 0.474375 0.614167 0.071250 0.083333
0 0.321562 0.457917 0.066875 0.089167
0 0.318750 0.218333 0.060000 0.081667
0 0.627812 0.160000 0.070625 0.098333
0 0.166875 0.382083 0.072500 0.097500
0 0.331250 0.355833 0.071250 0.096667
0 0.758750 0.276667 0.070000 0.095000
0 0.387500 0.869167 0.067500 0.085000
0 0.045937 0.631667 0.070625 0.086667
0 0.865938 0.260417 0.068125 0.092500
0 0.586875 0.642083 0.058750 0.082500
0 0.937187 0.213333 0.064375 0.088333
0 0.490312 0.819583 0.068125 0.090833
0 0.689063 0.592083 0.073125 0.100833
0 0.230000 0.599167 0.071250 0.096667
0 0.245625 0.308333 0.062500 0.080000
0 0.101250 0.440000 0.070000 0.088333
0 0.475938 0.317500 0.053125 0.075000
0 0.941562 0.576667 0.064375 0.088333
0 0.383125 0.283750 0.058750 0.075833
0 0.084687 0.542083 0.063125 0.087500
0 0.511563 0.687500 0.074375 0.098333
0 0.410000 0.757917 0.060000 0.082500
0 0.145625 0.742500 0.061250 0.078333
0 0.340938 0.597083 0.066875 0.090833
0 0.389062 0.670417 0.053125 0.072500
0 0.792188 0.684167 0.080625 0.106667
0 0.704375 0.347083 0.060000 0.077500
0 0.707812 0.469167 0.075625 0.103333
0 0.954688 0.370833 0.060625 0.083333
0 0.291563 0.927500 0.066875 0.085000
0 0.809375 0.204583 0.050000 0.062500
0 0.249375 0.707083 0.071250 0.095833
0 0.325937 0.840833 0.069375 0.101667
0 0.245312 0.112917 0.076875 0.105833
0 0.517813 0.547083 0.065625 0.075833
0 0.441563 0.127083 0.073125 0.077500
0 0.155312 0.630417 0.068125 0.089167
0 0.620313 0.368750 0.071875 0.107500
0 0.941250 0.917917 0.066250 0.100833
0 0.436875 0.217083 0.067500 0.090833
0 0.524375 0.381667 0.052500 0.080000
0 0.555937 0.949167 0.076875 0.100000
0 0.898438 0.134167 0.059375 0.080000
0 0.634375 0.457500 0.047500 0.066667
0 0.196875 0.114167 0.063750 0.070000
3 0.549375 0.339583 0.071250 0.107500
0 0.338750 0.715833 0.068750 0.106667
0 0.880625 0.640000 0.063750 0.080000
