0 0.736250 0.792500 0.080000 0.103333
0 0.759062 0.620417 0.080625 0.097500
0 0.640625 0.257083 0.073750 0.102500
0 0.320625 0.752083 0.081250 0.105833
0 0.438125 0.176667 0.072500 0.093333
0 0.962500 0.085417 0.072500 0.100833
0 0.730313 0.135417 0.083125 0.109167
0 0.578125 0.211250 0.076250 0.099167
0 0.823750 0.136667 0.058750 0.083333
0 0.383437 0.444167 0.070625 0.091667
0 0.069687 0.612917 0.083125 0.109167
0 0.162812 0.705000 0.070625 0.096667
0 0.337187 0.135000 0.070625 0.101667
0 0.271562 0.629583 0.084375 0.092500
0 0.315312 0.369583 0.083125 0.095833
0 0.597812 0.548333 0.078125 0.096667
0 0.804063 0.495417 0.064375 0.087500
0 0.412813 0.869167 0.081875 0.098333
0 0.376875 0.388333 0.070000 0.101667
0 0.066562 0.240833 0.071875 0.111667
0 0.848437 0.910000 0.068125 0.091667
0 0.770312 0.207500 0.080625 0.101667
0 0.532813 0.160000 0.083125 0.096667
0 0.427500 0.778750 0.083750 0.082500
0 0.516563 0.362500 0.070625 0.096667
0 0.886875 0.173333 0.062500 0.095000
0 0.279375 0.290000 0.070000 0.101667
0 0.103438 0.409583 0.064375 0.082500
0 0.469375 0.607500 0.076250 0.111667
0 0.770938 0.848750 0.079375 0.102500
0 0.641875 0.949583 0.080000 0.099167
0 0.347813 0.939167 0.066875 0.086667
0 0.681562 0.372500 0.078125 0.093333
0 0.113750 0.307083 0.070000 0.092500
0 0.086563 0.843333 0.078125 0.103333
0 0.142187 0.347500 0.074375 0.096667
0 0.475000 0.447083 0.070000 0.082500
0 0.447500 0.356667 0.071250 0.101667
0 0.625938 0.077917 0.070625 0.095833
0 0.921562 0.785833 0.076875 0.096667
0 0.215938 0.359583 0.070625 0.104167
0 0.199063 0.079583 0.060625 0.107500
0 0.428750 0.585417 0.072500 0.092500
0 0.102813 0.105417 0.075625 0.102500
0 0.922188 0.717917 0.056875 0.097500
0 0.166563 0.842083 0.075625 0.094167
0 0.514062 0.535833 0.075625 0.100000
6 0.680312 0.763750 0.084375 0.134167
0 0.844688 0.809583 0.078125 0.102500
0 0.176250 0.923750 0.071250 0.090833
0 0.282500 0.456667 0.076250 0.090000
0 0.313437 0.460417 0.066875 0.100833
