0 0.675312 0.658750 0.064375 0.084167
0 0.583125 0.207917 0.063750 0.090833
0 0.850313 0.295833 0.075625 0.091667
0 0.844063 0.116250 0.071875 0.095833
0 0.593750 0.922917 0.072500 0.094167
0 0.389688 0.415417 0.074375 0.100833
0 0.368125 0.922500 0.072500 0.095000
0 0.918438 0.342083 0.074375 0.109167
0 0.582812 0.401250 0.073125 0.099167
0 0.564375 0.754583 0.066250 0.095833
0 0.205313 0.089167 0.078125 0.116667
0 0.752188 0.282500 0.068125 0.105000
0 0.535937 0.939583 0.105625 0.100833
0 0.697187 0.273750 0.059375 0.057500
0 0.883437 0.201667 0.079375 0.095000
6 0.692187 0.365833 0.093125 0.110000
