0 0.441250 0.138750 0.070000 0.094167
0 0.213438 0.356667 0.069375 0.096667
0 0.054375 0.320833 0.063750 0.085000
0 0.585938 0.654583 0.061875 0.080833
0 0.272188 0.581667 0.074375 0.100000
0 0.076875 0.415417 0.062500 0.082500
0 0.814375 0.143750 0.063750 0.085833
0 0.458437 0.612083 0.058125 0.077500
0 0.649687 0.296250 0.069375 0.099167
0 0.391875 0.800417 0.062500 0.080833
0 0.675000 0.079583 0.067500 0.095833
0 0.919375 0.296667 0.070000 0.101667
0 0.100937 0.064583 0.068125 0.092500
0 0.835313 0.562917 0.071875 0.077500
0 0.069687 0.898333 0.073125 0.098333
0 0.313750 0.769583 0.071250 0.085833
0 0.699688 0.193333 0.075625 0.105000
0 0.692813 0.721667 0.065625 0.090000
0 0.731875 0.484583 0.062500 0.089167
0 0.204063 0.146250 0.059375 0.079167
0 0.256563 0.831667 0.060625 0.081667
0 0.268437 0.462917 0.066875 0.095833
0 0.173750 0.261250 0.060000 0.084167
0 0.523125 0.939167 0.075000 0.096667
0 0.438750 0.927917 0.066250 0.104167
0 0.413125 0.684583 0.072500 0.094167
0 0.534375 0.395417 0.057500 0.087500
0 0.095312 0.675000 0.079375 0.105000
0 0.772188 0.245833 0.065625 0.083333
0 0.931562 0.507500 0.076875 0.095000
0 0.345000 0.454583 0.065000 0.082500
0 0.040313 0.128750 0.064375 0.112500
0 0.674063 0.540000 0.060625 0.091667
0 0.929375 0.636667 0.066250 0.096667
0 0.885312 0.167917 0.068125 0.082500
0 0.575625 0.327083 0.066250 0.080833
0 0.827187 0.469583 0.066875 0.087500
0 0.594375 0.450417 0.060000 0.084167
0 0.350313 0.862083 0.080625 0.085833
0 0.359375 0.560833 0.071250 0.096667
0 0.957187 0.765417 0.065625 0.089167
0 0.534687 0.259583 0.064375 0.067500
0 0.740938 0.633333 0.069375 0.100000
0 0.852812 0.647917 0.071875 0.085833
0 0.327500 0.938333 0.058750 0.078333
0 0.902813 0.795000 0.049375 0.073333
0 0.368437 0.127083 0.055625 0.075833
0 0.650312 0.739583 0.073125 0.095833
0 0.159062 0.546250 0.069375 0.100833
0 0.826875 0.809583 0.068750 0.105833
0 0.553438 0.142083 0.059375 0.089167
0 0.604375 0.045833 0.066250 0.091667
0 0.676875 0.423750 0.048750 0.092500
0 0.741875 0.155417 0.061250 0.077500
0 0.830937 0.750833 0.073125 0.101667
0 0.332500 0.246250 0.078750 0.109167
0 0.522813 0.827500 0.083125 0.095000
0 0.405000 0.365000 0.041250 0.088333
0 0.049375 0.204167 0.071250 0.100000
0 0.893125 0.066250 0.060000 0.087500
0 0.715000 0.932083 0.060000 0.080833
0 0.527188 0.112500 0.065625 0.088333
0 0.617500 0.512500 0.065000 0.075000
0 0.355625 0.352083 0.068750 0.104167
0 0.398438 0.252917 0.054375 0.084167
0 0.832187 0.931250 0.071875 0.097500
0 0.757188 0.876250 0.068125 0.072500
0 0.068750 0.563333 0.048750 0.076667
0 0.912188 0.898333 0.070625 0.106667
0 0.964063 0.103750 0.065625 0.085833
0 0.467187 0.420833 0.068125 0.095000
0 0.959063 0.876250 0.080625 0.079167
0 0.609375 0.953333 0.067500 0.091667
0 0.063125 0.752083 0.068750 0.087500
1 0.440625 0.477083 0.076250 0.094167
1 0.712187 0.370417 0.075625 0.115833
0 0.643437 0.419167 0.053125 0.088333
0 0.960000 0.665417 0.077500 0.089167
0 0.739375 0.583750 0.063750 0.077500
