0 0.450313 0.510000 0.056875 0.080000
0 0.342187 0.152083 0.056875 0.085833
0 0.537813 0.246250 0.066875 0.097500
0 0.330937 0.582500 0.058125 0.095000
0 0.857187 0.877500 0.069375 0.090000
0 0.702187 0.103750 0.074375 0.089167
0 0.565625 0.552500 0.071250 0.098333
0 0.230625 0.175000 0.063750 0.086667
0 0.761563 0.230833 0.066875 0.091667
0 0.681875 0.428333 0.073750 0.100000
0 0.439063 0.713333 0.059375 0.088333
0 0.092188 0.866667 0.063125 0.090000
0 0.940312 0.867917 0.074375 0.095833
0 0.876875 0.125417 0.058750 0.094167
0 0.386562 0.630000 0.066875 0.098333
0 0.667813 0.291250 0.070625 0.080833
0 0.590625 0.137500 0.057500 0.076667
0 0.432188 0.236250 0.066875 0.099167
0 0.218125 0.775417 0.052500 0.072500
0 0.902188 0.049167 0.056875 0.081667
0 0.891875 0.762917 0.057500 0.092500
0 0.353750 0.323750 0.067500 0.085833
0 0.522188 0.888750 0.055625 0.082500
0 0.289687 0.308750 0.064375 0.080833
0 0.363438 0.847500 0.068125 0.088333
0 0.588750 0.892917 0.063750 0.090833
0 0.035000 0.746667 0.055000 0.081667
0 0.712187 0.577917 0.055625 0.077500
0 0.196250 0.092500 0.058750 0.070000
0 0.858750 0.252917 0.062500 0.074167
0 0.678438 0.163750 0.069375 0.095833
0 0.130000 0.378750 0.072500 0.082500
0 0.821562 0.514583 0.061875 0.079167
0 0.702500 0.233750 0.058750 0.077500
0 0.293438 0.162083 0.051875 0.077500
0 0.566562 0.075000 0.061875 0.078333
0 0.854688 0.352500 0.059375 0.080000
0 0.743125 0.772083 0.063750 0.080833
0 0.488750 0.833333 0.066250 0.078333
0 0.683438 0.891667 0.053125 0.086667
0 0.235000 0.912917 0.057500 0.079167
0 0.780000 0.448333 0.067500 0.086667
1 0.138125 0.290000 0.075000 0.096667
0 0.512813 0.525000 0.061875 0.085000
0 0.916562 0.256667 0.053125 0.076667
0 0.908438 0.325000 0.061875 0.068333
0 0.120313 0.782500 0.060625 0.070000
0 0.168750 0.813750 0.058750 0.089167
3 0.376563 0.234167 0.074375 0.106667
0 0.241250 0.403750 0.066250 0.057500
0 0.310312 0.847083 0.058125 0.079167
0 0.086563 0.775000 0.055625 0.080000
0 0.497812 0.729583 0.059375 0.085833
0 0.545000 0.681250 0.060000 0.092500
0 0.289062 0.799583 0.069375 0.092500
0 0.845313 0.439583 0.051875 0.080833
0 0.525312 0.124167 0.049375 0.066667
0 0.633750 0.583750 0.058750 0.080833
0 0.807500 0.809167 0.065000 0.070000
0 0.525312 0.614583 0.065625 0.069167
0 0.351250 0.755417 0.050000 0.080833
0 0.261562 0.233750 0.049375 0.089167
0 0.230625 0.331250 0.055000 0.085833
0 0.221875 0.459583 0.056250 0.070833
0 0.845000 0.041250 0.061250 0.072500
0 0.362812 0.529583 0.074375 0.085833
0 0.246250 0.833750 0.067500 0.075833
0 0.714375 0.633333 0.085000 0.070000
0 0.055625 0.522500 0.055000 0.080000
0 0.030625 0.662500 0.060000 0.073333
4 0.078750 0.567917 0.087500 0.114167
0 0.284687 0.468333 0.045625 0.073333
0 0.238750 0.508750 0.057500 0.082500
0 0.206875 0.269583 0.051250 0.087500
0 0.791562 0.161250 0.056875 0.079167
0 0.889687 0.404167 0.045625 0.073333
0 0.955000 0.272500 0.047500 0.071667
0 0.868125 0.757083 0.067500 0.077500
0 0.828125 0.958750 0.053750 0.079167
0 0.334375 0.960833 0.058750 0.075000
1 0.279062 0.555417 0.076875 0.110833
6 0.477812 0.168333 0.058125 0.161667
0 0.940937 0.531250 0.038125 0.074167
0 0.469062 0.763333 0.061875 0.071667
0 0.961562 0.942917 0.049375 0.060833
0 0.180000 0.320417 0.053750 0.082500
0 0.489063 0.350417 0.043125 0.069167
0 0.593437 0.219583 0.039375 0.084167
