0 0.667188 0.827500 0.059375 0.090000
0 0.674063 0.312083 0.069375 0.082500
0 0.540625 0.424167 0.071250 0.096667
0 0.569375 0.352083 0.062500 0.079167
0 0.552188 0.515000 0.074375 0.083333
0 0.697500 0.589167 0.065000 0.088333
0 0.498125 0.258333 0.073750 0.071667
0 0.129062 0.285417 0.068125 0.089167
0 0.862187 0.565000 0.064375 0.085000
0 0.053750 0.933750 0.062500 0.077500
0 0.608125 0.278333 0.075000 0.098333
0 0.280313 0.837083 0.063125 0.087500
0 0.186562 0.711667 0.063125 0.086667
0 0.245312 0.618750 0.075625 0.100833
0 0.663125 0.716667 0.061250 0.086667
0 0.081562 0.631250 0.059375 0.089167
0 0.306875 0.069583 0.065000 0.089167
0 0.747500 0.758333 0.063750 0.085000
0 0.683438 0.196250 0.066875 0.095833
0 0.231250 0.301667 0.068750 0.101667
0 0.305312 0.352083 0.055625 0.094167
0 0.603437 0.716667 0.075625 0.101667
0 0.129688 0.592917 0.064375 0.090833
0 0.196563 0.830000 0.065625 0.080000
0 0.898750 0.742083 0.067500 0.107500
0 0.935000 0.824167 0.067500 0.081667
0 0.531875 0.126667 0.061250 0.096667
0 0.183125 0.902917 0.075000 0.097500
0 0.489687 0.825417 0.071875 0.092500
0 0.488750 0.181250 0.057500 0.074167
0 0.657500 0.479583 0.066250 0.080833
0 0.086875 0.354167 0.072500 0.088333
0 0.555937 0.657917 0.075625 0.100833
0 0.945625 0.399167 0.055000 0.085000
0 0.404687 0.815000 0.074375 0.076667
0 0.783438 0.876250 0.064375 0.094167
0 0.447188 0.159167 0.053125 0.086667
0 0.584688 0.817083 0.065625 0.087500
0 0.128438 0.871250 0.058125 0.070833
0 0.565000 0.262083 0.076250 0.092500
0 0.089688 0.461667 0.066875 0.081667
0 0.305000 0.188333 0.055000 0.075000
0 0.392188 0.215000 0.068125 0.093333
0 0.203437 0.621250 0.069375 0.084167
0 0.590625 0.197500 0.061250 0.073333
0 0.063437 0.555833 0.051875 0.078333
0 0.428438 0.918333 0.075625 0.088333
0 0.402813 0.301250 0.065625 0.095833
0 0.614062 0.047500 0.049375 0.075000
0 0.110312 0.760417 0.060625 0.097500
0 0.367188 0.071667 0.050625 0.073333
0 0.963125 0.484167 0.071250 0.086667
0 0.075313 0.867083 0.055625 0.082500
0 0.622500 0.659167 0.071250 0.095000
0 0.253437 0.711667 0.051875 0.085000
0 0.598437 0.133750 0.063125 0.085833
0 0.351562 0.895000 0.071875 0.078333
0 0.807500 0.806250 0.070000 0.090833
0 0.266875 0.760000 0.060000 0.085000
0 0.589063 0.097917 0.074375 0.077500
0 0.697500 0.161250 0.068750 0.102500
0 0.756875 0.852917 0.070000 0.090833
1 0.220625 0.135833 0.075000 0.125000
1 0.266250 0.145417 0.070000 0.124167
1 0.653125 0.410000 0.081250 0.075000
1 0.650937 0.565417 0.088125 0.092500
1 0.828125 0.658333 0.085000 0.151667
1 0.068750 0.784167 0.071250 0.135000
0 0.644375 0.054167 0.053750 0.108333
0 0.405938 0.109167 0.065625 0.103333
0 0.379688 0.132500 0.066875 0.080000
0 0.423125 0.200417 0.068750 0.090833
0 0.439063 0.302500 0.063125 0.080000
0 0.870938 0.187917 0.063125 0.087500
0 0.551250 0.751667 0.060000 0.080000
0 0.422187 0.891250 0.066875 0.079167
0 0.482187 0.777083 0.070625 0.095833
0 0.651875 0.370000 0.057500 0.073333
0 0.177187 0.761667 0.063125 0.080000
0 0.130938 0.767500 0.061875 0.095000
0 0.350938 0.855000 0.070625 0.080000
0 0.265625 0.355833 0.060000 0.073333
0 0.207813 0.367083 0.063125 0.082500
0 0.873750 0.117500 0.071250 0.085000
0 0.925312 0.167500 0.066875 0.078333
0 0.936562 0.107083 0.060625 0.099167
0 0.270000 0.222917 0.058750 0.074167
0 0.846875 0.750833 0.050000 0.078333
0 0.153125 0.406250 0.050000 0.092500
0 0.678438 0.082083 0.051875 0.095833
0 0.301563 0.118333 0.060625 0.095000
0 0.102813 0.498750 0.069375 0.089167
