0 0.900000 0.871667 0.080000 0.100000
0 0.248438 0.220000 0.074375 0.096667
0 0.392813 0.246667 0.076875 0.100000
0 0.502188 0.380000 0.076875 0.100000
0 0.877500 0.922083 0.077500 0.097500
0 0.652188 0.566250 0.078125 0.094167
0 0.042813 0.377500 0.085625 0.101667
0 0.301875 0.084167 0.081250 0.091667
0 0.757188 0.275417 0.074375 0.087500
0 0.195000 0.640833 0.080000 0.100000
0 0.931562 0.761250 0.080625 0.102500
0 0.091250 0.753333 0.080000 0.095000
0 0.768437 0.173333 0.086875 0.095000
0 0.502500 0.234583 0.070000 0.090833
0 0.849375 0.816250 0.075000 0.099167
0 0.516563 0.148750 0.084375 0.100833
0 0.812187 0.370833 0.085625 0.100000
0 0.467187 0.497083 0.078125 0.115833
0 0.155000 0.702917 0.083750 0.100833
0 0.137813 0.803750 0.080625 0.107500
0 0.623437 0.493750 0.058125 0.082500
0 0.596875 0.648750 0.078750 0.097500
0 0.052187 0.816667 0.075625 0.085000
0 0.519687 0.522500 0.070625 0.116667
2 0.184375 0.312917 0.063750 0.067500
0 0.047500 0.881667 0.086250 0.085000
0 0.956875 0.121250 0.082500 0.089167
0 0.925937 0.051250 0.078125 0.095833
0 0.969063 0.330000 0.060625 0.093333
0 0.962812 0.176667 0.074375 0.108333
0 0.250312 0.613750 0.073125 0.104167
