0 0.949688 0.890417 0.074375 0.099167
0 0.954688 0.380417 0.080625 0.099167
0 0.928125 0.591667 0.080000 0.103333
0 0.405938 0.511250 0.066875 0.084167
0 0.345625 0.464583 0.078750 0.097500
0 0.115312 0.949583 0.064375 0.097500
0 0.870000 0.390000 0.066250 0.095000
0 0.930312 0.670417 0.073125 0.094167
0 0.149688 0.250417 0.074375 0.105833
0 0.918750 0.801667 0.070000 0.096667
0 0.227813 0.118333 0.074375 0.103333
0 0.186250 0.073333 0.076250 0.101667
0 0.781875 0.908750 0.073750 0.112500
0 0.708125 0.272917 0.076250 0.094167
0 0.101250 0.603333 0.072500 0.091667
0 0.160938 0.888750 0.061875 0.082500
0 0.219688 0.274583 0.075625 0.087500
0 0.555937 0.745417 0.074375 0.107500
0 0.580937 0.887083 0.071875 0.092500
0 0.467813 0.230833 0.080625 0.100000
0 0.360938 0.252083 0.070625 0.107500
0 0.444063 0.607500 0.070625 0.090000
0 0.535937 0.274583 0.078125 0.109167
0 0.139375 0.717083 0.075000 0.102500
0 0.734375 0.717917 0.080000 0.110833
0 0.931875 0.470417 0.070000 0.099167
0 0.595313 0.226250 0.071875 0.095833
0 0.079687 0.290833 0.070625 0.105000
0 0.673750 0.781667 0.073750 0.106667
0 0.739688 0.372500 0.071875 0.096667
0 0.409375 0.303750 0.070000 0.102500
0 0.440937 0.668333 0.068125 0.101667
0 0.465000 0.787500 0.077500 0.100000
0 0.853437 0.488333 0.068125 0.108333
0 0.432500 0.130833 0.076250 0.100000
0 0.900937 0.054167 0.076875 0.106667
0 0.189688 0.520000 0.073125 0.111667
0 0.686250 0.318333 0.068750 0.085000
0 0.638750 0.525000 0.082500 0.123333
0 0.436563 0.178333 0.078125 0.090000
0 0.355938 0.180833 0.085625 0.078333
0 0.512500 0.867500 0.065000 0.095000
0 0.384062 0.807917 0.069375 0.090833
0 0.844375 0.694583 0.085000 0.109167
0 0.296563 0.255000 0.061875 0.100000
0 0.521563 0.120833 0.059375 0.100000
0 0.256563 0.152917 0.069375 0.110833
0 0.789375 0.442500 0.075000 0.101667
0 0.472500 0.946250 0.083750 0.094167
0 0.143125 0.400417 0.073750 0.089167
0 0.849688 0.807083 0.066875 0.105833
0 0.479687 0.374167 0.083125 0.093333
0 0.238750 0.531667 0.073750 0.115000
0 0.796562 0.388333 0.073125 0.105000
0 0.644375 0.099167 0.055000 0.105000
0 0.181875 0.603750 0.070000 0.110833
0 0.732187 0.507500 0.061875 0.096667
0 0.580313 0.363333 0.074375 0.106667
0 0.789062 0.075417 0.066875 0.112500
0 0.700937 0.540417 0.064375 0.110833
0 0.057188 0.679167 0.074375 0.095000
0 0.036250 0.707500 0.066250 0.103333
0 0.198750 0.196250 0.078750 0.077500
2 0.477500 0.449583 0.088750 0.112500
0 0.904687 0.318750 0.063125 0.080833
0 0.833750 0.875417 0.062500 0.075833
0 0.066250 0.745833 0.072500 0.091667
0 0.670000 0.472917 0.072500 0.090833
0 0.922813 0.502083 0.073125 0.102500
0 0.883437 0.075833 0.073125 0.115000
0 0.811250 0.080833 0.077500 0.093333
0 0.768125 0.536250 0.063750 0.089167
0 0.581875 0.418333 0.052500 0.105000
