0 0.747812 0.191667 0.076875 0.098333
0 0.152500 0.464583 0.073750 0.104167
0 0.228437 0.942083 0.079375 0.099167
0 0.607187 0.468750 0.084375 0.110833
0 0.669375 0.576250 0.072500 0.094167
0 0.313125 0.647500 0.078750 0.105000
0 0.032813 0.465000 0.064375 0.103333
0 0.057500 0.062917 0.071250 0.097500
0 0.110937 0.415000 0.075625 0.093333
0 0.363750 0.077500 0.080000 0.106667
0 0.478750 0.537917 0.077500 0.117500
0 0.728125 0.360417 0.078750 0.112500
0 0.935312 0.604583 0.083125 0.092500
0 0.530937 0.782500 0.080625 0.101667
0 0.768437 0.087500 0.073125 0.096667
0 0.761250 0.487917 0.071250 0.107500
0 0.075313 0.290417 0.080625 0.102500
0 0.889375 0.136250 0.100000 0.087500
0 0.296875 0.492917 0.078750 0.094167
0 0.594375 0.374583 0.076250 0.095833
0 0.492188 0.324583 0.075625 0.110833
0 0.293750 0.328333 0.081250 0.105000
1 0.570312 0.211667 0.094375 0.115000
0 0.404062 0.577917 0.076875 0.104167
0 0.630000 0.690000 0.085000 0.098333
0 0.472813 0.908333 0.076875 0.093333
0 0.252188 0.848333 0.093125 0.095000
0 0.368437 0.433333 0.074375 0.108333
0 0.700625 0.684167 0.071250 0.106667
0 0.895938 0.052917 0.080625 0.092500
0 0.144687 0.662500 0.084375 0.103333
0 0.060937 0.180417 0.069375 0.109167
1 0.824063 0.561250 0.094375 0.107500
0 0.124688 0.147083 0.084375 0.089167
0 0.128750 0.214167 0.071250 0.100000
0 0.578750 0.288750 0.111250 0.070833
