0 0.084687 0.411250 0.080625 0.082500
0 0.613750 0.561667 0.061250 0.091667
0 0.926562 0.475833 0.073125 0.108333
0 0.840938 0.368750 0.055625 0.089167
0 0.891250 0.865833 0.072500 0.098333
0 0.595938 0.163750 0.074375 0.089167
0 0.770312 0.878750 0.076875 0.072500
0 0.899375 0.374167 0.070000 0.101667
0 0.349375 0.917083 0.071250 0.087500
0 0.320625 0.600000 0.083750 0.086667
0 0.424063 0.497083 0.079375 0.062500
0 0.952812 0.605000 0.074375 0.090000
0 0.162500 0.052917 0.082500 0.087500
0 0.772500 0.600417 0.070000 0.084167
0 0.793750 0.732083 0.070000 0.079167
0 0.595000 0.377917 0.092500 0.082500
0 0.336562 0.535833 0.071875 0.086667
0 0.625313 0.077500 0.076875 0.100000
0 0.836875 0.787917 0.070000 0.095833
0 0.776563 0.352917 0.076875 0.092500
0 0.820312 0.921250 0.069375 0.089167
0 0.706250 0.342917 0.091250 0.077500
0 0.078750 0.234583 0.085000 0.072500
0 0.659375 0.735000 0.068750 0.090000
0 0.114062 0.905833 0.081875 0.086667
0 0.155938 0.468750 0.074375 0.095833
0 0.140000 0.730417 0.073750 0.085833
0 0.677813 0.918333 0.088125 0.096667
0 0.244375 0.515000 0.086250 0.055000
0 0.215000 0.336667 0.085000 0.086667
0 0.105000 0.813333 0.068750 0.085000
0 0.750625 0.531667 0.091250 0.095000
0 0.516563 0.918333 0.078125 0.078333
0 0.377500 0.764583 0.075000 0.097500
0 0.788750 0.812917 0.082500 0.085833
0 0.618437 0.222917 0.083125 0.082500
0 0.773750 0.682917 0.088750 0.075833
0 0.159062 0.888750 0.073125 0.094167
0 0.389688 0.335417 0.074375 0.082500
0 0.457813 0.077917 0.101875 0.069167
0 0.420625 0.818333 0.070000 0.098333
0 0.165000 0.812500 0.095000 0.075000
0 0.223125 0.633333 0.095000 0.101667
0 0.523438 0.458750 0.084375 0.084167
0 0.748750 0.156667 0.093750 0.085000
0 0.492812 0.866250 0.118125 0.072500
0 0.203750 0.684167 0.083750 0.110000
0 0.587812 0.502917 0.114375 0.060833
0 0.414062 0.575000 0.078125 0.085000
0 0.649375 0.853333 0.095000 0.115000
0 0.395937 0.253333 0.085625 0.091667
0 0.616563 0.802500 0.100625 0.083333
0 0.300625 0.421250 0.103750 0.075833
0 0.248125 0.265417 0.087500 0.089167
0 0.093125 0.176250 0.091250 0.094167
0 0.778438 0.957917 0.076875 0.084167
0 0.155000 0.698333 0.075000 0.096667
