0 0.283125 0.723333 0.062500 0.085000
0 0.371250 0.369583 0.060000 0.080833
0 0.299063 0.300417 0.065625 0.084167
0 0.401875 0.251250 0.066250 0.080833
0 0.079375 0.597917 0.057500 0.080833
0 0.340000 0.677500 0.072500 0.100000
0 0.319063 0.526250 0.073125 0.104167
0 0.276250 0.105833 0.078750 0.095000
0 0.620313 0.822500 0.075625 0.111667
0 0.282500 0.598750 0.062500 0.085833
0 0.715000 0.100000 0.075000 0.096667
0 0.256563 0.430417 0.055625 0.080833
0 0.480625 0.755833 0.077500 0.100000
0 0.231250 0.504167 0.068750 0.085000
0 0.305312 0.257083 0.061875 0.080833
0 0.325625 0.430000 0.052500 0.081667
0 0.075000 0.699583 0.073750 0.092500
0 0.362500 0.069583 0.073750 0.092500
0 0.512813 0.677083 0.081875 0.104167
0 0.852812 0.060417 0.076875 0.095833
0 0.484687 0.404167 0.073125 0.101667
0 0.194062 0.322917 0.063125 0.080833
0 0.214062 0.688750 0.073125 0.094167
0 0.783438 0.058750 0.069375 0.082500
0 0.338438 0.198750 0.065625 0.084167
0 0.227187 0.183750 0.071875 0.082500
0 0.240313 0.311250 0.059375 0.079167
0 0.093750 0.857083 0.067500 0.079167
0 0.136875 0.095000 0.070000 0.093333
0 0.140625 0.562500 0.077500 0.098333
0 0.162812 0.496250 0.066875 0.087500
0 0.499063 0.162500 0.056875 0.073333
0 0.511250 0.312917 0.068750 0.099167
0 0.753125 0.339583 0.076250 0.107500
0 0.133437 0.314583 0.066875 0.089167
0 0.398125 0.122083 0.068750 0.094167
0 0.809375 0.435417 0.066250 0.100833
0 0.148750 0.737500 0.068750 0.073333
0 0.068437 0.127500 0.074375 0.105000
0 0.151875 0.650000 0.073750 0.086667
0 0.453750 0.060417 0.078750 0.094167
0 0.462187 0.647917 0.055625 0.072500
0 0.138125 0.945417 0.075000 0.100833
0 0.448437 0.319167 0.070625 0.096667
0 0.058750 0.932917 0.070000 0.070833
1 0.917813 0.357083 0.089375 0.115833
1 0.227813 0.788750 0.075625 0.119167
0 0.183438 0.837917 0.064375 0.082500
0 0.078750 0.207500 0.065000 0.098333
0 0.388750 0.899167 0.067500 0.090000
0 0.243438 0.193333 0.064375 0.086667
0 0.140313 0.780833 0.066875 0.085000
0 0.117188 0.814583 0.065625 0.082500
0 0.460625 0.840833 0.060000 0.090000
0 0.057500 0.464167 0.056250 0.080000
0 0.604375 0.046250 0.063750 0.092500
0 0.096875 0.516667 0.060000 0.078333
0 0.396875 0.463750 0.075000 0.089167
0 0.879062 0.549167 0.063125 0.085000
0 0.814688 0.662917 0.073125 0.085833
0 0.773438 0.728750 0.070625 0.085833
0 0.714063 0.526667 0.066875 0.080000
0 0.738125 0.731667 0.072500 0.091667
0 0.694688 0.424167 0.068125 0.078333
0 0.658125 0.492917 0.076250 0.097500
0 0.632188 0.935000 0.061875 0.076667
0 0.564375 0.915417 0.058750 0.087500
0 0.541562 0.835000 0.069375 0.080000
0 0.435625 0.913333 0.058750 0.083333
0 0.161562 0.873333 0.064375 0.081667
0 0.757188 0.175000 0.065625 0.078333
0 0.378125 0.165000 0.075000 0.080000
0 0.480625 0.137917 0.067500 0.087500
0 0.522188 0.088333 0.063125 0.080000
0 0.570937 0.073333 0.048125 0.075000
0 0.423125 0.397500 0.065000 0.085000
0 0.487187 0.248750 0.063125 0.084167
0 0.409687 0.600833 0.065625 0.075000
0 0.714063 0.049167 0.066875 0.080000
