0 0.291875 0.157500 0.055000 0.090000
0 0.134063 0.899583 0.066875 0.087500
0 0.712812 0.205417 0.050625 0.075833
0 0.140937 0.803750 0.063125 0.084167
0 0.733750 0.867083 0.062500 0.085833
0 0.210938 0.216250 0.063125 0.087500
0 0.802500 0.867500 0.060000 0.111667
0 0.684688 0.673750 0.066875 0.097500
0 0.668438 0.832917 0.064375 0.097500
0 0.531250 0.151250 0.056250 0.080833
0 0.780625 0.719583 0.071250 0.089167
0 0.760625 0.111250 0.061250 0.079167
0 0.408438 0.906667 0.066875 0.088333
0 0.187812 0.385000 0.065625 0.086667
0 0.347813 0.538333 0.061875 0.083333
0 0.112187 0.365417 0.065625 0.085833
0 0.519375 0.231250 0.057500 0.072500
0 0.217188 0.691250 0.063125 0.080833
0 0.629375 0.446250 0.061250 0.092500
0 0.758750 0.439583 0.072500 0.090833
0 0.692813 0.422917 0.068125 0.094167
0 0.845313 0.773750 0.070625 0.092500
0 0.525000 0.697500 0.062500 0.080000
0 0.192500 0.928750 0.061250 0.095833
0 0.257812 0.480000 0.058125 0.073333
0 0.432812 0.114167 0.063125 0.083333
0 0.667188 0.340000 0.075625 0.091667
0 0.921875 0.658750 0.056250 0.075833
0 0.244375 0.363750 0.063750 0.102500
0 0.873437 0.695833 0.080625 0.098333
0 0.566562 0.912917 0.085625 0.087500
0 0.677813 0.500000 0.058125 0.080000
0 0.497188 0.461250 0.056875 0.084167
0 0.607187 0.832917 0.061875 0.077500
0 0.245000 0.899583 0.063750 0.079167
0 0.842812 0.911250 0.065625 0.080833
0 0.380937 0.209167 0.066875 0.098333
0 0.431875 0.662083 0.061250 0.072500
0 0.749687 0.577083 0.069375 0.077500
0 0.925000 0.884167 0.057500 0.081667
0 0.524375 0.528333 0.065000 0.075000
0 0.865938 0.071667 0.061875 0.076667
0 0.278750 0.565417 0.061250 0.085833
0 0.918750 0.162500 0.050000 0.070000
0 0.493125 0.890833 0.062500 0.101667
1 0.085312 0.730000 0.071875 0.128333
0 0.306875 0.628333 0.058750 0.070000
0 0.747500 0.363750 0.050000 0.085833
0 0.753750 0.207083 0.055000 0.079167
3 0.959375 0.506667 0.075000 0.136667
0 0.543438 0.285833 0.056875 0.081667
0 0.529062 0.848333 0.060625 0.083333
0 0.433750 0.463750 0.061250 0.094167
0 0.945625 0.051667 0.070000 0.103333
0 0.902500 0.949583 0.066250 0.090833
0 0.962500 0.835000 0.063750 0.095000
0 0.613437 0.253750 0.055625 0.099167
0 0.210625 0.769167 0.057500 0.078333
0 0.247812 0.603333 0.049375 0.113333
1 0.860938 0.213750 0.069375 0.139167
0 0.895312 0.127917 0.061875 0.080833
0 0.345000 0.842500 0.052500 0.093333
0 0.451562 0.853333 0.059375 0.068333
0 0.651875 0.269167 0.070000 0.093333
0 0.343438 0.170000 0.055625 0.075000
0 0.705000 0.117500 0.066250 0.126667
0 0.968437 0.770000 0.060625 0.098333
