0 0.578125 0.481667 0.068750 0.083333
0 0.385000 0.675833 0.068750 0.083333
0 0.092188 0.512083 0.066875 0.092500
0 0.663750 0.885417 0.068750 0.087500
0 0.822500 0.744583 0.071250 0.090833
0 0.232813 0.622083 0.068125 0.087500
0 0.054375 0.304167 0.066250 0.081667
0 0.418750 0.928333 0.066250 0.081667
0 0.760938 0.202917 0.065625 0.090833
0 0.613750 0.736250 0.072500 0.099167
0 0.058750 0.066667 0.065000 0.073333
0 0.549687 0.626667 0.071875 0.098333
0 0.335313 0.103750 0.073125 0.097500
0 0.714375 0.627083 0.081250 0.097500
0 0.651563 0.210000 0.069375 0.083333
0 0.711562 0.273750 0.080625 0.097500
0 0.146875 0.643333 0.072500 0.101667
0 0.856250 0.875000 0.075000 0.101667
0 0.173125 0.737917 0.072500 0.092500
0 0.273750 0.494167 0.075000 0.096667
0 0.888750 0.392917 0.071250 0.104167
0 0.334062 0.217917 0.048125 0.084167
0 0.246562 0.772500 0.078125 0.106667
0 0.150625 0.168333 0.076250 0.105000
0 0.544687 0.281667 0.061875 0.081667
0 0.663750 0.475833 0.068750 0.093333
0 0.530625 0.343333 0.087500 0.096667
0 0.345938 0.479167 0.071875 0.111667
0 0.390313 0.238333 0.068125 0.086667
0 0.079687 0.673333 0.071875 0.101667
0 0.293125 0.419167 0.076250 0.085000
0 0.747500 0.422500 0.076250 0.111667
6 0.396875 0.313750 0.071250 0.115833
