0 0.690937 0.237917 0.060625 0.087500
0 0.850000 0.697917 0.065000 0.082500
0 0.381250 0.262500 0.058750 0.083333
0 0.810312 0.783333 0.065625 0.091667
0 0.339062 0.637917 0.065625 0.085833
0 0.334688 0.807917 0.059375 0.089167
0 0.921250 0.927500 0.058750 0.080000
0 0.870313 0.377083 0.070625 0.080833
0 0.070312 0.159583 0.074375 0.095833
0 0.640000 0.394167 0.058750 0.075000
0 0.094687 0.782500 0.059375 0.083333
0 0.949688 0.278333 0.070625 0.101667
0 0.721562 0.528750 0.060625 0.082500
0 0.199687 0.276667 0.058125 0.075000
0 0.246562 0.505000 0.061875 0.088333
0 0.168437 0.450000 0.069375 0.091667
0 0.547500 0.946250 0.068750 0.097500
0 0.889687 0.246250 0.066875 0.094167
0 0.419687 0.967083 0.059375 0.065833
0 0.415000 0.466250 0.055000 0.067500
0 0.928750 0.693750 0.072500 0.099167
0 0.545625 0.260000 0.062500 0.065000
0 0.295312 0.541250 0.060625 0.085833
0 0.610938 0.768750 0.069375 0.084167
0 0.157500 0.542083 0.053750 0.094167
0 0.825937 0.605000 0.063125 0.081667
0 0.431563 0.322917 0.069375 0.084167
0 0.130000 0.342083 0.068750 0.089167
0 0.537500 0.765000 0.067500 0.080000
0 0.519375 0.600000 0.070000 0.100000
0 0.243125 0.185833 0.062500 0.073333
0 0.474687 0.805417 0.083125 0.097500
0 0.771563 0.410833 0.065625 0.086667
0 0.782188 0.374167 0.074375 0.096667
0 0.609375 0.845000 0.073750 0.078333
0 0.396250 0.127083 0.062500 0.100833
0 0.275000 0.251667 0.065000 0.085000
0 0.170937 0.067083 0.060625 0.072500
0 0.450625 0.640417 0.068750 0.092500
0 0.835000 0.277083 0.058750 0.084167
0 0.411562 0.570000 0.060625 0.085000
0 0.179688 0.359167 0.060625 0.083333
0 0.427187 0.082500 0.064375 0.085000
0 0.593750 0.615417 0.070000 0.092500
0 0.480000 0.098333 0.060000 0.080000
0 0.618437 0.687083 0.060625 0.075833
0 0.064375 0.675417 0.068750 0.100833
0 0.304375 0.228750 0.062500 0.082500
0 0.228125 0.107917 0.052500 0.077500
0 0.669375 0.117083 0.067500 0.084167
0 0.669687 0.325000 0.063125 0.080000
0 0.459375 0.705833 0.055000 0.080000
0 0.711250 0.642083 0.061250 0.099167
0 0.103438 0.311250 0.058125 0.080833
0 0.617812 0.132917 0.056875 0.102500
0 0.702812 0.357500 0.059375 0.080000
0 0.441875 0.551667 0.067500 0.081667
0 0.769375 0.290833 0.066250 0.076667
0 0.076875 0.256250 0.065000 0.080833
0 0.671250 0.502500 0.057500 0.086667
0 0.639687 0.903750 0.059375 0.059167
0 0.505625 0.883750 0.062500 0.069167
0 0.105938 0.576250 0.061875 0.084167
0 0.684063 0.614583 0.061875 0.070833
1 0.880938 0.577083 0.074375 0.135833
0 0.964688 0.757917 0.061875 0.080833
1 0.645938 0.053750 0.081875 0.100833
