0 0.215000 0.077917 0.060000 0.077500
0 0.391250 0.223333 0.062500 0.083333
0 0.189375 0.627083 0.061250 0.085833
0 0.418438 0.655417 0.065625 0.090833
0 0.606563 0.908750 0.081875 0.092500
0 0.390313 0.127083 0.060625 0.094167
0 0.209063 0.388750 0.066875 0.089167
0 0.600625 0.765417 0.071250 0.100833
0 0.111250 0.255000 0.066250 0.085000
0 0.791250 0.877917 0.057500 0.077500
0 0.164375 0.492083 0.061250 0.080833
0 0.628750 0.292500 0.060000 0.085000
0 0.848750 0.541250 0.072500 0.095833
0 0.544375 0.704167 0.071250 0.091667
0 0.526875 0.616250 0.067500 0.085833
0 0.914062 0.309167 0.065625 0.081667
0 0.569688 0.103750 0.071875 0.090833
0 0.423750 0.493750 0.076250 0.110833
0 0.099687 0.185000 0.078125 0.083333
0 0.631563 0.213333 0.059375 0.080000
0 0.220000 0.939583 0.066250 0.090833
0 0.648750 0.117083 0.071250 0.092500
0 0.703438 0.459167 0.069375 0.086667
0 0.845000 0.202500 0.066250 0.081667
0 0.570000 0.340417 0.066250 0.084167
0 0.745000 0.065833 0.072500 0.096667
0 0.075000 0.359167 0.071250 0.096667
0 0.064687 0.294167 0.071875 0.080000
0 0.798750 0.382917 0.062500 0.095833
0 0.288750 0.300417 0.070000 0.075833
0 0.758750 0.420000 0.055000 0.093333
0 0.954063 0.229167 0.091875 0.088333
0 0.544687 0.179583 0.069375 0.075833
0 0.471562 0.457500 0.059375 0.095000
0 0.699688 0.754167 0.068125 0.073333
0 0.682187 0.266667 0.066875 0.096667
0 0.110000 0.792500 0.072500 0.083333
0 0.642813 0.415417 0.079375 0.090833
0 0.922500 0.616667 0.061250 0.078333
0 0.714688 0.440833 0.069375 0.088333
0 0.575625 0.252500 0.070000 0.093333
0 0.061875 0.122917 0.067500 0.080833
0 0.878437 0.877500 0.070625 0.085000
1 0.127188 0.891667 0.080625 0.116667
1 0.171563 0.873750 0.084375 0.100833
0 0.031250 0.632500 0.062500 0.086667
0 0.713750 0.958333 0.061250 0.083333
