0 0.902500 0.360417 0.068750 0.080833
0 0.940312 0.279167 0.070625 0.098333
0 0.379375 0.143333 0.057500 0.078333
0 0.324375 0.478333 0.062500 0.078333
0 0.872500 0.523333 0.073750 0.098333
0 0.834375 0.329167 0.070000 0.091667
0 0.423750 0.735833 0.065000 0.091667
0 0.575313 0.518750 0.060625 0.082500
0 0.653438 0.193750 0.066875 0.095833
0 0.256875 0.941667 0.066250 0.095000
0 0.045625 0.762083 0.061250 0.099167
0 0.360000 0.944167 0.065000 0.073333
0 0.685937 0.275000 0.068125 0.103333
0 0.290938 0.847917 0.066875 0.084167
0 0.793438 0.051667 0.064375 0.085000
0 0.760625 0.931250 0.062500 0.089167
0 0.192188 0.581667 0.065625 0.098333
0 0.608437 0.117083 0.058125 0.082500
0 0.172187 0.520833 0.069375 0.090000
0 0.202813 0.681250 0.060625 0.080833
0 0.455000 0.117500 0.065000 0.083333
0 0.741250 0.643750 0.060000 0.084167
0 0.045625 0.404583 0.061250 0.097500
0 0.420625 0.215000 0.056250 0.085000
0 0.254375 0.449583 0.062500 0.075833
0 0.080312 0.860417 0.059375 0.084167
0 0.592187 0.203333 0.064375 0.085000
0 0.251563 0.404167 0.069375 0.083333
0 0.312500 0.683750 0.060000 0.075833
0 0.371875 0.406667 0.058750 0.083333
0 0.123438 0.390000 0.068125 0.090000
0 0.370312 0.848333 0.065625 0.085000
0 0.553750 0.332917 0.062500 0.094167
0 0.326875 0.767917 0.060000 0.080833
0 0.894687 0.162917 0.054375 0.077500
0 0.551250 0.049167 0.065000 0.095000
0 0.666562 0.902500 0.061875 0.085000
0 0.743437 0.542083 0.066875 0.069167
0 0.346875 0.322083 0.070000 0.079167
0 0.965313 0.412083 0.068125 0.085833
0 0.962187 0.140417 0.060625 0.072500
0 0.320937 0.202917 0.064375 0.077500
0 0.836250 0.943333 0.063750 0.073333
0 0.069062 0.654167 0.046875 0.090000
0 0.555312 0.634583 0.056875 0.087500
0 0.105938 0.100000 0.056875 0.085000
0 0.042813 0.940833 0.051875 0.083333
0 0.620625 0.234583 0.058750 0.089167
0 0.376875 0.059583 0.056250 0.065833
0 0.515312 0.525417 0.054375 0.094167
0 0.283125 0.055000 0.043750 0.080000
0 0.703438 0.887917 0.059375 0.087500
0 0.610313 0.317083 0.055625 0.090833
0 0.166563 0.377500 0.055625 0.095000
0 0.248125 0.494167 0.058750 0.075000
0 0.711250 0.050417 0.060000 0.050833
0 0.812187 0.756250 0.055625 0.095833
1 0.352187 0.565833 0.073125 0.098333
0 0.832187 0.628333 0.053125 0.073333
0 0.130312 0.216250 0.054375 0.077500
0 0.251875 0.541250 0.053750 0.072500
0 0.957812 0.776250 0.053125 0.070833
0 0.237187 0.097083 0.049375 0.087500
0 0.427187 0.260833 0.051875 0.080000
0 0.112812 0.064583 0.054375 0.087500
0 0.220000 0.064583 0.051250 0.090833
0 0.100000 0.249583 0.065000 0.079167
0 0.115937 0.256250 0.054375 0.092500
0 0.337813 0.210833 0.055625 0.078333
0 0.535000 0.284167 0.063750 0.068333
0 0.755313 0.560417 0.064375 0.060833
0 0.738125 0.882917 0.050000 0.077500
0 0.537188 0.840833 0.039375 0.075000
0 0.203125 0.720000 0.060000 0.076667
0 0.314375 0.727500 0.053750 0.083333
0 0.301563 0.873333 0.063125 0.073333
0 0.552188 0.887500 0.055625 0.080000
0 0.558125 0.925000 0.061250 0.063333
0 0.948438 0.765417 0.054375 0.074167
0 0.797188 0.731250 0.054375 0.099167
0 0.061250 0.960000 0.051250 0.073333
