0 0.770000 0.844167 0.076250 0.095000
0 0.528125 0.913750 0.076250 0.105833
0 0.489375 0.056667 0.088750 0.101667
0 0.290625 0.424583 0.077500 0.107500
0 0.810625 0.536250 0.082500 0.109167
0 0.682813 0.802500 0.078125 0.113333
2 0.366875 0.803333 0.090000 0.111667
0 0.115312 0.437917 0.063125 0.090833
0 0.300312 0.116667 0.076875 0.101667
0 0.663125 0.134167 0.087500 0.118333
0 0.863437 0.728750 0.075625 0.105833
0 0.216875 0.568333 0.085000 0.098333
0 0.685312 0.544583 0.075625 0.102500
0 0.198125 0.717500 0.065000 0.100000
0 0.448750 0.863750 0.073750 0.094167
0 0.362812 0.369583 0.079375 0.105833
0 0.504375 0.545417 0.080000 0.110833
0 0.610625 0.612500 0.080000 0.100000
0 0.529687 0.306250 0.073125 0.092500
0 0.058438 0.826250 0.071875 0.110833
0 0.135000 0.836667 0.081250 0.105000
0 0.812187 0.053333 0.076875 0.095000
0 0.883125 0.460000 0.082500 0.106667
0 0.082812 0.555833 0.074375 0.108333
0 0.747812 0.134583 0.074375 0.105833
0 0.107500 0.062917 0.071250 0.100833
0 0.267813 0.833333 0.083125 0.088333
0 0.223438 0.461250 0.080625 0.109167
0 0.955937 0.177083 0.066875 0.087500
0 0.731875 0.708750 0.082500 0.110833
0 0.065312 0.311667 0.080625 0.111667
0 0.290000 0.792917 0.066250 0.092500
0 0.907813 0.277500 0.084375 0.120000
0 0.257188 0.660000 0.076875 0.110000
