0 0.570937 0.950000 0.069375 0.098333
0 0.763750 0.865417 0.073750 0.112500
0 0.773438 0.447083 0.075625 0.094167
0 0.681562 0.275000 0.060625 0.085000
0 0.858125 0.455833 0.078750 0.105000
0 0.669687 0.833333 0.068125 0.083333
0 0.247500 0.545417 0.076250 0.092500
0 0.468750 0.060417 0.072500 0.104167
0 0.632500 0.740833 0.070000 0.090000
0 0.099062 0.157083 0.065625 0.092500
0 0.277813 0.932083 0.081875 0.105833
0 0.116875 0.467083 0.071250 0.099167
0 0.328125 0.517917 0.071250 0.095833
0 0.540000 0.175000 0.068750 0.095000
0 0.740000 0.672500 0.076250 0.106667
0 0.471875 0.317083 0.075000 0.095833
0 0.895625 0.773333 0.070000 0.103333
0 0.514062 0.230833 0.074375 0.098333
0 0.818750 0.269583 0.073750 0.105833
0 0.705625 0.454167 0.066250 0.096667
0 0.903750 0.576667 0.071250 0.108333
0 0.926875 0.150833 0.088750 0.088333
0 0.441875 0.783333 0.065000 0.100000
0 0.579063 0.478333 0.074375 0.106667
0 0.357812 0.762917 0.071875 0.092500
0 0.898750 0.939583 0.086250 0.105833
0 0.344375 0.917917 0.070000 0.095833
0 0.325000 0.424583 0.078750 0.094167
0 0.606875 0.264167 0.061250 0.091667
0 0.936875 0.232917 0.078750 0.104167
0 0.740938 0.549167 0.075625 0.106667
0 0.200313 0.755000 0.070625 0.098333
0 0.388125 0.652917 0.073750 0.090833
0 0.626250 0.607917 0.073750 0.097500
0 0.223750 0.867500 0.078750 0.095000
0 0.328750 0.323333 0.068750 0.100000
0 0.326250 0.625833 0.083750 0.096667
0 0.752812 0.199167 0.064375 0.081667
3 0.132500 0.763750 0.070000 0.157500
0 0.190312 0.715833 0.069375 0.093333
0 0.786563 0.121250 0.075625 0.099167
0 0.040938 0.355833 0.069375 0.085000
0 0.786250 0.075833 0.075000 0.100000
0 0.421250 0.440417 0.075000 0.095833
0 0.642813 0.500833 0.068125 0.091667
0 0.528125 0.387500 0.071250 0.108333
0 0.607187 0.835000 0.059375 0.093333
0 0.448437 0.613333 0.109375 0.080000
0 0.135313 0.117500 0.081875 0.108333
0 0.483438 0.590417 0.070625 0.097500
