0 0.760938 0.277917 0.058125 0.087500
0 0.571562 0.237917 0.061875 0.085833
0 0.366875 0.507083 0.070000 0.077500
0 0.882500 0.927917 0.060000 0.094167
0 0.205937 0.915417 0.061875 0.084167
0 0.569375 0.441250 0.071250 0.104167
0 0.317812 0.080417 0.060625 0.080833
0 0.233750 0.184167 0.061250 0.088333
0 0.380000 0.819583 0.072500 0.090833
0 0.741875 0.566667 0.060000 0.075000
0 0.804063 0.750833 0.060625 0.095000
0 0.817500 0.927917 0.060000 0.084167
0 0.040313 0.205833 0.068125 0.093333
0 0.932813 0.836667 0.061875 0.085000
0 0.937187 0.300000 0.064375 0.085000
0 0.177813 0.318750 0.074375 0.100833
0 0.662813 0.920417 0.058125 0.084167
0 0.464062 0.362917 0.071875 0.090833
0 0.239063 0.100000 0.065625 0.083333
0 0.038750 0.492083 0.068750 0.094167
0 0.702187 0.252500 0.063125 0.083333
0 0.413750 0.955417 0.060000 0.079167
0 0.203437 0.460000 0.064375 0.081667
0 0.668125 0.530000 0.061250 0.076667
0 0.802813 0.418333 0.064375 0.091667
0 0.036562 0.946667 0.063125 0.083333
0 0.913750 0.702917 0.063750 0.087500
0 0.605625 0.601250 0.063750 0.085833
0 0.721250 0.765833 0.060000 0.085000
0 0.773438 0.105833 0.066875 0.083333
0 0.300938 0.150833 0.075625 0.093333
0 0.668125 0.801667 0.073750 0.095000
0 0.676562 0.450000 0.075625 0.088333
0 0.196250 0.687500 0.073750 0.083333
0 0.177187 0.526250 0.071875 0.084167
0 0.272500 0.414583 0.070000 0.089167
0 0.442500 0.467083 0.072500 0.099167
0 0.189062 0.604167 0.073125 0.085000
1 0.872500 0.344583 0.076250 0.104167
0 0.116562 0.643750 0.059375 0.090833
0 0.881563 0.414167 0.070625 0.098333
0 0.403125 0.233333 0.068750 0.080000
0 0.725938 0.900417 0.058125 0.094167
0 0.776250 0.873750 0.055000 0.080833
0 0.332813 0.579583 0.073125 0.089167
0 0.177813 0.199167 0.064375 0.091667
0 0.918750 0.233750 0.086250 0.080833
0 0.374375 0.162083 0.056250 0.079167
4 0.253125 0.641667 0.065000 0.113333
0 0.323750 0.412917 0.070000 0.095833
0 0.209063 0.712083 0.060625 0.105833
0 0.716562 0.056667 0.066875 0.088333
0 0.691875 0.089167 0.066250 0.095000
0 0.949063 0.688333 0.068125 0.123333
0 0.570625 0.631667 0.073750 0.088333
0 0.628750 0.926250 0.065000 0.119167
0 0.829375 0.049167 0.066250 0.098333
