0 0.679063 0.373750 0.063125 0.084167
0 0.520000 0.925833 0.060000 0.085000
0 0.901563 0.095417 0.059375 0.082500
0 0.226250 0.620000 0.071250 0.083333
0 0.557187 0.660833 0.061875 0.091667
0 0.436563 0.582083 0.069375 0.099167
0 0.901875 0.922083 0.062500 0.082500
0 0.906875 0.488333 0.065000 0.090000
0 0.351250 0.933750 0.066250 0.095833
0 0.759375 0.277500 0.055000 0.085000
0 0.939688 0.302917 0.069375 0.090833
0 0.556250 0.394167 0.070000 0.088333
0 0.454375 0.917083 0.066250 0.075833
0 0.570937 0.847917 0.063125 0.092500
0 0.457188 0.341250 0.066875 0.094167
0 0.648125 0.221250 0.055000 0.080833
0 0.733750 0.755833 0.061250 0.081667
0 0.629687 0.567500 0.059375 0.083333
0 0.959063 0.943750 0.059375 0.094167
0 0.346250 0.468333 0.060000 0.080000
0 0.766875 0.508333 0.075000 0.091667
0 0.705000 0.828750 0.070000 0.085833
0 0.045625 0.800000 0.068750 0.085000
0 0.763125 0.422083 0.061250 0.082500
0 0.484375 0.765417 0.063750 0.074167
0 0.710313 0.077500 0.061875 0.085000
0 0.622812 0.461250 0.063125 0.104167
0 0.770938 0.814167 0.059375 0.093333
0 0.212812 0.474583 0.071875 0.074167
0 0.214062 0.057083 0.060625 0.079167
0 0.747188 0.642917 0.055625 0.094167
0 0.874687 0.164167 0.063125 0.076667
0 0.753750 0.892917 0.075000 0.100833
0 0.852812 0.747917 0.075625 0.097500
0 0.305625 0.654167 0.065000 0.085000
0 0.415312 0.064167 0.063125 0.090000
0 0.304375 0.570417 0.065000 0.092500
0 0.889062 0.831250 0.071875 0.100833
0 0.573125 0.485000 0.063750 0.095000
0 0.233437 0.140833 0.059375 0.076667
0 0.134375 0.840000 0.060000 0.085000
0 0.563438 0.183333 0.063125 0.086667
0 0.819063 0.866250 0.068125 0.089167
0 0.905625 0.233750 0.062500 0.084167
0 0.070938 0.174167 0.065625 0.098333
0 0.339687 0.221667 0.076875 0.070000
0 0.290625 0.922917 0.053750 0.097500
0 0.586250 0.105833 0.060000 0.095000
0 0.388437 0.474167 0.056875 0.086667
1 0.686250 0.650417 0.090000 0.125833
0 0.203125 0.357500 0.067500 0.076667
0 0.892500 0.567500 0.055000 0.071667
0 0.497188 0.667500 0.058125 0.118333
0 0.270625 0.169167 0.050000 0.085000
0 0.451875 0.482500 0.061250 0.075000
0 0.614062 0.714167 0.058125 0.075000
0 0.185625 0.738333 0.056250 0.085000
0 0.240000 0.355833 0.072500 0.078333
1 0.109375 0.270833 0.085000 0.110000
0 0.723437 0.483750 0.069375 0.075833
0 0.082812 0.714167 0.061875 0.115000
0 0.329688 0.065833 0.058125 0.071667
0 0.604375 0.042500 0.062500 0.070000
0 0.704063 0.152917 0.049375 0.080833
0 0.153125 0.045000 0.051250 0.078333
0 0.974375 0.785000 0.048750 0.096667
1 0.116875 0.772500 0.093750 0.100000
0 0.610000 0.961250 0.053750 0.077500
