0 0.058750 0.742083 0.076250 0.094167
0 0.961562 0.206250 0.069375 0.100833
0 0.155312 0.168333 0.063125 0.091667
0 0.639375 0.431250 0.073750 0.097500
0 0.570312 0.376250 0.085625 0.112500
0 0.558438 0.265000 0.081875 0.105000
0 0.546250 0.911667 0.080000 0.091667
0 0.828438 0.254167 0.078125 0.118333
0 0.264062 0.658750 0.066875 0.087500
0 0.448437 0.068750 0.079375 0.112500
0 0.870000 0.115000 0.073750 0.110000
0 0.808438 0.064167 0.073125 0.098333
0 0.739375 0.089167 0.070000 0.101667
0 0.715938 0.320000 0.075625 0.105000
0 0.472813 0.520417 0.083125 0.120833
0 0.477187 0.269167 0.069375 0.101667
0 0.824688 0.424583 0.069375 0.102500
0 0.383125 0.171667 0.083750 0.095000
0 0.782188 0.896667 0.070625 0.096667
0 0.226250 0.586667 0.068750 0.096667
0 0.094062 0.838750 0.083125 0.102500
0 0.899375 0.658333 0.080000 0.093333
0 0.857500 0.867500 0.080000 0.106667
0 0.182812 0.252917 0.075625 0.094167
0 0.964688 0.377917 0.070625 0.104167
0 0.149688 0.712500 0.061875 0.095000
0 0.405625 0.663333 0.077500 0.101667
0 0.495000 0.638333 0.082500 0.098333
0 0.536875 0.810417 0.076250 0.090833
0 0.749687 0.217917 0.076875 0.100833
0 0.639687 0.196250 0.071875 0.104167
0 0.236875 0.765000 0.078750 0.108333
0 0.119688 0.395417 0.078125 0.099167
0 0.090000 0.104167 0.073750 0.095000
0 0.389062 0.275417 0.075625 0.110833
0 0.043750 0.182917 0.075000 0.099167
0 0.330000 0.353750 0.073750 0.119167
0 0.897813 0.347083 0.069375 0.090833
0 0.063750 0.528750 0.065000 0.114167
0 0.335938 0.736667 0.078125 0.101667
0 0.100000 0.582917 0.076250 0.087500
0 0.385313 0.869583 0.078125 0.102500
0 0.504062 0.437083 0.074375 0.117500
0 0.923438 0.621667 0.065625 0.123333
0 0.882812 0.733333 0.079375 0.098333
0 0.186250 0.360417 0.060000 0.129167
0 0.086250 0.690833 0.066250 0.105000
0 0.228125 0.275000 0.056250 0.103333
