0 0.948750 0.350833 0.077500 0.093333
0 0.689688 0.422917 0.076875 0.104167
0 0.668750 0.910833 0.067500 0.083333
0 0.797813 0.934167 0.070625 0.098333
0 0.512813 0.808333 0.081875 0.103333
0 0.811562 0.253333 0.075625 0.105000
0 0.096875 0.339583 0.068750 0.090833
0 0.890625 0.555000 0.063750 0.078333
0 0.937187 0.825833 0.076875 0.096667
0 0.115937 0.953333 0.069375 0.075000
0 0.053437 0.762500 0.069375 0.081667
0 0.203437 0.870833 0.075625 0.083333
0 0.952500 0.467083 0.080000 0.097500
0 0.217500 0.780833 0.081250 0.098333
0 0.622812 0.150417 0.066875 0.099167
0 0.386250 0.728750 0.067500 0.082500
0 0.783438 0.807500 0.053125 0.081667
0 0.120938 0.796667 0.079375 0.096667
0 0.285313 0.757083 0.076875 0.085833
0 0.256250 0.711667 0.063750 0.080000
0 0.879062 0.907083 0.066875 0.085833
0 0.389375 0.379583 0.080000 0.105833
0 0.052812 0.155833 0.073125 0.093333
0 0.570937 0.111667 0.064375 0.081667
0 0.138750 0.668750 0.060000 0.079167
0 0.305625 0.587083 0.080000 0.099167
0 0.179063 0.536667 0.069375 0.090000
0 0.340938 0.922083 0.070625 0.082500
0 0.605000 0.242083 0.076250 0.102500
0 0.675625 0.235833 0.081250 0.105000
0 0.811250 0.337500 0.072500 0.096667
0 0.401250 0.862500 0.067500 0.091667
0 0.322500 0.677500 0.066250 0.078333
5 0.905625 0.747083 0.078750 0.095833
0 0.335625 0.247083 0.071250 0.104167
0 0.294375 0.189167 0.078750 0.098333
0 0.605938 0.590000 0.075625 0.103333
0 0.757812 0.392083 0.071875 0.080833
0 0.183125 0.942083 0.072500 0.082500
0 0.507812 0.110833 0.080625 0.098333
0 0.151875 0.727917 0.067500 0.080833
0 0.557813 0.500000 0.071875 0.098333
0 0.134375 0.879167 0.065000 0.076667
0 0.660312 0.770833 0.071875 0.101667
6 0.314688 0.848750 0.086875 0.110833
0 0.733125 0.304583 0.073750 0.089167
0 0.748437 0.888333 0.073125 0.085000
0 0.067812 0.605417 0.079375 0.105833
0 0.368437 0.551667 0.071875 0.078333
0 0.676250 0.681667 0.062500 0.083333
0 0.873437 0.833333 0.079375 0.105000
0 0.091250 0.697083 0.060000 0.074167
0 0.457188 0.837500 0.076875 0.093333
1 0.940937 0.648333 0.091875 0.106667
0 0.702500 0.790417 0.073750 0.112500
0 0.709063 0.333750 0.068125 0.092500
0 0.034688 0.043750 0.054375 0.087500
0 0.129062 0.871250 0.056875 0.065833
1 0.067500 0.857083 0.083750 0.132500
0 0.546875 0.405417 0.067500 0.100833
0 0.906250 0.242500 0.105000 0.083333
0 0.703438 0.865000 0.074375 0.100000
0 0.570937 0.600833 0.064375 0.095000
1 0.735000 0.532083 0.096250 0.105833
4 0.389375 0.623750 0.080000 0.119167
0 0.233125 0.055833 0.077500 0.106667
0 0.045937 0.373750 0.054375 0.064167
0 0.076250 0.492083 0.071250 0.097500
0 0.130938 0.560417 0.076875 0.090833
0 0.745625 0.487083 0.060000 0.089167
0 0.772500 0.636250 0.065000 0.092500
0 0.372188 0.541250 0.074375 0.064167
0 0.782813 0.656250 0.065625 0.085833
1 0.620313 0.668333 0.088125 0.106667
1 0.073438 0.440000 0.088125 0.125000
0 0.501250 0.376250 0.061250 0.107500
0 0.620313 0.730833 0.066875 0.071667
0 0.078125 0.150417 0.073750 0.087500
