0 0.614375 0.447500 0.066250 0.088333
0 0.388750 0.158333 0.080000 0.085000
0 0.674375 0.291667 0.076250 0.098333
0 0.186875 0.357917 0.072500 0.092500
0 0.731875 0.172083 0.060000 0.085833
0 0.729062 0.057500 0.064375 0.086667
0 0.701875 0.753750 0.082500 0.089167
0 0.683438 0.612917 0.066875 0.079167
0 0.234687 0.155417 0.069375 0.092500
0 0.342813 0.386250 0.058125 0.075833
0 0.907500 0.797500 0.067500 0.083333
0 0.476875 0.760417 0.072500 0.097500
0 0.843437 0.382917 0.068125 0.084167
0 0.433125 0.654167 0.070000 0.095000
0 0.059062 0.227917 0.070625 0.090833
0 0.073750 0.459583 0.068750 0.099167
0 0.654375 0.177917 0.073750 0.090833
0 0.293750 0.279583 0.073750 0.094167
0 0.085938 0.375000 0.059375 0.076667
0 0.567813 0.385417 0.069375 0.089167
0 0.562813 0.881250 0.070625 0.087500
0 0.384375 0.862500 0.062500 0.093333
0 0.827187 0.544167 0.069375 0.081667
0 0.328750 0.471250 0.060000 0.079167
0 0.899375 0.232500 0.075000 0.073333
0 0.795312 0.891250 0.065625 0.089167
0 0.689375 0.374583 0.057500 0.075833
0 0.235313 0.895417 0.070625 0.097500
0 0.077500 0.604167 0.065000 0.078333
0 0.329375 0.707917 0.065000 0.090833
0 0.630313 0.844583 0.069375 0.084167
0 0.108125 0.822083 0.056250 0.080833
0 0.182188 0.620417 0.061875 0.095833
0 0.664375 0.929583 0.068750 0.080833
0 0.684688 0.503750 0.058125 0.077500
0 0.775312 0.803333 0.065625 0.085000
0 0.909375 0.163333 0.065000 0.066667
0 0.551875 0.116667 0.065000 0.088333
0 0.502812 0.254167 0.068125 0.083333
0 0.499688 0.965417 0.050625 0.067500
0 0.128750 0.481667 0.050000 0.081667
0 0.459375 0.915417 0.060000 0.074167
0 0.564688 0.675417 0.061875 0.077500
0 0.127812 0.201667 0.049375 0.091667
0 0.232813 0.229583 0.070625 0.075833
0 0.956562 0.427500 0.063125 0.083333
0 0.185000 0.708333 0.063750 0.083333
0 0.691250 0.835000 0.062500 0.071667
0 0.318750 0.933333 0.056250 0.076667
1 0.410000 0.482083 0.077500 0.099167
0 0.810000 0.611667 0.057500 0.068333
0 0.840938 0.191250 0.061875 0.080833
0 0.790937 0.075000 0.060625 0.085000
0 0.874687 0.042500 0.053125 0.076667
0 0.472813 0.114167 0.053125 0.073333
0 0.427812 0.572917 0.061875 0.069167
0 0.926875 0.957500 0.056250 0.068333
0 0.886563 0.885833 0.066875 0.080000
0 0.063437 0.813750 0.053125 0.079167
0 0.942500 0.486667 0.061250 0.080000
4 0.454375 0.440833 0.083750 0.110000
0 0.846875 0.886250 0.055000 0.079167
0 0.108125 0.274583 0.061250 0.069167
0 0.568438 0.504167 0.051875 0.080000
0 0.836250 0.115000 0.072500 0.083333
0 0.904375 0.714583 0.051250 0.070833
0 0.295000 0.870000 0.048750 0.070000
0 0.487500 0.682500 0.053750 0.076667
0 0.845625 0.686667 0.066250 0.088333
0 0.727500 0.688750 0.052500 0.067500
0 0.589688 0.601667 0.051875 0.070000
0 0.941562 0.181667 0.063125 0.060000
0 0.531875 0.809583 0.055000 0.077500
0 0.451875 0.836250 0.053750 0.070833
0 0.535937 0.315833 0.053125 0.088333
0 0.860313 0.122500 0.058125 0.071667
0 0.350625 0.311250 0.050000 0.064167
0 0.442188 0.105000 0.048125 0.070000
0 0.145625 0.655417 0.053750 0.075833
0 0.944688 0.675417 0.048125 0.062500
0 0.956562 0.724167 0.046875 0.058333
0 0.297500 0.710000 0.056250 0.068333
0 0.044375 0.958333 0.052500 0.081667
