0 0.200937 0.276667 0.075625 0.105000
0 0.829375 0.301667 0.081250 0.108333
0 0.558750 0.649167 0.070000 0.098333
0 0.590313 0.366667 0.069375 0.090000
0 0.945625 0.147917 0.073750 0.107500
0 0.490000 0.079167 0.067500 0.093333
0 0.772500 0.441250 0.075000 0.102500
0 0.263125 0.185417 0.068750 0.092500
0 0.343438 0.833750 0.083125 0.110833
0 0.716875 0.791667 0.075000 0.105000
0 0.459688 0.627083 0.068125 0.097500
0 0.662188 0.327500 0.075625 0.101667
0 0.351875 0.250000 0.073750 0.106667
0 0.785937 0.233750 0.073125 0.099167
0 0.074688 0.138333 0.080625 0.108333
0 0.044062 0.472500 0.088125 0.113333
0 0.263750 0.791667 0.078750 0.106667
0 0.851562 0.376667 0.089375 0.105000
