0 0.660000 0.058750 0.077500 0.097500
0 0.900000 0.475000 0.077500 0.090000
0 0.715938 0.446250 0.074375 0.102500
0 0.611875 0.858750 0.077500 0.104167
0 0.897813 0.754167 0.058125 0.105000
0 0.709063 0.562917 0.078125 0.095833
0 0.773125 0.945417 0.070000 0.107500
0 0.405000 0.495417 0.063750 0.075833
0 0.082812 0.522917 0.080625 0.110833
0 0.762813 0.066250 0.078125 0.095833
0 0.648750 0.409583 0.085000 0.117500
0 0.815000 0.160417 0.081250 0.102500
0 0.333437 0.226250 0.076875 0.100833
0 0.919687 0.580417 0.085625 0.100833
0 0.130312 0.467083 0.079375 0.104167
0 0.920000 0.245417 0.062500 0.092500
0 0.956250 0.756667 0.057500 0.105000
0 0.231875 0.195417 0.075000 0.102500
0 0.165937 0.360000 0.068125 0.091667
0 0.412500 0.187500 0.078750 0.105000
0 0.585938 0.947500 0.066875 0.086667
0 0.356875 0.411667 0.075000 0.108333
0 0.254063 0.397500 0.079375 0.118333
0 0.785625 0.493750 0.070000 0.097500
0 0.545000 0.323333 0.085000 0.101667
0 0.494688 0.429583 0.075625 0.104167
0 0.927188 0.047917 0.066875 0.087500
0 0.516563 0.857083 0.076875 0.109167
0 0.162500 0.207083 0.075000 0.109167
0 0.200000 0.057500 0.062500 0.103333
0 0.530625 0.599583 0.073750 0.097500
0 0.783438 0.651250 0.076875 0.110833
0 0.473438 0.516250 0.080625 0.105833
0 0.434375 0.572083 0.065000 0.095833
0 0.144063 0.867083 0.084375 0.095833
0 0.755313 0.158333 0.080625 0.110000
0 0.171875 0.571667 0.065000 0.106667
0 0.796250 0.790833 0.078750 0.100000
0 0.706875 0.943333 0.071250 0.098333
0 0.600313 0.670000 0.068125 0.106667
0 0.470938 0.891250 0.088125 0.097500
0 0.866563 0.639583 0.068125 0.107500
0 0.287187 0.927500 0.094375 0.108333
0 0.235000 0.617083 0.075000 0.102500
0 0.172500 0.145000 0.080000 0.100000
0 0.274062 0.535000 0.090625 0.111667
0 0.745000 0.772500 0.082500 0.125000
0 0.087500 0.218333 0.065000 0.106667
0 0.698125 0.697500 0.083750 0.106667
0 0.336875 0.485417 0.077500 0.100833
0 0.200937 0.469583 0.068125 0.105833
0 0.858125 0.093333 0.083750 0.101667
0 0.066562 0.865833 0.064375 0.096667
0 0.611563 0.140833 0.088125 0.098333
0 0.855313 0.053750 0.074375 0.105833
0 0.085938 0.170000 0.066875 0.081667
0 0.063437 0.122500 0.073125 0.091667
