0 0.888437 0.442917 0.073125 0.095833
0 0.238750 0.701250 0.082500 0.102500
0 0.086875 0.717083 0.073750 0.100833
0 0.723437 0.474167 0.066875 0.093333
0 0.685937 0.947083 0.078125 0.100833
0 0.462187 0.096667 0.074375 0.101667
0 0.104375 0.217500 0.062500 0.085000
0 0.242812 0.147917 0.074375 0.110833
0 0.360938 0.867917 0.076875 0.092500
0 0.135313 0.356250 0.076875 0.102500
0 0.656250 0.707083 0.072500 0.097500
0 0.102500 0.946250 0.081250 0.090833
0 0.665937 0.421250 0.075625 0.102500
0 0.696562 0.568333 0.075625 0.101667
0 0.765938 0.335417 0.068125 0.107500
0 0.862500 0.340000 0.077500 0.096667
0 0.844063 0.139167 0.076875 0.098333
0 0.651563 0.262917 0.073125 0.107500
2 0.474375 0.734167 0.081250 0.140000
0 0.307812 0.750833 0.071875 0.108333
0 0.777188 0.568750 0.066875 0.087500
0 0.807187 0.749583 0.076875 0.104167
0 0.229687 0.912083 0.069375 0.092500
0 0.317500 0.088333 0.077500 0.098333
0 0.462187 0.477500 0.071875 0.100000
0 0.575625 0.706250 0.067500 0.094167
0 0.511563 0.046250 0.075625 0.090833
0 0.275000 0.594583 0.073750 0.095833
0 0.954063 0.380833 0.079375 0.108333
0 0.355938 0.336250 0.080625 0.107500
0 0.313437 0.250833 0.079375 0.091667
0 0.626563 0.532917 0.079375 0.117500
0 0.209063 0.628750 0.064375 0.100833
0 0.452188 0.935417 0.073125 0.112500
0 0.730625 0.834167 0.078750 0.103333
0 0.494688 0.312500 0.078125 0.106667
0 0.280313 0.505000 0.074375 0.098333
0 0.740938 0.720417 0.065625 0.082500
0 0.055625 0.050000 0.071250 0.098333
0 0.225000 0.542500 0.078750 0.086667
0 0.701875 0.295833 0.062500 0.130000
0 0.325000 0.935000 0.075000 0.106667
0 0.145000 0.728750 0.052500 0.084167
