0 0.552813 0.329583 0.074375 0.105833
0 0.496250 0.717917 0.073750 0.110833
0 0.568750 0.907083 0.062500 0.077500
0 0.845313 0.925417 0.060625 0.092500
0 0.680000 0.940417 0.065000 0.089167
0 0.442188 0.302500 0.061875 0.088333
0 0.906875 0.390417 0.056250 0.079167
0 0.143437 0.674167 0.066875 0.106667
0 0.153125 0.417500 0.073750 0.110000
0 0.704063 0.152500 0.058125 0.083333
0 0.270000 0.685000 0.072500 0.083333
0 0.254688 0.773750 0.061875 0.080833
0 0.096250 0.334583 0.073750 0.092500
0 0.831250 0.453333 0.055000 0.081667
0 0.912813 0.268750 0.066875 0.099167
0 0.845313 0.603333 0.066875 0.096667
0 0.353750 0.425417 0.068750 0.099167
0 0.697812 0.622500 0.053125 0.095000
0 0.602500 0.615000 0.065000 0.078333
0 0.870625 0.835417 0.067500 0.069167
0 0.080937 0.715417 0.069375 0.100833
0 0.605625 0.792500 0.053750 0.095000
0 0.910000 0.638333 0.065000 0.098333
0 0.107188 0.777500 0.070625 0.078333
0 0.747812 0.123750 0.065625 0.095833
0 0.620625 0.134583 0.066250 0.085833
0 0.310000 0.670417 0.066250 0.090833
0 0.875313 0.737917 0.049375 0.090833
0 0.950313 0.465417 0.074375 0.085833
0 0.072813 0.589167 0.071875 0.108333
0 0.372500 0.290833 0.073750 0.090000
0 0.504375 0.375000 0.070000 0.093333
0 0.276250 0.880417 0.071250 0.084167
0 0.318125 0.067083 0.068750 0.087500
0 0.375000 0.580000 0.067500 0.095000
0 0.399687 0.093333 0.069375 0.090000
0 0.549375 0.551250 0.073750 0.089167
0 0.309688 0.568333 0.065625 0.098333
0 0.080625 0.468333 0.076250 0.095000
0 0.789687 0.671667 0.065625 0.070000
0 0.629375 0.534167 0.073750 0.090000
0 0.672188 0.055417 0.059375 0.072500
0 0.943750 0.127917 0.080000 0.082500
0 0.546875 0.832083 0.060000 0.102500
0 0.102813 0.909167 0.070625 0.091667
0 0.675937 0.730417 0.065625 0.097500
0 0.344062 0.753750 0.071875 0.082500
0 0.045000 0.142917 0.063750 0.084167
0 0.047813 0.840417 0.065625 0.102500
0 0.125312 0.098750 0.059375 0.090833
0 0.428750 0.416667 0.058750 0.096667
0 0.341875 0.160000 0.062500 0.083333
0 0.492188 0.472917 0.074375 0.100833
0 0.741250 0.787083 0.083750 0.089167
0 0.782813 0.535000 0.070625 0.083333
0 0.484063 0.139167 0.075625 0.093333
0 0.250000 0.215833 0.076250 0.115000
0 0.770312 0.849583 0.066875 0.092500
0 0.372188 0.922083 0.076875 0.110833
0 0.530000 0.636250 0.063750 0.087500
0 0.769687 0.233333 0.070625 0.090000
0 0.538438 0.040833 0.068125 0.075000
0 0.338125 0.378750 0.065000 0.107500
0 0.237500 0.575417 0.058750 0.097500
0 0.885938 0.185417 0.071875 0.092500
0 0.821875 0.076667 0.066250 0.088333
0 0.169063 0.872083 0.071875 0.092500
0 0.894687 0.535000 0.055625 0.091667
0 0.190312 0.283333 0.074375 0.105000
0 0.693750 0.485417 0.061250 0.095833
0 0.811875 0.574167 0.063750 0.096667
0 0.671250 0.210833 0.066250 0.085000
0 0.849375 0.197500 0.070000 0.086667
0 0.740000 0.382083 0.057500 0.099167
0 0.765625 0.492500 0.067500 0.095000
0 0.935312 0.717500 0.063125 0.086667
0 0.402187 0.825000 0.053125 0.106667
0 0.847187 0.363750 0.059375 0.087500
0 0.146563 0.574167 0.061875 0.076667
0 0.183750 0.510417 0.085000 0.092500
0 0.470313 0.557917 0.069375 0.084167
0 0.363750 0.532083 0.067500 0.090833
0 0.409687 0.160000 0.065625 0.073333
0 0.189688 0.045417 0.058125 0.070833
0 0.278125 0.113750 0.066250 0.080833
0 0.167500 0.191667 0.080000 0.085000
0 0.502812 0.230833 0.059375 0.090000
0 0.949375 0.803333 0.063750 0.081667
0 0.894687 0.073333 0.055625 0.081667
0 0.225312 0.127500 0.063125 0.091667
0 0.435937 0.650000 0.063125 0.076667
0 0.279687 0.067500 0.073125 0.088333
0 0.968125 0.359583 0.062500 0.090833
0 0.811562 0.404583 0.049375 0.084167
0 0.085312 0.237083 0.075625 0.095833
0 0.344375 0.868333 0.067500 0.086667
0 0.098437 0.504167 0.054375 0.081667
0 0.130000 0.530417 0.065000 0.092500
0 0.187188 0.834583 0.063125 0.087500
0 0.124375 0.920833 0.060000 0.090000
0 0.112187 0.811667 0.058125 0.080000
0 0.257188 0.522917 0.054375 0.097500
0 0.281562 0.481250 0.056875 0.089167
0 0.663750 0.770417 0.050000 0.092500
0 0.828125 0.840000 0.070000 0.088333
0 0.865625 0.940833 0.060000 0.076667
0 0.933750 0.872083 0.050000 0.087500
0 0.892813 0.682917 0.063125 0.082500
0 0.766250 0.646667 0.058750 0.073333
0 0.674375 0.616667 0.071250 0.093333
0 0.615000 0.720000 0.065000 0.073333
0 0.461562 0.453333 0.056875 0.086667
0 0.351875 0.317083 0.058750 0.100833
0 0.035625 0.337917 0.060000 0.074167
0 0.678750 0.246250 0.057500 0.085833
0 0.535625 0.137500 0.091250 0.091667
0 0.403125 0.212917 0.071250 0.060833
0 0.375000 0.195417 0.063750 0.082500
0 0.698750 0.313333 0.057500 0.101667
0 0.760938 0.287500 0.066875 0.091667
0 0.912813 0.099167 0.060625 0.080000
0 0.902813 0.037917 0.068125 0.069167
0 0.825000 0.182917 0.056250 0.079167
0 0.855000 0.326667 0.067500 0.078333
0 0.873125 0.226250 0.071250 0.087500
0 0.897188 0.487500 0.065625 0.076667
0 0.703125 0.520833 0.048750 0.085000
0 0.620000 0.495000 0.062500 0.076667
0 0.632188 0.345833 0.073125 0.090000
0 0.656875 0.384167 0.060000 0.093333
0 0.575000 0.220833 0.056250 0.080000
0 0.546250 0.228750 0.058750 0.084167
0 0.458750 0.317500 0.062500 0.078333
0 0.215000 0.410417 0.055000 0.092500
0 0.167813 0.128333 0.061875 0.066667
0 0.217188 0.035000 0.059375 0.070000
0 0.316563 0.851250 0.073125 0.075833
0 0.426250 0.957500 0.070000 0.078333
0 0.242812 0.875417 0.054375 0.082500
0 0.272188 0.765417 0.061875 0.072500
0 0.507812 0.620000 0.058125 0.075000
0 0.411562 0.694167 0.065625 0.078333
0 0.426563 0.731250 0.064375 0.072500
1 0.489375 0.816667 0.070000 0.093333
0 0.468438 0.865833 0.071875 0.085000
0 0.775625 0.327917 0.082500 0.087500
0 0.442188 0.789583 0.053125 0.074167
0 0.605000 0.838750 0.047500 0.089167
0 0.441250 0.545417 0.060000 0.085833
0 0.325000 0.516250 0.056250 0.084167
0 0.462813 0.637083 0.065625 0.077500
0 0.792188 0.066667 0.053125 0.071667
0 0.170313 0.513333 0.065625 0.078333
0 0.142187 0.392500 0.066875 0.091667
0 0.134375 0.222083 0.086250 0.074167
0 0.123438 0.047917 0.055625 0.072500
0 0.263750 0.425833 0.078750 0.081667
0 0.034375 0.798333 0.068750 0.083333
0 0.432188 0.877083 0.049375 0.074167
