0 0.148438 0.186667 0.073125 0.090000
0 0.596875 0.685833 0.072500 0.080000
0 0.509687 0.369167 0.080625 0.083333
0 0.559375 0.555417 0.070000 0.105833
0 0.248125 0.342500 0.068750 0.070000
0 0.437500 0.609583 0.066250 0.095833
0 0.742500 0.596667 0.060000 0.105000
0 0.810312 0.103333 0.070625 0.093333
0 0.616875 0.619167 0.070000 0.088333
0 0.782813 0.886667 0.061875 0.106667
0 0.065000 0.711667 0.072500 0.096667
0 0.690937 0.667500 0.069375 0.093333
0 0.111875 0.870417 0.071250 0.089167
0 0.710938 0.500417 0.070625 0.090833
0 0.630313 0.761667 0.071875 0.103333
0 0.946562 0.685000 0.065625 0.110000
0 0.693750 0.295833 0.066250 0.076667
0 0.276562 0.897917 0.061875 0.107500
0 0.045000 0.362500 0.077500 0.085000
0 0.531563 0.170000 0.065625 0.095000
0 0.302812 0.236250 0.054375 0.095833
0 0.364687 0.540833 0.074375 0.101667
0 0.237500 0.094167 0.067500 0.083333
0 0.204063 0.824167 0.058125 0.088333
0 0.783438 0.378750 0.058125 0.095833
0 0.741875 0.446250 0.065000 0.090833
0 0.208437 0.207500 0.076875 0.113333
0 0.622500 0.141667 0.065000 0.103333
0 0.064687 0.484583 0.070625 0.104167
0 0.895625 0.664583 0.056250 0.119167
0 0.928750 0.841667 0.071250 0.103333
0 0.956875 0.413333 0.058750 0.115000
0 0.342813 0.835833 0.060625 0.091667
0 0.429688 0.107500 0.071875 0.105000
0 0.497188 0.485833 0.063125 0.108333
0 0.371250 0.120000 0.063750 0.096667
0 0.110937 0.675000 0.069375 0.110000
0 0.533125 0.770833 0.062500 0.115000
0 0.759062 0.232083 0.070625 0.107500
0 0.680000 0.150000 0.057500 0.080000
0 0.447813 0.790833 0.056875 0.118333
0 0.911250 0.359167 0.075000 0.113333
0 0.582500 0.460417 0.060000 0.119167
0 0.624062 0.368333 0.075625 0.111667
0 0.399062 0.820833 0.063125 0.113333
0 0.965625 0.064583 0.060000 0.085833
0 0.362812 0.185833 0.060625 0.105000
0 0.723750 0.869583 0.051250 0.120833
0 0.750000 0.071667 0.062500 0.093333
0 0.439688 0.187500 0.065625 0.071667
0 0.194062 0.092500 0.058125 0.113333
0 0.530937 0.680417 0.043125 0.132500
0 0.485938 0.791667 0.055625 0.111667
0 0.285313 0.470417 0.115625 0.110833
0 0.811250 0.365000 0.053750 0.120000
0 0.174063 0.522917 0.080625 0.112500
0 0.490000 0.252917 0.058750 0.139167
0 0.271250 0.845417 0.048750 0.087500
0 0.112500 0.460417 0.060000 0.107500
0 0.859062 0.229583 0.043125 0.154167
0 0.734375 0.185417 0.051250 0.090833
0 0.876875 0.337500 0.046250 0.150000
0 0.710938 0.254167 0.064375 0.095000
0 0.970000 0.172500 0.058750 0.115000
0 0.333125 0.431667 0.095000 0.096667
0 0.322813 0.856667 0.070625 0.151667
0 0.217188 0.822500 0.060625 0.106667
0 0.930000 0.174167 0.062500 0.105000
0 0.491250 0.195833 0.062500 0.145000
0 0.317500 0.228750 0.060000 0.114167
0 0.692187 0.128750 0.046875 0.150833
0 0.381563 0.245417 0.063125 0.140833
0 0.579063 0.049583 0.066875 0.095833
