0 0.685312 0.449583 0.064375 0.095833
0 0.604062 0.617500 0.064375 0.098333
0 0.498750 0.370417 0.063750 0.094167
0 0.729688 0.770000 0.073125 0.088333
0 0.411562 0.393333 0.061875 0.106667
0 0.660937 0.119167 0.068125 0.088333
0 0.718437 0.051250 0.064375 0.090833
0 0.670312 0.628333 0.069375 0.115000
0 0.663750 0.317083 0.071250 0.100833
0 0.414375 0.295000 0.073750 0.096667
0 0.935000 0.395417 0.081250 0.087500
0 0.487812 0.556250 0.074375 0.074167
0 0.446875 0.484167 0.071250 0.115000
0 0.575313 0.392917 0.078125 0.105833
0 0.522188 0.492500 0.079375 0.100000
0 0.091563 0.327500 0.080625 0.075000
0 0.480625 0.759167 0.070000 0.100000
0 0.741875 0.340417 0.080000 0.100833
0 0.570937 0.568750 0.054375 0.084167
0 0.943125 0.484167 0.083750 0.095000
0 0.958438 0.952083 0.064375 0.077500
0 0.912500 0.863333 0.070000 0.080000
0 0.365938 0.554167 0.063125 0.088333
0 0.163438 0.722083 0.090625 0.082500
0 0.516563 0.214167 0.069375 0.091667
0 0.286875 0.309167 0.072500 0.101667
0 0.453750 0.636250 0.071250 0.100833
0 0.624687 0.499167 0.084375 0.095000
0 0.257500 0.805833 0.067500 0.110000
0 0.574688 0.247500 0.063125 0.088333
0 0.192812 0.514167 0.065625 0.101667
0 0.193438 0.814583 0.070625 0.089167
0 0.307500 0.069583 0.063750 0.112500
0 0.540937 0.322917 0.074375 0.100833
0 0.732500 0.856250 0.070000 0.097500
0 0.860938 0.250417 0.065625 0.127500
0 0.532500 0.612917 0.073750 0.087500
0 0.631563 0.246667 0.065625 0.100000
0 0.225000 0.264583 0.090000 0.075833
0 0.813438 0.296667 0.069375 0.108333
0 0.137500 0.199583 0.076250 0.069167
0 0.710000 0.181250 0.063750 0.114167
0 0.414375 0.042083 0.067500 0.072500
0 0.261562 0.194167 0.071875 0.076667
0 0.219062 0.166667 0.078125 0.070000
0 0.354375 0.235000 0.078750 0.096667
0 0.242500 0.102917 0.088750 0.072500
0 0.130000 0.930417 0.053750 0.092500
0 0.272813 0.943750 0.056875 0.100833
0 0.233750 0.913333 0.053750 0.120000
0 0.243125 0.594583 0.087500 0.077500
0 0.374063 0.167917 0.080625 0.099167
0 0.805937 0.860000 0.074375 0.108333
0 0.884687 0.311667 0.080625 0.111667
0 0.210938 0.440417 0.079375 0.105833
0 0.541562 0.713750 0.068125 0.100833
0 0.452188 0.176667 0.079375 0.086667
0 0.966250 0.715417 0.066250 0.080833
0 0.788125 0.245000 0.077500 0.098333
0 0.912813 0.707500 0.076875 0.121667
0 0.076875 0.203333 0.098750 0.093333
0 0.867500 0.895000 0.071250 0.103333
0 0.103125 0.866667 0.080000 0.080000
0 0.300625 0.717500 0.088750 0.103333
0 0.232813 0.675000 0.065625 0.096667
0 0.108125 0.131250 0.082500 0.079167
0 0.177500 0.642500 0.078750 0.090000
0 0.823438 0.949167 0.070625 0.100000
0 0.671562 0.208333 0.074375 0.096667
0 0.927188 0.750417 0.066875 0.060833
0 0.500938 0.678750 0.066875 0.089167
0 0.154062 0.279167 0.085625 0.078333
0 0.284687 0.549167 0.079375 0.088333
0 0.530000 0.129583 0.073750 0.092500
0 0.214062 0.334583 0.074375 0.085833
0 0.281250 0.651250 0.091250 0.087500
0 0.065625 0.047500 0.068750 0.095000
0 0.106563 0.256667 0.078125 0.080000
0 0.388437 0.925000 0.089375 0.108333
0 0.068437 0.927083 0.081875 0.079167
0 0.943125 0.791250 0.085000 0.090833
0 0.596250 0.118333 0.072500 0.091667
0 0.035937 0.394167 0.071875 0.093333
0 0.118438 0.519583 0.065625 0.105833
0 0.746563 0.136250 0.055625 0.095833
0 0.101875 0.455000 0.061250 0.091667
0 0.515625 0.086667 0.077500 0.075000
0 0.435000 0.134167 0.072500 0.090000
0 0.838437 0.377083 0.065625 0.080833
0 0.541875 0.922500 0.070000 0.105000
0 0.157188 0.451250 0.068125 0.099167
0 0.065000 0.493333 0.061250 0.113333
0 0.149062 0.362917 0.086875 0.074167
0 0.188750 0.393333 0.071250 0.081667
0 0.572812 0.168750 0.085625 0.085833
0 0.321875 0.202083 0.050000 0.110833
