0 0.320937 0.152083 0.064375 0.090833
0 0.241250 0.811250 0.061250 0.080833
0 0.798750 0.099583 0.060000 0.087500
0 0.863437 0.386667 0.069375 0.098333
0 0.330000 0.630833 0.065000 0.088333
0 0.090625 0.917083 0.061250 0.085833
0 0.097812 0.172500 0.068125 0.081667
0 0.472187 0.192083 0.064375 0.085833
0 0.217812 0.257500 0.069375 0.090000
0 0.884062 0.773333 0.064375 0.085000
0 0.819375 0.277083 0.068750 0.075833
0 0.219688 0.708750 0.069375 0.082500
0 0.558750 0.104583 0.060000 0.092500
0 0.211875 0.098333 0.068750 0.096667
0 0.643125 0.130417 0.062500 0.089167
0 0.263125 0.195833 0.067500 0.086667
0 0.491563 0.790833 0.066875 0.085000
0 0.717500 0.668750 0.075000 0.099167
0 0.818125 0.538750 0.057500 0.085833
0 0.471562 0.525000 0.066875 0.088333
0 0.129375 0.715833 0.070000 0.090000
0 0.925937 0.547083 0.064375 0.084167
0 0.474062 0.845833 0.069375 0.086667
0 0.376563 0.408333 0.068125 0.085000
0 0.326875 0.532500 0.065000 0.081667
0 0.613750 0.405000 0.073750 0.101667
0 0.681875 0.520000 0.071250 0.098333
0 0.512188 0.650417 0.064375 0.089167
0 0.525000 0.443333 0.057500 0.075000
0 0.895938 0.677917 0.058125 0.090833
0 0.403750 0.192917 0.077500 0.097500
0 0.543125 0.896667 0.060000 0.085000
0 0.644687 0.790417 0.070625 0.090833
0 0.616563 0.313750 0.066875 0.080833
0 0.314375 0.360000 0.071250 0.093333
0 0.425625 0.793750 0.063750 0.090833
0 0.757500 0.510417 0.060000 0.099167
0 0.928125 0.465000 0.070000 0.080000
0 0.785000 0.766667 0.066250 0.096667
0 0.261875 0.597917 0.072500 0.090833
0 0.373750 0.847500 0.060000 0.083333
0 0.866250 0.235833 0.063750 0.086667
0 0.415000 0.892917 0.060000 0.094167
0 0.842187 0.201250 0.059375 0.072500
0 0.052812 0.355833 0.068125 0.080000
0 0.665625 0.731667 0.065000 0.086667
0 0.875938 0.683750 0.066875 0.082500
0 0.182188 0.830417 0.055625 0.080833
0 0.927500 0.936667 0.065000 0.100000
0 0.081875 0.677917 0.053750 0.080833
0 0.312188 0.302500 0.058125 0.086667
0 0.804375 0.665000 0.061250 0.113333
0 0.125625 0.336250 0.060000 0.099167
0 0.818125 0.799167 0.068750 0.085000
