0 0.166563 0.542917 0.066875 0.087500
0 0.126875 0.288333 0.063750 0.085000
0 0.934688 0.919583 0.074375 0.095833
0 0.539375 0.194167 0.057500 0.090000
0 0.533125 0.382917 0.067500 0.095833
0 0.846250 0.710000 0.072500 0.095000
0 0.253125 0.910417 0.067500 0.090833
0 0.254063 0.167500 0.079375 0.091667
0 0.463750 0.095000 0.077500 0.096667
0 0.895938 0.404583 0.066875 0.099167
0 0.689063 0.298333 0.068125 0.101667
0 0.273125 0.799167 0.061250 0.076667
0 0.079062 0.936250 0.065625 0.084167
0 0.749375 0.526667 0.060000 0.081667
0 0.786250 0.147500 0.056250 0.078333
0 0.480000 0.593333 0.077500 0.100000
0 0.593437 0.234167 0.059375 0.091667
0 0.075000 0.751667 0.061250 0.085000
0 0.935312 0.327500 0.060625 0.085000
0 0.819375 0.596250 0.076250 0.092500
0 0.118125 0.872083 0.075000 0.070833
0 0.116250 0.142917 0.066250 0.097500
0 0.188750 0.715417 0.066250 0.085833
0 0.505625 0.512500 0.072500 0.091667
0 0.722500 0.128333 0.062500 0.088333
0 0.189062 0.406667 0.064375 0.088333
0 0.530625 0.685417 0.063750 0.080833
0 0.085000 0.456667 0.063750 0.101667
0 0.541562 0.756667 0.070625 0.090000
0 0.628437 0.702500 0.070625 0.086667
0 0.202500 0.789167 0.053750 0.075000
0 0.371250 0.250833 0.068750 0.096667
0 0.499688 0.228333 0.070625 0.085000
0 0.100625 0.544167 0.062500 0.086667
0 0.413438 0.788750 0.078125 0.100833
0 0.635000 0.372083 0.077500 0.100833
0 0.409062 0.873750 0.061875 0.087500
0 0.827500 0.443750 0.072500 0.100833
0 0.465313 0.430833 0.069375 0.106667
0 0.908750 0.579583 0.055000 0.079167
0 0.447188 0.284583 0.075625 0.080833
0 0.659375 0.632083 0.066250 0.085833
0 0.365000 0.109583 0.063750 0.087500
0 0.056875 0.193750 0.068750 0.094167
0 0.672813 0.190000 0.061875 0.078333
0 0.743750 0.692917 0.061250 0.077500
0 0.553438 0.112083 0.066875 0.082500
0 0.538750 0.907500 0.068750 0.085000
0 0.344375 0.099583 0.063750 0.072500
0 0.126875 0.792083 0.055000 0.080833
0 0.083125 0.596250 0.060000 0.082500
0 0.170313 0.912917 0.069375 0.080833
0 0.351562 0.893750 0.065625 0.085833
0 0.781563 0.431667 0.054375 0.080000
0 0.890312 0.677917 0.069375 0.094167
0 0.733750 0.616667 0.062500 0.090000
1 0.306563 0.707917 0.103125 0.100833
0 0.961875 0.560000 0.058750 0.081667
0 0.205937 0.047917 0.059375 0.080833
0 0.334688 0.798333 0.081875 0.090000
0 0.147187 0.049167 0.051875 0.073333
0 0.056563 0.640417 0.066875 0.065833
0 0.331875 0.890417 0.061250 0.080833
0 0.250625 0.641250 0.060000 0.062500
1 0.213750 0.268750 0.096250 0.117500
0 0.883750 0.200417 0.065000 0.090833
0 0.308750 0.042500 0.066250 0.085000
