0 0.649062 0.565000 0.084375 0.091667
0 0.172813 0.382500 0.080625 0.100000
0 0.810625 0.420833 0.076250 0.101667
0 0.377812 0.592083 0.079375 0.104167
0 0.890000 0.342083 0.076250 0.099167
0 0.716562 0.805000 0.066875 0.096667
0 0.321250 0.260833 0.077500 0.100000
0 0.203125 0.168750 0.070000 0.097500
0 0.921562 0.787500 0.066875 0.101667
0 0.495937 0.070417 0.075625 0.100833
0 0.677813 0.667083 0.080625 0.107500
0 0.520625 0.544167 0.075000 0.098333
0 0.953438 0.550833 0.076875 0.081667
0 0.810937 0.538333 0.055625 0.106667
0 0.541562 0.235833 0.071875 0.103333
0 0.439688 0.484583 0.078125 0.099167
0 0.854062 0.740417 0.076875 0.092500
0 0.776563 0.162083 0.063125 0.110833
0 0.051875 0.226250 0.082500 0.102500
0 0.120313 0.112500 0.083125 0.098333
0 0.709688 0.185417 0.073125 0.100833
0 0.275625 0.866667 0.072500 0.103333
0 0.581562 0.946667 0.073125 0.093333
0 0.344375 0.465000 0.075000 0.106667
0 0.117813 0.945000 0.075625 0.103333
0 0.270000 0.239167 0.083750 0.123333
0 0.128125 0.401250 0.078750 0.099167
0 0.487812 0.404167 0.068125 0.103333
0 0.835000 0.829583 0.078750 0.089167
0 0.045312 0.389167 0.068125 0.098333
0 0.200937 0.725417 0.091875 0.107500
0 0.726250 0.075833 0.078750 0.100000
0 0.350625 0.352917 0.070000 0.095833
0 0.045625 0.935833 0.056250 0.085000
0 0.637813 0.846667 0.070625 0.113333
0 0.762500 0.560417 0.068750 0.094167
0 0.403438 0.220833 0.061875 0.083333
0 0.162188 0.050833 0.069375 0.088333
0 0.743750 0.295833 0.067500 0.100000
0 0.070000 0.588750 0.071250 0.100833
0 0.269375 0.574583 0.071250 0.100833
0 0.551875 0.427083 0.071250 0.094167
0 0.161562 0.289583 0.060625 0.085833
0 0.900625 0.910417 0.056250 0.082500
1 0.698750 0.364167 0.075000 0.161667
0 0.320625 0.372083 0.063750 0.087500
