0 0.527188 0.642917 0.064375 0.090833
0 0.244062 0.092083 0.066875 0.077500
0 0.779062 0.842917 0.071875 0.089167
0 0.370312 0.892917 0.069375 0.090833
0 0.723125 0.457500 0.060000 0.095000
0 0.204687 0.934167 0.064375 0.075000
0 0.250625 0.578750 0.067500 0.084167
0 0.777188 0.439167 0.069375 0.096667
0 0.078750 0.445833 0.066250 0.100000
0 0.158438 0.791667 0.079375 0.085000
0 0.403125 0.506250 0.075000 0.100833
0 0.913125 0.424583 0.086250 0.094167
0 0.605625 0.113750 0.075000 0.100833
0 0.419375 0.358750 0.080000 0.097500
0 0.587812 0.615833 0.069375 0.101667
0 0.626563 0.696667 0.079375 0.100000
0 0.651875 0.810000 0.061250 0.101667
0 0.823438 0.328333 0.079375 0.090000
0 0.287500 0.900417 0.075000 0.095833
0 0.189688 0.455000 0.069375 0.090000
0 0.132812 0.505000 0.055625 0.096667
0 0.700313 0.800000 0.069375 0.096667
0 0.925937 0.342500 0.089375 0.095000
0 0.914687 0.258333 0.080625 0.090000
0 0.049375 0.137500 0.080000 0.061667
0 0.369375 0.580833 0.076250 0.103333
0 0.340625 0.267083 0.090000 0.085833
0 0.278125 0.484167 0.092500 0.083333
0 0.423750 0.647500 0.078750 0.105000
3 0.063750 0.203333 0.083750 0.086667
3 0.216250 0.533333 0.090000 0.098333
0 0.143125 0.698333 0.080000 0.093333
