0 0.908125 0.313750 0.071250 0.090833
0 0.508125 0.857500 0.077500 0.100000
0 0.369375 0.533750 0.058750 0.082500
0 0.326562 0.816250 0.073125 0.092500
0 0.654375 0.842500 0.058750 0.075000
0 0.591250 0.807917 0.065000 0.089167
0 0.142500 0.061250 0.077500 0.085833
0 0.462187 0.301667 0.064375 0.076667
0 0.149688 0.431667 0.071875 0.093333
0 0.840625 0.763750 0.078750 0.104167
0 0.348750 0.097083 0.068750 0.095833
0 0.889375 0.910417 0.068750 0.087500
0 0.749375 0.107917 0.070000 0.077500
0 0.030625 0.799583 0.060000 0.092500
0 0.641250 0.234583 0.067500 0.102500
0 0.627188 0.492083 0.063125 0.090833
0 0.419687 0.236667 0.064375 0.083333
0 0.276562 0.375417 0.071875 0.089167
0 0.963437 0.201667 0.071875 0.095000
1 0.715000 0.910417 0.080000 0.102500
0 0.741563 0.166667 0.066875 0.098333
0 0.104063 0.661250 0.058125 0.080833
0 0.398750 0.939583 0.065000 0.085833
0 0.578438 0.423333 0.066875 0.088333
0 0.779375 0.834167 0.067500 0.100000
0 0.917500 0.132917 0.073750 0.102500
0 0.955313 0.632917 0.056875 0.075833
0 0.145937 0.522917 0.071875 0.085833
0 0.256563 0.455417 0.070625 0.090833
0 0.342500 0.644583 0.067500 0.082500
0 0.229063 0.630833 0.071875 0.098333
0 0.559375 0.554583 0.076250 0.085833
0 0.658125 0.369583 0.076250 0.087500
0 0.270937 0.279167 0.071875 0.083333
0 0.933438 0.710000 0.063125 0.081667
0 0.711250 0.449583 0.066250 0.082500
0 0.529375 0.044583 0.056250 0.077500
0 0.163125 0.917917 0.062500 0.080833
0 0.198750 0.389583 0.068750 0.089167
0 0.277187 0.117500 0.068125 0.093333
0 0.835313 0.413750 0.061875 0.089167
0 0.477500 0.654167 0.068750 0.090000
0 0.051250 0.092500 0.048750 0.075000
0 0.928750 0.428750 0.058750 0.075833
0 0.068750 0.426250 0.052500 0.079167
0 0.244688 0.948333 0.061875 0.083333
0 0.601562 0.290417 0.063125 0.079167
0 0.700313 0.794583 0.053125 0.074167
0 0.254375 0.868750 0.068750 0.080833
0 0.224688 0.312083 0.048125 0.070833
0 0.537188 0.617500 0.068125 0.068333
0 0.290000 0.689583 0.057500 0.079167
0 0.119063 0.907917 0.069375 0.085833
0 0.770938 0.781250 0.066875 0.092500
0 0.177187 0.629583 0.073125 0.100833
0 0.158750 0.833333 0.070000 0.095000
0 0.529375 0.476667 0.066250 0.086667
0 0.886875 0.499583 0.053750 0.089167
0 0.316875 0.430417 0.062500 0.070833
3 0.442188 0.550000 0.088125 0.080000
0 0.892813 0.577917 0.059375 0.084167
0 0.482187 0.377083 0.066875 0.085833
0 0.840625 0.202500 0.058750 0.081667
0 0.806250 0.567083 0.080000 0.072500
0 0.425000 0.098750 0.057500 0.075833
0 0.735000 0.696250 0.053750 0.069167
0 0.074375 0.760417 0.052500 0.069167
0 0.590938 0.148333 0.066875 0.065000
0 0.307500 0.903750 0.055000 0.070833
1 0.266875 0.761250 0.077500 0.087500
0 0.223438 0.805000 0.068125 0.073333
0 0.211562 0.526667 0.063125 0.075000
0 0.390000 0.702917 0.060000 0.074167
0 0.884062 0.698750 0.048125 0.069167
0 0.680312 0.176250 0.044375 0.099167
0 0.694063 0.468750 0.065625 0.089167
0 0.472187 0.743750 0.063125 0.082500
0 0.268125 0.553750 0.058750 0.079167
0 0.435000 0.622500 0.070000 0.098333
0 0.697500 0.575417 0.055000 0.077500
0 0.941250 0.497500 0.056250 0.073333
0 0.091875 0.832500 0.065000 0.070000
0 0.920312 0.041667 0.078125 0.083333
0 0.213125 0.239167 0.070000 0.080000
0 0.948438 0.895833 0.051875 0.073333
0 0.779375 0.465417 0.080000 0.079167
0 0.743125 0.639583 0.066250 0.089167
0 0.029687 0.879167 0.050625 0.070000
0 0.831250 0.506250 0.060000 0.065833
0 0.610938 0.059583 0.046875 0.069167
0 0.368125 0.226667 0.053750 0.068333
3 0.564375 0.352500 0.102500 0.081667
0 0.310937 0.553750 0.070625 0.082500
0 0.704688 0.035833 0.068125 0.068333
0 0.776875 0.515417 0.063750 0.090833
0 0.840625 0.668750 0.050000 0.064167
0 0.058125 0.706250 0.062500 0.060833
0 0.039688 0.515417 0.048125 0.067500
0 0.086563 0.534583 0.059375 0.064167
0 0.339375 0.732083 0.052500 0.065833
0 0.638125 0.095000 0.050000 0.085000
0 0.660625 0.963333 0.043750 0.068333
0 0.276875 0.648750 0.061250 0.069167
0 0.409375 0.168333 0.045000 0.056667
0 0.488750 0.580000 0.053750 0.056667
