0 0.517813 0.862083 0.069375 0.097500
0 0.634687 0.410000 0.080625 0.113333
0 0.350313 0.619583 0.079375 0.100833
0 0.959375 0.740000 0.075000 0.088333
0 0.203750 0.155000 0.075000 0.103333
0 0.921250 0.891250 0.080000 0.099167
0 0.758437 0.820000 0.078125 0.101667
0 0.693438 0.697917 0.081875 0.097500
0 0.963125 0.490833 0.070000 0.101667
0 0.503750 0.318750 0.072500 0.100833
0 0.397188 0.091250 0.083125 0.117500
0 0.887500 0.800417 0.077500 0.094167
0 0.212500 0.548333 0.075000 0.111667
0 0.218438 0.697917 0.071875 0.092500
0 0.547188 0.634167 0.079375 0.108333
0 0.727812 0.140000 0.066875 0.093333
0 0.624375 0.060833 0.078750 0.101667
0 0.621563 0.595000 0.079375 0.105000
0 0.653125 0.251250 0.082500 0.102500
0 0.290000 0.862500 0.091250 0.096667
0 0.267813 0.618333 0.076875 0.115000
0 0.353750 0.439583 0.092500 0.105833
0 0.614688 0.753750 0.074375 0.099167
0 0.335313 0.155417 0.070625 0.099167
0 0.174687 0.842083 0.080625 0.097500
0 0.667813 0.516667 0.068125 0.108333
0 0.767188 0.260000 0.075625 0.106667
0 0.866250 0.708333 0.073750 0.091667
0 0.604375 0.332917 0.076250 0.089167
0 0.898750 0.148333 0.063750 0.103333
0 0.384375 0.232500 0.080000 0.106667
0 0.934375 0.073333 0.077500 0.103333
0 0.252188 0.350833 0.093125 0.113333
0 0.135313 0.265417 0.080625 0.110833
0 0.959688 0.337083 0.080625 0.102500
2 0.086875 0.790000 0.080000 0.145000
0 0.031563 0.780000 0.054375 0.111667
