0 0.911250 0.913333 0.083750 0.106667
0 0.498750 0.735000 0.077500 0.106667
0 0.579063 0.951250 0.075625 0.095833
0 0.753750 0.191250 0.077500 0.100833
0 0.504687 0.447917 0.073125 0.104167
0 0.123125 0.194583 0.088750 0.097500
0 0.515938 0.200417 0.083125 0.100833
0 0.371250 0.287500 0.075000 0.105000
0 0.653438 0.272917 0.073125 0.105833
0 0.294375 0.135417 0.098750 0.085833
0 0.635938 0.800000 0.076875 0.110000
0 0.898750 0.702917 0.077500 0.107500
0 0.291250 0.738750 0.103750 0.094167
0 0.956250 0.435417 0.082500 0.104167
0 0.305312 0.355000 0.076875 0.105000
0 0.145937 0.870833 0.085625 0.111667
0 0.700313 0.779167 0.073125 0.106667
0 0.661875 0.415833 0.081250 0.110000
0 0.310000 0.477917 0.078750 0.109167
0 0.196250 0.946250 0.083750 0.100833
0 0.313125 0.813750 0.085000 0.094167
0 0.390313 0.882083 0.086875 0.102500
0 0.515312 0.562917 0.079375 0.112500
0 0.586562 0.230417 0.070625 0.110833
0 0.942187 0.586667 0.074375 0.106667
0 0.067500 0.506250 0.093750 0.095833
0 0.669063 0.700417 0.081875 0.107500
0 0.047813 0.588333 0.079375 0.095000
0 0.225938 0.151667 0.083125 0.108333
0 0.884375 0.337083 0.078750 0.109167
0 0.774375 0.631667 0.085000 0.105000
0 0.561875 0.681250 0.083750 0.102500
0 0.080625 0.057500 0.097500 0.088333
0 0.720938 0.661667 0.088125 0.120000
0 0.878750 0.430417 0.090000 0.105833
0 0.087500 0.426250 0.092500 0.087500
