0 0.301563 0.766667 0.081875 0.093333
0 0.834063 0.204167 0.059375 0.090000
0 0.675937 0.520417 0.069375 0.107500
0 0.067812 0.740833 0.076875 0.101667
0 0.428438 0.526667 0.073125 0.091667
0 0.847187 0.103750 0.079375 0.100833
0 0.869687 0.867083 0.076875 0.109167
0 0.176875 0.147917 0.075000 0.099167
0 0.599375 0.517083 0.080000 0.099167
0 0.467187 0.955833 0.080625 0.088333
0 0.052500 0.382917 0.073750 0.095833
0 0.570625 0.642083 0.077500 0.099167
0 0.777500 0.709583 0.076250 0.105833
0 0.895625 0.287083 0.071250 0.092500
0 0.308125 0.863333 0.087500 0.105000
0 0.197813 0.510000 0.074375 0.090000
0 0.572500 0.548750 0.076250 0.094167
0 0.223125 0.732083 0.071250 0.092500
0 0.285313 0.385000 0.083125 0.096667
0 0.055000 0.942500 0.080000 0.105000
0 0.267813 0.640417 0.068125 0.095833
0 0.833125 0.724167 0.072500 0.113333
0 0.393750 0.871250 0.058750 0.104167
0 0.444375 0.818750 0.080000 0.102500
0 0.346250 0.163750 0.078750 0.104167
0 0.242812 0.925417 0.081875 0.080833
0 0.088438 0.193333 0.074375 0.106667
0 0.904687 0.386667 0.063125 0.095000
0 0.051562 0.847500 0.080625 0.115000
0 0.442500 0.097917 0.082500 0.087500
0 0.705625 0.368750 0.076250 0.102500
0 0.762500 0.108750 0.060000 0.110833
0 0.701250 0.091667 0.068750 0.095000
0 0.203125 0.611250 0.067500 0.087500
0 0.751563 0.518333 0.069375 0.090000
0 0.320937 0.566667 0.073125 0.098333
0 0.700625 0.299583 0.090000 0.082500
0 0.455313 0.687917 0.069375 0.082500
0 0.127812 0.664583 0.074375 0.102500
0 0.495312 0.624167 0.071875 0.113333
0 0.072188 0.535417 0.061875 0.097500
0 0.470313 0.300000 0.086875 0.106667
0 0.253437 0.284583 0.085625 0.097500
0 0.742500 0.434583 0.082500 0.092500
0 0.072188 0.609583 0.088125 0.090833
0 0.416875 0.739167 0.081250 0.075000
0 0.780937 0.229583 0.088125 0.097500
0 0.430625 0.627500 0.073750 0.093333
