0 0.604688 0.897500 0.069375 0.098333
0 0.392813 0.400417 0.064375 0.089167
0 0.551250 0.605417 0.073750 0.107500
0 0.689688 0.271250 0.069375 0.095833
0 0.313437 0.264167 0.066875 0.088333
0 0.321250 0.064167 0.067500 0.091667
0 0.116250 0.720417 0.065000 0.087500
0 0.785937 0.362083 0.065625 0.089167
0 0.145000 0.825000 0.076250 0.091667
0 0.904375 0.286250 0.072500 0.097500
0 0.267813 0.517500 0.066875 0.090000
0 0.319063 0.602917 0.071875 0.085833
0 0.393437 0.277083 0.068125 0.100833
0 0.919063 0.763750 0.076875 0.105833
0 0.554375 0.255000 0.072500 0.101667
0 0.786250 0.054583 0.062500 0.085833
0 0.825937 0.142917 0.080625 0.105833
0 0.560937 0.378333 0.064375 0.093333
0 0.250937 0.721250 0.055625 0.087500
0 0.531250 0.491250 0.071250 0.095833
0 0.452188 0.083333 0.078125 0.093333
0 0.386250 0.910833 0.070000 0.090000
0 0.213125 0.139583 0.083750 0.085833
0 0.799063 0.467500 0.074375 0.096667
0 0.376875 0.125417 0.062500 0.080833
0 0.826250 0.253333 0.053750 0.071667
0 0.675312 0.481250 0.071875 0.095833
0 0.291563 0.949167 0.071875 0.100000
0 0.196563 0.372500 0.068125 0.093333
0 0.459375 0.455417 0.068750 0.107500
0 0.564063 0.775000 0.069375 0.100000
0 0.454375 0.340417 0.063750 0.072500
0 0.658750 0.369167 0.052500 0.096667
0 0.931562 0.380833 0.075625 0.095000
0 0.745000 0.734167 0.081250 0.096667
0 0.179688 0.660417 0.064375 0.085833
0 0.664375 0.575000 0.062500 0.071667
0 0.050937 0.814167 0.073125 0.101667
0 0.896250 0.069167 0.073750 0.100000
0 0.882188 0.913750 0.060625 0.094167
0 0.427812 0.856667 0.049375 0.080000
0 0.208750 0.234167 0.071250 0.086667
0 0.942500 0.056250 0.068750 0.087500
0 0.068750 0.539167 0.061250 0.081667
0 0.084687 0.626667 0.088125 0.086667
0 0.163438 0.072500 0.063125 0.060000
0 0.528125 0.837083 0.050000 0.080833
0 0.426875 0.718750 0.062500 0.079167
0 0.477500 0.886250 0.071250 0.090833
0 0.614062 0.417917 0.040625 0.115833
6 0.634062 0.613333 0.086875 0.118333
0 0.841875 0.240000 0.050000 0.061667
