0 0.162188 0.432917 0.081875 0.100833
0 0.116875 0.259167 0.076250 0.101667
0 0.571250 0.835000 0.075000 0.090000
0 0.651250 0.555000 0.082500 0.106667
0 0.220312 0.094167 0.085625 0.106667
0 0.330313 0.115417 0.071875 0.092500
0 0.155312 0.325000 0.086875 0.111667
0 0.810312 0.101667 0.068125 0.101667
0 0.075313 0.755833 0.073125 0.100000
0 0.657813 0.795000 0.074375 0.096667
0 0.551562 0.633333 0.076875 0.101667
0 0.482812 0.243750 0.071875 0.104167
0 0.752188 0.813750 0.074375 0.099167
0 0.368437 0.545833 0.080625 0.088333
0 0.527500 0.774583 0.068750 0.099167
0 0.850938 0.827083 0.071875 0.105833
0 0.914062 0.615000 0.078125 0.105000
0 0.050000 0.212083 0.067500 0.100833
0 0.768750 0.453750 0.077500 0.092500
0 0.379063 0.175833 0.080625 0.093333
0 0.664687 0.369583 0.075625 0.095833
0 0.258437 0.559167 0.074375 0.095000
0 0.128438 0.637917 0.080625 0.107500
0 0.467500 0.580000 0.072500 0.101667
0 0.053125 0.375000 0.075000 0.091667
0 0.045937 0.631667 0.074375 0.105000
0 0.587500 0.913333 0.081250 0.098333
0 0.048125 0.884167 0.073750 0.103333
0 0.938750 0.826250 0.081250 0.112500
0 0.860313 0.477500 0.064375 0.106667
0 0.429375 0.265417 0.068750 0.104167
0 0.507500 0.140833 0.076250 0.105000
0 0.263125 0.656667 0.073750 0.101667
0 0.418438 0.469167 0.071875 0.090000
0 0.901563 0.752917 0.070625 0.105833
0 0.927188 0.051667 0.065625 0.091667
2 0.557500 0.235833 0.073750 0.108333
0 0.305000 0.730833 0.077500 0.091667
0 0.723750 0.719583 0.073750 0.090833
0 0.540312 0.337917 0.073125 0.107500
0 0.232187 0.281250 0.073125 0.109167
0 0.202500 0.677917 0.071250 0.084167
0 0.495312 0.667083 0.068125 0.090833
3 0.733125 0.522500 0.081250 0.131667
0 0.275313 0.295000 0.074375 0.100000
0 0.569063 0.175833 0.061875 0.071667
0 0.809375 0.682083 0.087500 0.080833
0 0.863750 0.669167 0.075000 0.106667
