0 0.960938 0.744583 0.071875 0.092500
0 0.900625 0.887917 0.081250 0.094167
0 0.625000 0.913750 0.073750 0.097500
0 0.924687 0.406250 0.070625 0.097500
0 0.359375 0.293333 0.066250 0.076667
0 0.272188 0.795833 0.071875 0.105000
0 0.171250 0.275000 0.075000 0.098333
0 0.432500 0.554583 0.075000 0.097500
0 0.134375 0.213333 0.072500 0.098333
0 0.283438 0.272083 0.068125 0.100833
0 0.917813 0.590833 0.071875 0.098333
0 0.278438 0.399583 0.081875 0.100833
0 0.375937 0.877500 0.061875 0.091667
0 0.737187 0.889583 0.089375 0.092500
0 0.565937 0.461250 0.081875 0.104167
0 0.425938 0.945000 0.081875 0.103333
0 0.654375 0.788750 0.073750 0.094167
0 0.085938 0.806250 0.074375 0.094167
0 0.860313 0.662917 0.074375 0.090833
0 0.716562 0.220833 0.074375 0.096667
0 0.322813 0.613750 0.061875 0.089167
0 0.800000 0.477917 0.073750 0.105833
0 0.070312 0.552083 0.070625 0.087500
0 0.916250 0.146250 0.068750 0.099167
0 0.727500 0.045417 0.066250 0.089167
0 0.067812 0.691667 0.070625 0.100000
0 0.800000 0.116667 0.071250 0.098333
0 0.866563 0.468333 0.066875 0.096667
0 0.557500 0.362500 0.073750 0.086667
0 0.625000 0.181250 0.067500 0.095833
0 0.241563 0.535000 0.069375 0.103333
0 0.958438 0.827500 0.070625 0.090000
0 0.333125 0.788750 0.058750 0.072500
0 0.866563 0.228333 0.075625 0.098333
0 0.723125 0.765000 0.066250 0.101667
2 0.301563 0.901667 0.076875 0.121667
0 0.502812 0.262917 0.070625 0.090833
0 0.686562 0.555000 0.070625 0.098333
0 0.870938 0.332917 0.069375 0.092500
0 0.546875 0.913750 0.070000 0.092500
0 0.385937 0.094167 0.069375 0.105000
0 0.402500 0.742500 0.066250 0.098333
3 0.684375 0.682917 0.090000 0.139167
0 0.197813 0.295000 0.066875 0.091667
0 0.088750 0.571250 0.062500 0.089167
0 0.573750 0.198750 0.071250 0.069167
0 0.962812 0.441250 0.073125 0.087500
0 0.654375 0.575417 0.070000 0.095833
2 0.422500 0.111250 0.091250 0.140833
0 0.662813 0.530000 0.074375 0.113333
0 0.502188 0.293333 0.064375 0.091667
0 0.562187 0.893333 0.065625 0.083333
0 0.485312 0.049167 0.073125 0.098333
