0 0.377188 0.691250 0.066875 0.094167
0 0.682187 0.472500 0.070625 0.090000
0 0.829688 0.481667 0.071875 0.090000
0 0.290625 0.928750 0.065000 0.090833
0 0.847187 0.312083 0.065625 0.094167
0 0.202187 0.286250 0.069375 0.092500
0 0.651563 0.359583 0.076875 0.097500
0 0.924063 0.315417 0.071875 0.085833
0 0.156562 0.166667 0.068125 0.111667
0 0.453125 0.692917 0.073750 0.085833
0 0.248750 0.349167 0.072500 0.083333
0 0.440312 0.448750 0.071875 0.102500
0 0.322813 0.847500 0.070625 0.080000
0 0.906250 0.058333 0.076250 0.103333
0 0.224375 0.755000 0.068750 0.093333
0 0.474687 0.182500 0.064375 0.076667
0 0.151875 0.803333 0.080000 0.095000
0 0.126875 0.711667 0.071250 0.086667
0 0.569375 0.848750 0.070000 0.080833
0 0.591875 0.634583 0.075000 0.070833
0 0.932500 0.905000 0.073750 0.101667
0 0.042813 0.480000 0.065625 0.105000
0 0.372188 0.405000 0.069375 0.096667
0 0.544687 0.706250 0.074375 0.097500
0 0.376875 0.244167 0.080000 0.093333
0 0.046875 0.589583 0.053750 0.095833
0 0.293125 0.677500 0.072500 0.081667
0 0.759062 0.474583 0.073125 0.104167
0 0.716875 0.877917 0.076250 0.092500
0 0.307812 0.092083 0.073125 0.094167
0 0.438750 0.619583 0.066250 0.094167
0 0.896250 0.521667 0.067500 0.086667
0 0.292812 0.267917 0.076875 0.089167
0 0.691562 0.754583 0.061875 0.084167
0 0.084062 0.556250 0.068125 0.094167
0 0.519375 0.250000 0.077500 0.106667
0 0.051562 0.179167 0.065625 0.088333
0 0.801875 0.783750 0.072500 0.089167
0 0.773125 0.714167 0.070000 0.105000
0 0.604375 0.550833 0.068750 0.086667
0 0.359375 0.158750 0.071250 0.087500
0 0.746250 0.781667 0.068750 0.111667
0 0.480625 0.835417 0.070000 0.104167
0 0.730938 0.050000 0.073125 0.080000
0 0.663750 0.835000 0.058750 0.098333
0 0.542500 0.420833 0.070000 0.091667
0 0.067812 0.723750 0.068125 0.089167
0 0.385625 0.067500 0.080000 0.098333
0 0.093125 0.856250 0.066250 0.094167
0 0.047188 0.832083 0.065625 0.104167
0 0.630313 0.765000 0.074375 0.106667
0 0.313750 0.748750 0.068750 0.099167
0 0.078437 0.779167 0.069375 0.065000
0 0.822187 0.855833 0.084375 0.081667
0 0.735938 0.265417 0.090625 0.094167
0 0.186250 0.154167 0.072500 0.091667
0 0.500625 0.884167 0.073750 0.111667
0 0.075625 0.249167 0.068750 0.081667
0 0.550625 0.367083 0.070000 0.084167
0 0.782188 0.559167 0.073125 0.096667
0 0.627500 0.932917 0.065000 0.104167
0 0.265313 0.462083 0.074375 0.085833
0 0.792500 0.216667 0.070000 0.090000
0 0.459375 0.280833 0.070000 0.090000
0 0.699375 0.602083 0.070000 0.094167
0 0.710000 0.957083 0.077500 0.082500
0 0.463438 0.369167 0.061875 0.103333
0 0.632812 0.514167 0.068125 0.116667
0 0.092188 0.944583 0.069375 0.090833
0 0.725938 0.629583 0.076875 0.092500
0 0.770625 0.414583 0.070000 0.092500
0 0.589375 0.462083 0.075000 0.107500
0 0.760312 0.589167 0.070625 0.100000
0 0.723437 0.390833 0.070625 0.091667
0 0.489687 0.362083 0.054375 0.099167
