0 0.447188 0.613333 0.068125 0.096667
0 0.529375 0.512083 0.068750 0.102500
0 0.830937 0.596667 0.073125 0.103333
0 0.842812 0.165833 0.066875 0.091667
0 0.122500 0.610000 0.077500 0.100000
0 0.800000 0.220833 0.075000 0.101667
0 0.663750 0.861667 0.066250 0.103333
0 0.517188 0.264167 0.061875 0.093333
0 0.345938 0.567917 0.073125 0.104167
0 0.707500 0.527083 0.075000 0.084167
0 0.097812 0.377917 0.066875 0.120833
0 0.585938 0.479167 0.059375 0.120000
0 0.710000 0.446667 0.072500 0.100000
0 0.783125 0.143333 0.060000 0.096667
0 0.595000 0.135833 0.076250 0.085000
0 0.641875 0.490000 0.066250 0.105000
0 0.571875 0.287083 0.063750 0.100833
0 0.733750 0.215000 0.057500 0.135000
0 0.946875 0.359167 0.056250 0.105000
0 0.624062 0.657500 0.054375 0.113333
0 0.545625 0.142917 0.102500 0.107500
0 0.894375 0.377083 0.056250 0.112500
0 0.255625 0.903333 0.073750 0.101667
0 0.783438 0.359583 0.058125 0.112500
0 0.168437 0.329167 0.079375 0.100000
0 0.358125 0.892500 0.073750 0.098333
0 0.335625 0.076250 0.056250 0.120833
0 0.619062 0.267083 0.068125 0.089167
0 0.510312 0.752917 0.090625 0.100833
0 0.950937 0.567917 0.078125 0.105833
0 0.841250 0.386250 0.051250 0.139167
0 0.713750 0.664583 0.062500 0.137500
0 0.512188 0.397500 0.061875 0.136667
0 0.552813 0.202500 0.076875 0.078333
0 0.668125 0.643333 0.047500 0.110000
0 0.933750 0.143750 0.063750 0.092500
0 0.278125 0.072500 0.062500 0.116667
0 0.431563 0.195417 0.071875 0.100833
0 0.225000 0.415833 0.070000 0.081667
0 0.129375 0.109583 0.048750 0.160833
0 0.108750 0.233333 0.065000 0.078333
0 0.931875 0.889167 0.070000 0.105000
0 0.568125 0.655000 0.068750 0.123333
0 0.262188 0.162500 0.061875 0.110000
0 0.170937 0.113750 0.059375 0.127500
0 0.226875 0.131250 0.052500 0.137500
