0 0.320000 0.873750 0.080000 0.102500
0 0.069062 0.305417 0.084375 0.107500
0 0.067500 0.704583 0.078750 0.107500
0 0.652500 0.752917 0.081250 0.107500
0 0.545000 0.702500 0.071250 0.105000
0 0.222812 0.798333 0.081875 0.101667
0 0.392188 0.449583 0.078125 0.100833
0 0.760000 0.412500 0.077500 0.093333
1 0.607500 0.464583 0.092500 0.119167
0 0.237813 0.480417 0.074375 0.105833
0 0.202500 0.310000 0.080000 0.110000
0 0.856563 0.869583 0.069375 0.107500
0 0.491250 0.127917 0.085000 0.110833
0 0.411562 0.934583 0.081875 0.107500
0 0.199687 0.698750 0.076875 0.090833
0 0.594375 0.917500 0.083750 0.093333
0 0.425000 0.317500 0.086250 0.101667
0 0.368125 0.662500 0.087500 0.100000
0 0.722187 0.951250 0.070625 0.097500
0 0.675000 0.406667 0.081250 0.091667
0 0.722812 0.252500 0.088125 0.090000
0 0.618125 0.205833 0.086250 0.098333
0 0.503125 0.806667 0.083750 0.105000
0 0.652500 0.174167 0.078750 0.101667
0 0.919375 0.363750 0.062500 0.107500
0 0.697500 0.493750 0.075000 0.090833
0 0.391875 0.782917 0.081250 0.109167
0 0.724375 0.320833 0.096250 0.076667
0 0.161250 0.484167 0.068750 0.120000
0 0.508750 0.563333 0.096250 0.075000
0 0.436250 0.649583 0.075000 0.112500
0 0.633750 0.570833 0.081250 0.100000
0 0.116875 0.512083 0.080000 0.110833
0 0.500938 0.658750 0.064375 0.107500
0 0.141250 0.706250 0.066250 0.134167
0 0.602500 0.575833 0.073750 0.106667
0 0.088438 0.564583 0.095625 0.112500
