0 0.607812 0.565833 0.066875 0.106667
0 0.824375 0.517500 0.062500 0.073333
0 0.445937 0.654167 0.066875 0.086667
0 0.545625 0.548333 0.063750 0.083333
0 0.896250 0.530000 0.065000 0.083333
0 0.705000 0.707500 0.062500 0.083333
0 0.895938 0.704583 0.064375 0.090833
0 0.284687 0.827500 0.059375 0.090000
0 0.505000 0.381250 0.061250 0.084167
0 0.863437 0.629583 0.064375 0.087500
0 0.620313 0.704583 0.064375 0.079167
0 0.578125 0.371667 0.058750 0.083333
0 0.930312 0.618750 0.064375 0.095833
0 0.221875 0.803750 0.062500 0.087500
0 0.730938 0.422500 0.060625 0.086667
0 0.743437 0.346250 0.070625 0.097500
0 0.110312 0.090000 0.061875 0.081667
0 0.784375 0.703333 0.073750 0.096667
0 0.174687 0.206250 0.066875 0.082500
0 0.502500 0.715417 0.066250 0.074167
0 0.658438 0.630417 0.081875 0.072500
0 0.547188 0.282500 0.063125 0.081667
0 0.655000 0.382083 0.070000 0.082500
0 0.843125 0.432917 0.068750 0.079167
0 0.701875 0.167500 0.080000 0.091667
0 0.952500 0.567500 0.062500 0.086667
0 0.183750 0.906250 0.071250 0.105833
0 0.681250 0.547500 0.063750 0.088333
0 0.443125 0.559167 0.076250 0.091667
0 0.465313 0.787083 0.060625 0.087500
0 0.167187 0.379583 0.074375 0.089167
0 0.612187 0.179167 0.066875 0.076667
0 0.034688 0.780417 0.053125 0.099167
0 0.187812 0.477917 0.070625 0.074167
0 0.535937 0.078333 0.058125 0.080000
0 0.534375 0.174583 0.067500 0.090833
0 0.121875 0.767083 0.056250 0.080833
0 0.325937 0.463333 0.063125 0.095000
0 0.205937 0.378750 0.065625 0.089167
0 0.870313 0.785833 0.061875 0.081667
0 0.681875 0.263333 0.058750 0.075000
0 0.796562 0.418750 0.069375 0.087500
0 0.331562 0.276667 0.058125 0.080000
0 0.581250 0.759583 0.063750 0.092500
0 0.614062 0.256667 0.061875 0.076667
0 0.904375 0.281250 0.062500 0.085833
0 0.292812 0.209583 0.056875 0.085833
0 0.909375 0.912917 0.061250 0.074167
0 0.659062 0.467083 0.064375 0.079167
0 0.219062 0.170000 0.054375 0.071667
0 0.528438 0.887083 0.069375 0.085833
0 0.749375 0.615000 0.073750 0.088333
0 0.235625 0.058750 0.062500 0.065833
0 0.355625 0.615833 0.061250 0.085000
0 0.727812 0.510833 0.061875 0.086667
0 0.412500 0.313333 0.063750 0.095000
0 0.677813 0.831667 0.069375 0.088333
0 0.132188 0.667083 0.074375 0.090833
0 0.224375 0.273333 0.057500 0.085000
0 0.138437 0.564167 0.068125 0.086667
0 0.506563 0.475000 0.064375 0.090000
0 0.189375 0.298750 0.070000 0.082500
0 0.441250 0.747917 0.068750 0.094167
0 0.393437 0.897500 0.061875 0.085000
0 0.363750 0.384167 0.072500 0.091667
0 0.100625 0.400000 0.075000 0.086667
0 0.765938 0.056667 0.079375 0.091667
0 0.382500 0.697083 0.057500 0.089167
0 0.180000 0.725417 0.051250 0.079167
0 0.963750 0.692500 0.070000 0.086667
0 0.422812 0.219583 0.063125 0.077500
0 0.277813 0.345833 0.060625 0.078333
0 0.425938 0.125000 0.061875 0.108333
0 0.245625 0.461667 0.075000 0.081667
0 0.598750 0.808333 0.062500 0.075000
0 0.056250 0.085417 0.050000 0.107500
0 0.175625 0.108333 0.063750 0.075000
0 0.941562 0.367083 0.061875 0.079167
0 0.623437 0.471667 0.073125 0.076667
0 0.522500 0.652083 0.068750 0.097500
0 0.473750 0.061667 0.058750 0.071667
0 0.774062 0.273333 0.074375 0.078333
0 0.097812 0.258333 0.058125 0.085000
0 0.232500 0.895417 0.055000 0.087500
0 0.327188 0.197083 0.060625 0.079167
0 0.093438 0.195000 0.069375 0.065000
0 0.675937 0.946250 0.066875 0.084167
0 0.556875 0.666667 0.062500 0.076667
0 0.787188 0.612500 0.068125 0.086667
0 0.750313 0.928333 0.065625 0.088333
0 0.480312 0.279167 0.061875 0.098333
0 0.769062 0.800417 0.064375 0.072500
0 0.165000 0.652083 0.068750 0.075833
0 0.744687 0.785833 0.076875 0.088333
0 0.836875 0.764167 0.075000 0.080000
0 0.834063 0.140417 0.065625 0.084167
0 0.357812 0.783333 0.069375 0.083333
0 0.933750 0.775417 0.052500 0.069167
0 0.966250 0.846250 0.061250 0.085833
0 0.759062 0.144583 0.075625 0.069167
0 0.044687 0.653750 0.068125 0.097500
0 0.939063 0.112083 0.058125 0.074167
0 0.088438 0.597083 0.064375 0.100833
0 0.253437 0.710000 0.078125 0.108333
0 0.659062 0.074167 0.069375 0.105000
0 0.030937 0.878333 0.061875 0.095000
0 0.315937 0.507917 0.063125 0.085833
0 0.058125 0.937917 0.060000 0.079167
0 0.290000 0.735417 0.067500 0.095833
0 0.846875 0.959583 0.058750 0.075833
0 0.441563 0.428750 0.065625 0.075833
0 0.911250 0.092917 0.062500 0.097500
0 0.910937 0.191667 0.055625 0.070000
0 0.719375 0.057083 0.066250 0.082500
0 0.887813 0.337083 0.058125 0.072500
0 0.081562 0.504583 0.068125 0.092500
0 0.226250 0.546667 0.065000 0.080000
0 0.585313 0.094167 0.066875 0.080000
0 0.032500 0.538333 0.065000 0.083333
1 0.843750 0.240417 0.080000 0.129167
1 0.436250 0.362083 0.082500 0.097500
1 0.249062 0.639167 0.126875 0.138333
0 0.071250 0.434167 0.060000 0.088333
0 0.028438 0.492500 0.056875 0.096667
0 0.120938 0.182083 0.075625 0.077500
0 0.028750 0.255000 0.057500 0.076667
0 0.113750 0.279167 0.061250 0.070000
0 0.201875 0.105833 0.061250 0.058333
0 0.332813 0.080000 0.059375 0.080000
0 0.247500 0.079167 0.050000 0.078333
0 0.348438 0.108750 0.051875 0.075833
0 0.485000 0.089583 0.052500 0.075833
0 0.353438 0.192083 0.053125 0.084167
0 0.510000 0.269583 0.048750 0.097500
0 0.423438 0.177500 0.058125 0.080000
0 0.383437 0.402917 0.058125 0.065833
0 0.453437 0.457917 0.073125 0.070833
0 0.264375 0.429583 0.053750 0.074167
0 0.117188 0.495000 0.048125 0.080000
0 0.060000 0.630417 0.057500 0.079167
0 0.054375 0.787500 0.053750 0.078333
0 0.100937 0.952917 0.064375 0.085833
0 0.242188 0.928750 0.054375 0.084167
0 0.282813 0.945417 0.060625 0.070833
0 0.377188 0.655000 0.054375 0.080000
0 0.321562 0.550833 0.063125 0.065000
0 0.261250 0.549167 0.057500 0.066667
0 0.417812 0.877083 0.050625 0.074167
0 0.353438 0.823750 0.058125 0.082500
0 0.387188 0.795417 0.059375 0.074167
0 0.700937 0.860000 0.055625 0.085000
0 0.770000 0.837917 0.065000 0.072500
0 0.559063 0.917500 0.053125 0.078333
0 0.595000 0.838333 0.065000 0.080000
0 0.513750 0.741250 0.061250 0.072500
0 0.466562 0.823750 0.064375 0.077500
0 0.751250 0.523750 0.060000 0.079167
0 0.821562 0.543333 0.071875 0.080000
0 0.837812 0.925833 0.055625 0.095000
0 0.903750 0.885000 0.067500 0.090000
0 0.774375 0.902083 0.057500 0.070833
0 0.928438 0.812083 0.051875 0.074167
0 0.865938 0.446667 0.054375 0.075000
0 0.922188 0.264583 0.050625 0.069167
0 0.887188 0.045417 0.048125 0.072500
0 0.572812 0.137083 0.054375 0.064167
0 0.772188 0.164167 0.073125 0.095000
0 0.794063 0.254583 0.054375 0.074167
0 0.611875 0.283750 0.058750 0.087500
0 0.682187 0.297500 0.053125 0.091667
0 0.675312 0.370417 0.055625 0.065833
0 0.963437 0.354583 0.061875 0.075833
0 0.238437 0.253333 0.054375 0.071667
0 0.280000 0.314583 0.055000 0.075833
0 0.305000 0.956250 0.055000 0.084167
0 0.515000 0.453333 0.070000 0.060000
0 0.680312 0.078750 0.065625 0.085833
0 0.629062 0.166667 0.055625 0.081667
