0 0.436563 0.058333 0.068125 0.098333
0 0.670937 0.742500 0.076875 0.078333
0 0.477187 0.115833 0.069375 0.090000
0 0.501563 0.416250 0.083125 0.102500
0 0.826875 0.062083 0.065000 0.102500
0 0.388125 0.192083 0.070000 0.100833
0 0.777813 0.357083 0.068125 0.095833
0 0.694375 0.272917 0.062500 0.094167
0 0.963750 0.777500 0.072500 0.101667
0 0.281250 0.440000 0.073750 0.098333
0 0.336562 0.843333 0.076875 0.098333
0 0.360312 0.580417 0.068125 0.092500
0 0.218750 0.254167 0.070000 0.105000
0 0.676250 0.540417 0.072500 0.092500
0 0.114375 0.306250 0.073750 0.100833
0 0.765625 0.238750 0.080000 0.109167
0 0.086563 0.246667 0.081875 0.106667
0 0.081875 0.054167 0.071250 0.090000
0 0.642813 0.790833 0.069375 0.095000
0 0.043125 0.667500 0.070000 0.096667
0 0.851562 0.160833 0.081875 0.103333
0 0.108438 0.412500 0.070625 0.095000
0 0.444375 0.647917 0.077500 0.090833
0 0.556250 0.807917 0.071250 0.107500
0 0.661875 0.901667 0.072500 0.105000
0 0.946250 0.918750 0.081250 0.095833
0 0.800312 0.536250 0.076875 0.105833
0 0.136563 0.132083 0.079375 0.104167
0 0.932500 0.355000 0.091250 0.098333
0 0.875625 0.267917 0.068750 0.089167
0 0.094375 0.740000 0.078750 0.103333
0 0.138125 0.872500 0.087500 0.113333
0 0.129688 0.700833 0.071875 0.108333
0 0.882812 0.052917 0.074375 0.105833
0 0.415938 0.507083 0.073125 0.099167
2 0.420938 0.345000 0.080625 0.151667
0 0.258750 0.706667 0.076250 0.095000
0 0.255625 0.285000 0.081250 0.100000
0 0.174063 0.605417 0.073125 0.109167
0 0.926562 0.747500 0.069375 0.106667
0 0.231563 0.873750 0.066875 0.104167
0 0.178750 0.352500 0.083750 0.115000
0 0.868125 0.943750 0.073750 0.085833
0 0.728125 0.856667 0.061250 0.116667
0 0.631563 0.263750 0.068125 0.092500
0 0.292500 0.278750 0.075000 0.090833
0 0.074375 0.930833 0.075000 0.115000
2 0.125312 0.535833 0.076875 0.136667
0 0.148125 0.502083 0.075000 0.087500
0 0.398750 0.519583 0.076250 0.107500
0 0.842187 0.950000 0.100625 0.081667
