0 0.115312 0.100417 0.081875 0.110833
0 0.050937 0.598750 0.073125 0.094167
0 0.284062 0.249167 0.080625 0.110000
0 0.931562 0.275417 0.076875 0.105833
0 0.938750 0.505417 0.075000 0.100833
0 0.470313 0.295000 0.078125 0.111667
0 0.308437 0.952083 0.085625 0.095833
0 0.380312 0.916250 0.073125 0.104167
0 0.265000 0.732917 0.080000 0.104167
0 0.187500 0.570417 0.081250 0.115833
0 0.230000 0.463750 0.087500 0.110833
0 0.278125 0.500417 0.087500 0.104167
0 0.442812 0.437500 0.088125 0.115000
0 0.519375 0.491250 0.070000 0.110833
0 0.444063 0.562500 0.085625 0.108333
0 0.541562 0.572917 0.075625 0.094167
0 0.728437 0.788333 0.076875 0.093333
