0 0.562500 0.924583 0.058750 0.102500
3 0.838437 0.785417 0.104375 0.129167
0 0.670312 0.092917 0.060625 0.085833
0 0.836875 0.424583 0.065000 0.092500
0 0.946875 0.928750 0.067500 0.087500
0 0.708125 0.469583 0.078750 0.102500
0 0.351875 0.855417 0.078750 0.104167
0 0.311875 0.810000 0.076250 0.101667
0 0.499688 0.828750 0.080625 0.109167
0 0.452500 0.904167 0.080000 0.103333
0 0.729688 0.700417 0.068125 0.089167
0 0.721875 0.800417 0.078750 0.097500
0 0.244375 0.307500 0.072500 0.113333
0 0.095625 0.475833 0.063750 0.095000
0 0.113750 0.919167 0.077500 0.095000
0 0.157500 0.345833 0.075000 0.108333
0 0.217500 0.940417 0.072500 0.107500
0 0.825313 0.182917 0.081875 0.104167
0 0.614688 0.060000 0.075625 0.118333
0 0.591562 0.170833 0.070625 0.101667
0 0.271875 0.135417 0.066250 0.094167
0 0.920312 0.282917 0.060625 0.125833
0 0.320625 0.177083 0.071250 0.100833
0 0.562187 0.097917 0.071875 0.102500
0 0.617500 0.611667 0.073750 0.105000
0 0.806875 0.525833 0.081250 0.081667
0 0.229687 0.711667 0.071875 0.108333
0 0.553438 0.702917 0.083125 0.094167
0 0.686562 0.641667 0.059375 0.111667
0 0.824688 0.942500 0.076875 0.100000
0 0.527188 0.617500 0.076875 0.105000
0 0.064375 0.591250 0.077500 0.110833
0 0.233125 0.169167 0.077500 0.101667
0 0.520000 0.198750 0.067500 0.099167
0 0.513125 0.301250 0.058750 0.125833
0 0.630000 0.671250 0.085000 0.084167
0 0.749375 0.348750 0.077500 0.092500
0 0.787500 0.299583 0.081250 0.107500
0 0.928125 0.131250 0.068750 0.149167
