0 0.486875 0.147083 0.068750 0.084167
0 0.583438 0.412500 0.063125 0.083333
0 0.245312 0.294583 0.064375 0.085833
0 0.243750 0.387917 0.062500 0.094167
0 0.114062 0.333333 0.065625 0.086667
0 0.696875 0.759167 0.065000 0.095000
0 0.840000 0.378750 0.070000 0.097500
0 0.347813 0.893750 0.076875 0.084167
0 0.079375 0.907083 0.070000 0.090833
0 0.295625 0.757500 0.072500 0.088333
0 0.702812 0.613750 0.075625 0.082500
0 0.553125 0.752500 0.065000 0.093333
0 0.713125 0.068750 0.078750 0.084167
0 0.621563 0.522917 0.066875 0.084167
0 0.793750 0.721250 0.073750 0.082500
0 0.694063 0.339583 0.068125 0.087500
0 0.109375 0.149167 0.061250 0.085000
0 0.057500 0.390833 0.073750 0.090000
0 0.690000 0.862917 0.065000 0.092500
0 0.149375 0.074167 0.070000 0.080000
0 0.830937 0.275833 0.068125 0.093333
0 0.901563 0.308333 0.066875 0.093333
0 0.142500 0.454167 0.060000 0.085000
0 0.282813 0.066667 0.075625 0.088333
0 0.626563 0.723333 0.070625 0.095000
0 0.170000 0.270833 0.068750 0.090000
0 0.864375 0.536667 0.062500 0.096667
0 0.210625 0.770000 0.066250 0.081667
0 0.467813 0.265000 0.066875 0.088333
0 0.164687 0.853750 0.070625 0.092500
0 0.658438 0.445000 0.059375 0.075000
0 0.540625 0.203750 0.062500 0.094167
0 0.070312 0.481250 0.071875 0.089167
0 0.049688 0.689167 0.064375 0.073333
0 0.470625 0.419167 0.073750 0.096667
0 0.461250 0.850833 0.073750 0.085000
0 0.898750 0.436250 0.070000 0.087500
0 0.629687 0.929167 0.071875 0.086667
0 0.763125 0.304167 0.058750 0.081667
0 0.476250 0.763333 0.067500 0.080000
0 0.629375 0.615417 0.061250 0.087500
0 0.572187 0.882500 0.060625 0.090000
0 0.652188 0.122083 0.068125 0.084167
0 0.597812 0.243750 0.063125 0.080833
0 0.333125 0.203333 0.063750 0.080000
0 0.417500 0.211250 0.068750 0.089167
0 0.532813 0.481250 0.064375 0.092500
0 0.387813 0.807917 0.069375 0.084167
0 0.370625 0.658750 0.068750 0.094167
0 0.075000 0.262083 0.075000 0.090833
0 0.534375 0.312500 0.072500 0.098333
0 0.461562 0.535000 0.053125 0.111667
0 0.530625 0.063333 0.068750 0.098333
0 0.559688 0.603750 0.065625 0.099167
0 0.619062 0.329583 0.070625 0.089167
0 0.431875 0.099583 0.061250 0.082500
0 0.588125 0.105833 0.065000 0.096667
0 0.835000 0.895417 0.068750 0.085833
0 0.939688 0.801667 0.071875 0.090000
0 0.103438 0.662500 0.048125 0.095000
0 0.922500 0.899583 0.077500 0.089167
0 0.261250 0.604583 0.063750 0.094167
0 0.286875 0.840000 0.063750 0.080000
0 0.411250 0.942083 0.065000 0.084167
0 0.758437 0.808333 0.074375 0.088333
0 0.630313 0.823750 0.063125 0.089167
0 0.395625 0.506667 0.065000 0.075000
0 0.440312 0.696250 0.063125 0.087500
0 0.870938 0.060417 0.064375 0.097500
0 0.181562 0.367083 0.064375 0.084167
0 0.210313 0.471667 0.060625 0.080000
0 0.821250 0.137083 0.076250 0.079167
0 0.267188 0.184583 0.079375 0.092500
0 0.171875 0.169167 0.063750 0.086667
0 0.317500 0.518750 0.070000 0.080833
0 0.315625 0.663333 0.068750 0.093333
0 0.501250 0.915833 0.070000 0.085000
0 0.524375 0.577083 0.068750 0.070833
0 0.067812 0.045417 0.071875 0.090833
0 0.755313 0.401667 0.061875 0.088333
0 0.229687 0.562500 0.071875 0.090000
0 0.960938 0.371667 0.069375 0.088333
0 0.446875 0.368750 0.066250 0.099167
0 0.818750 0.635000 0.066250 0.076667
0 0.030625 0.555833 0.061250 0.088333
0 0.125625 0.810417 0.068750 0.089167
0 0.199375 0.932083 0.058750 0.100833
0 0.380312 0.342083 0.050625 0.092500
0 0.702187 0.241667 0.071875 0.088333
0 0.360312 0.564583 0.066875 0.077500
0 0.197500 0.683750 0.072500 0.074167
0 0.925937 0.105833 0.053125 0.070000
0 0.891563 0.787917 0.069375 0.092500
0 0.793750 0.889583 0.076250 0.097500
0 0.970313 0.500000 0.058125 0.093333
1 0.498125 0.681667 0.068750 0.091667
1 0.770938 0.595417 0.063125 0.084167
0 0.222500 0.945000 0.050000 0.083333
0 0.162188 0.694167 0.049375 0.093333
0 0.801250 0.157917 0.060000 0.084167
0 0.672188 0.250417 0.064375 0.077500
0 0.731563 0.424583 0.056875 0.084167
0 0.817813 0.584583 0.049375 0.075833
