0 0.352500 0.058750 0.075000 0.097500
0 0.224375 0.103750 0.076250 0.115833
0 0.056875 0.065417 0.077500 0.090833
0 0.302187 0.113333 0.076875 0.090000
0 0.410000 0.075833 0.075000 0.100000
0 0.309375 0.207500 0.070000 0.095000
0 0.052812 0.483750 0.080625 0.097500
0 0.079687 0.646250 0.090625 0.099167
0 0.135313 0.930833 0.084375 0.096667
0 0.209063 0.541667 0.076875 0.110000
0 0.279375 0.552500 0.063750 0.095000
0 0.372500 0.370833 0.078750 0.101667
0 0.280625 0.396250 0.078750 0.089167
0 0.275625 0.818750 0.071250 0.104167
0 0.265313 0.946250 0.066875 0.100833
0 0.343125 0.945417 0.068750 0.099167
0 0.339375 0.773750 0.068750 0.089167
0 0.463125 0.488333 0.078750 0.095000
0 0.442500 0.320000 0.076250 0.095000
0 0.489687 0.240000 0.074375 0.105000
0 0.058750 0.300833 0.073750 0.101667
0 0.080937 0.821250 0.078125 0.112500
0 0.549687 0.167500 0.081875 0.110000
0 0.627500 0.155833 0.081250 0.096667
0 0.561875 0.275000 0.070000 0.090000
0 0.566250 0.370833 0.073750 0.095000
0 0.653125 0.418333 0.061250 0.095000
0 0.482812 0.590833 0.075625 0.103333
0 0.676875 0.688750 0.065000 0.112500
0 0.549687 0.565417 0.069375 0.104167
0 0.637813 0.527083 0.076875 0.109167
0 0.709375 0.499167 0.068750 0.093333
0 0.640312 0.303750 0.076875 0.107500
0 0.675937 0.316667 0.071875 0.088333
0 0.732187 0.437500 0.071875 0.083333
0 0.362812 0.679583 0.083125 0.107500
0 0.440000 0.719167 0.071250 0.098333
0 0.405000 0.813750 0.082500 0.087500
0 0.501875 0.738333 0.082500 0.101667
0 0.596875 0.794167 0.061250 0.085000
0 0.418750 0.953333 0.067500 0.086667
0 0.455937 0.909167 0.080625 0.083333
0 0.515938 0.876667 0.073125 0.080000
0 0.729062 0.868333 0.075625 0.103333
0 0.822812 0.841667 0.079375 0.105000
0 0.767813 0.812083 0.071875 0.097500
0 0.835000 0.949167 0.067500 0.101667
0 0.924375 0.877500 0.067500 0.098333
0 0.817500 0.502500 0.071250 0.113333
0 0.750625 0.350417 0.077500 0.092500
0 0.838125 0.092917 0.076250 0.107500
0 0.866875 0.151250 0.072500 0.099167
0 0.911875 0.238333 0.071250 0.085000
0 0.848125 0.358750 0.073750 0.102500
0 0.906875 0.321667 0.061250 0.071667
0 0.945625 0.409167 0.072500 0.093333
0 0.923438 0.480833 0.079375 0.086667
0 0.873750 0.551667 0.076250 0.086667
0 0.925937 0.638750 0.076875 0.104167
0 0.869062 0.648750 0.083125 0.107500
0 0.922813 0.751667 0.073125 0.098333
0 0.695625 0.218750 0.077500 0.110833
