0 0.493125 0.686250 0.083750 0.100833
0 0.582500 0.818750 0.083750 0.107500
0 0.882500 0.224167 0.073750 0.105000
0 0.256250 0.932500 0.077500 0.106667
0 0.402187 0.318333 0.076875 0.098333
0 0.685937 0.414583 0.080625 0.115833
0 0.172500 0.492500 0.081250 0.111667
0 0.585938 0.234167 0.078125 0.105000
0 0.594688 0.393750 0.066875 0.080833
0 0.236563 0.186250 0.071875 0.115833
0 0.140313 0.743333 0.083125 0.101667
0 0.115000 0.441250 0.073750 0.107500
0 0.826875 0.662917 0.083750 0.100833
0 0.220625 0.316250 0.077500 0.104167
0 0.625938 0.530833 0.083125 0.105000
0 0.519062 0.120833 0.071875 0.110000
0 0.398750 0.141250 0.085000 0.100833
0 0.895312 0.525000 0.070625 0.125000
0 0.121875 0.545000 0.075000 0.093333
0 0.787500 0.400417 0.071250 0.105833
0 0.494063 0.236667 0.080625 0.093333
0 0.325313 0.457083 0.088125 0.119167
0 0.924063 0.380000 0.079375 0.110000
3 0.474375 0.556250 0.086250 0.125833
0 0.436875 0.073750 0.100000 0.095833
0 0.464375 0.170417 0.080000 0.107500
0 0.665312 0.190000 0.076875 0.093333
0 0.310312 0.320000 0.074375 0.098333
0 0.801562 0.209167 0.096875 0.086667
0 0.821562 0.535000 0.075625 0.110000
0 0.575937 0.947917 0.079375 0.102500
0 0.899062 0.740417 0.073125 0.099167
0 0.654375 0.680833 0.078750 0.096667
0 0.101875 0.126667 0.080000 0.106667
0 0.260313 0.841667 0.088125 0.090000
0 0.694063 0.293333 0.095625 0.090000
0 0.745313 0.524583 0.078125 0.109167
0 0.415000 0.791667 0.075000 0.103333
0 0.957812 0.163750 0.075625 0.102500
0 0.394375 0.236250 0.076250 0.095833
0 0.115000 0.627083 0.082500 0.089167
0 0.678125 0.092083 0.075000 0.099167
