0 0.273438 0.451250 0.083125 0.102500
0 0.113437 0.138333 0.071875 0.093333
0 0.499688 0.693333 0.078125 0.101667
0 0.203125 0.407500 0.075000 0.093333
0 0.595938 0.903750 0.078125 0.099167
0 0.854375 0.220833 0.077500 0.100000
0 0.185000 0.532917 0.068750 0.105833
0 0.453437 0.168750 0.078125 0.100833
0 0.430625 0.418333 0.077500 0.083333
0 0.794375 0.822083 0.071250 0.089167
0 0.043750 0.203333 0.078750 0.098333
0 0.913438 0.395000 0.068125 0.101667
0 0.319375 0.217500 0.070000 0.100000
0 0.659687 0.156250 0.074375 0.104167
0 0.542813 0.822500 0.075625 0.100000
0 0.572812 0.281250 0.051875 0.097500
0 0.915937 0.056667 0.071875 0.088333
0 0.528438 0.606667 0.073125 0.085000
0 0.826562 0.313333 0.075625 0.096667
0 0.125312 0.820417 0.073125 0.112500
0 0.748437 0.145000 0.056875 0.101667
0 0.883750 0.805417 0.097500 0.110833
0 0.347500 0.561667 0.081250 0.100000
0 0.751563 0.778750 0.069375 0.114167
0 0.187812 0.106667 0.069375 0.100000
0 0.075313 0.548333 0.080625 0.090000
0 0.732500 0.359167 0.085000 0.115000
0 0.661875 0.537917 0.073750 0.092500
0 0.448750 0.898333 0.078750 0.086667
0 0.058750 0.639583 0.071250 0.094167
0 0.569063 0.159167 0.075625 0.101667
0 0.502812 0.340000 0.076875 0.096667
0 0.335625 0.395417 0.070000 0.094167
0 0.808438 0.535833 0.066875 0.093333
0 0.080000 0.297083 0.067500 0.105833
0 0.379375 0.189167 0.070000 0.091667
0 0.398750 0.115417 0.068750 0.104167
0 0.320000 0.871250 0.067500 0.090833
0 0.863750 0.574167 0.082500 0.088333
0 0.883437 0.139167 0.080625 0.096667
0 0.388750 0.839583 0.077500 0.099167
0 0.821562 0.629167 0.081875 0.098333
0 0.129375 0.652917 0.066250 0.094167
0 0.580000 0.746250 0.070000 0.102500
0 0.067812 0.882500 0.066875 0.101667
0 0.734688 0.595833 0.075625 0.086667
0 0.486250 0.291250 0.077500 0.084167
0 0.258750 0.173750 0.080000 0.102500
0 0.774062 0.703750 0.069375 0.065833
0 0.295625 0.396667 0.078750 0.086667
0 0.328437 0.100417 0.074375 0.097500
0 0.683125 0.910000 0.082500 0.105000
0 0.291250 0.127917 0.077500 0.100833
0 0.808125 0.052083 0.062500 0.102500
0 0.850625 0.942083 0.075000 0.090833
0 0.640938 0.624167 0.074375 0.091667
0 0.442812 0.625000 0.075625 0.101667
0 0.895938 0.261667 0.074375 0.105000
0 0.675937 0.430417 0.061875 0.097500
0 0.326250 0.816667 0.073750 0.098333
0 0.827187 0.435000 0.068125 0.098333
0 0.762500 0.938750 0.075000 0.097500
0 0.826875 0.881250 0.087500 0.090833
0 0.730313 0.636667 0.071875 0.105000
0 0.236563 0.643333 0.073125 0.096667
0 0.617188 0.565833 0.079375 0.105000
0 0.606250 0.466250 0.075000 0.102500
1 0.217500 0.248333 0.072500 0.120000
0 0.682500 0.776667 0.078750 0.076667
0 0.225000 0.790417 0.063750 0.092500
0 0.342500 0.353750 0.065000 0.109167
0 0.240000 0.322500 0.070000 0.103333
0 0.490312 0.203333 0.079375 0.103333
0 0.171563 0.220000 0.079375 0.090000
0 0.175625 0.262083 0.080000 0.100833
0 0.346875 0.678750 0.077500 0.100833
0 0.705937 0.802083 0.066875 0.107500
0 0.577812 0.067083 0.065625 0.085833
0 0.459062 0.608750 0.071875 0.097500
0 0.818125 0.407500 0.061250 0.083333
0 0.898125 0.300000 0.065000 0.085000
0 0.547500 0.083750 0.065000 0.102500
0 0.311563 0.550833 0.071875 0.098333
0 0.392500 0.369583 0.056250 0.119167
0 0.660312 0.703750 0.076875 0.075833
0 0.124688 0.692083 0.073125 0.084167
1 0.260313 0.795000 0.070625 0.145000
0 0.749687 0.532917 0.063125 0.090833
0 0.283438 0.263333 0.045625 0.113333
0 0.364375 0.635417 0.076250 0.097500
0 0.305000 0.637500 0.072500 0.096667
0 0.627500 0.775000 0.052500 0.108333
0 0.651250 0.674583 0.070000 0.099167
0 0.319063 0.718333 0.068125 0.088333
0 0.224688 0.727500 0.058125 0.111667
0 0.421875 0.948750 0.072500 0.084167
0 0.960313 0.835833 0.054375 0.096667
0 0.631250 0.447500 0.046250 0.113333
0 0.558750 0.283750 0.061250 0.077500
