0 0.170625 0.499167 0.061250 0.086667
0 0.213750 0.091250 0.063750 0.077500
0 0.307500 0.950417 0.060000 0.077500
0 0.145000 0.645000 0.067500 0.086667
0 0.067500 0.778333 0.068750 0.086667
0 0.666562 0.686667 0.073125 0.095000
0 0.112500 0.124583 0.063750 0.084167
0 0.201563 0.732083 0.060625 0.077500
0 0.078125 0.932083 0.062500 0.080833
0 0.122188 0.275000 0.068125 0.091667
0 0.782813 0.918333 0.063125 0.083333
0 0.084687 0.405833 0.066875 0.081667
4 0.719063 0.280000 0.075625 0.093333
0 0.538750 0.776667 0.061250 0.080000
0 0.300938 0.647083 0.058125 0.084167
0 0.597500 0.937500 0.073750 0.085000
0 0.304063 0.748750 0.066875 0.092500
0 0.411562 0.334167 0.059375 0.081667
0 0.619062 0.212083 0.071875 0.084167
0 0.199687 0.388750 0.056875 0.079167
0 0.834063 0.345417 0.071875 0.092500
0 0.131875 0.746667 0.065000 0.085000
0 0.257812 0.418333 0.068125 0.093333
0 0.597500 0.832500 0.068750 0.088333
0 0.403750 0.454583 0.075000 0.099167
0 0.884062 0.166250 0.066875 0.089167
0 0.862812 0.106250 0.078125 0.090833
0 0.527813 0.283750 0.068125 0.082500
0 0.365625 0.532917 0.072500 0.089167
0 0.574375 0.073750 0.072500 0.095833
0 0.403750 0.700417 0.072500 0.090833
0 0.321875 0.340000 0.066250 0.091667
0 0.846562 0.925417 0.073125 0.080833
0 0.625000 0.127083 0.061250 0.082500
0 0.768125 0.232083 0.076250 0.097500
0 0.275313 0.192083 0.056875 0.079167
0 0.785000 0.628333 0.060000 0.080000
0 0.241875 0.665417 0.070000 0.097500
0 0.510625 0.169583 0.075000 0.087500
0 0.308125 0.142500 0.065000 0.086667
0 0.316250 0.257917 0.066250 0.074167
0 0.373437 0.881250 0.070625 0.077500
0 0.896563 0.510833 0.061875 0.075000
0 0.915000 0.067083 0.072500 0.094167
0 0.334062 0.832500 0.063125 0.081667
0 0.364375 0.377083 0.063750 0.070833
0 0.815937 0.190000 0.063125 0.073333
0 0.200937 0.312500 0.068125 0.086667
0 0.817813 0.857917 0.065625 0.077500
0 0.407813 0.792917 0.064375 0.089167
0 0.104063 0.053750 0.064375 0.084167
4 0.919063 0.446667 0.088125 0.100000
0 0.836562 0.461250 0.061875 0.087500
0 0.869687 0.647500 0.070625 0.075000
0 0.348750 0.448750 0.065000 0.070833
0 0.894687 0.585833 0.065625 0.071667
0 0.078437 0.327083 0.070625 0.077500
0 0.852187 0.750000 0.080625 0.078333
0 0.501875 0.737500 0.057500 0.083333
0 0.603125 0.299583 0.063750 0.074167
0 0.638750 0.348750 0.071250 0.079167
0 0.085312 0.866667 0.084375 0.095000
0 0.460938 0.097917 0.098125 0.064167
0 0.447188 0.780417 0.060625 0.087500
0 0.656875 0.273333 0.053750 0.073333
0 0.838750 0.705833 0.076250 0.076667
0 0.527500 0.048750 0.058750 0.075833
0 0.143125 0.045417 0.065000 0.079167
0 0.694063 0.548750 0.076875 0.104167
0 0.637500 0.592083 0.073750 0.092500
0 0.887500 0.824583 0.066250 0.104167
0 0.577187 0.567500 0.049375 0.066667
0 0.551562 0.637500 0.046875 0.085000
0 0.473125 0.685833 0.056250 0.083333
0 0.606250 0.617917 0.051250 0.064167
