0 0.704063 0.739583 0.070625 0.095833
0 0.550312 0.909583 0.069375 0.095833
0 0.597187 0.380833 0.069375 0.091667
0 0.732500 0.837917 0.068750 0.085833
0 0.844063 0.357917 0.068125 0.092500
0 0.605000 0.585833 0.060000 0.081667
0 0.408125 0.419583 0.062500 0.084167
0 0.057813 0.358750 0.069375 0.087500
0 0.037187 0.865000 0.063125 0.083333
0 0.921250 0.108750 0.071250 0.092500
0 0.456562 0.219583 0.080625 0.102500
0 0.542188 0.660833 0.063125 0.083333
0 0.649062 0.845000 0.074375 0.098333
0 0.568750 0.224167 0.068750 0.101667
0 0.950625 0.780833 0.068750 0.083333
0 0.837187 0.226250 0.078125 0.104167
0 0.415625 0.648750 0.067500 0.075833
0 0.254375 0.345833 0.056250 0.093333
0 0.038125 0.720000 0.067500 0.091667
0 0.859062 0.624167 0.070625 0.078333
0 0.304375 0.900417 0.078750 0.107500
0 0.458750 0.518750 0.076250 0.082500
0 0.179688 0.339583 0.075625 0.094167
0 0.517188 0.134583 0.069375 0.107500
0 0.466250 0.880833 0.078750 0.096667
0 0.840000 0.919583 0.067500 0.099167
0 0.954375 0.335833 0.065000 0.086667
0 0.155000 0.100417 0.082500 0.107500
0 0.473438 0.778750 0.070625 0.080833
0 0.849375 0.797500 0.087500 0.110000
0 0.634375 0.079583 0.060000 0.080833
0 0.736875 0.934583 0.072500 0.090833
0 0.396875 0.739583 0.063750 0.072500
0 0.504687 0.299583 0.056875 0.074167
0 0.679063 0.518333 0.068125 0.098333
0 0.465938 0.633750 0.071875 0.097500
0 0.513750 0.069583 0.068750 0.094167
0 0.482187 0.724167 0.073125 0.071667
0 0.940625 0.238750 0.066250 0.094167
0 0.322813 0.395000 0.090625 0.075000
0 0.760938 0.130417 0.060625 0.079167
0 0.113437 0.447083 0.069375 0.095833
0 0.213438 0.480000 0.084375 0.085000
0 0.142187 0.619167 0.073125 0.091667
0 0.271562 0.451250 0.066875 0.097500
0 0.366250 0.170417 0.080000 0.109167
0 0.320312 0.216250 0.089375 0.114167
0 0.447813 0.579167 0.073125 0.103333
0 0.213125 0.547917 0.081250 0.075833
1 0.487187 0.417500 0.083125 0.148333
0 0.776875 0.474583 0.067500 0.089167
