0 0.454688 0.502917 0.085625 0.095833
0 0.449062 0.945417 0.085625 0.102500
0 0.198437 0.704583 0.081875 0.097500
0 0.829063 0.595000 0.056875 0.080000
0 0.959063 0.740833 0.079375 0.100000
0 0.654375 0.846250 0.077500 0.089167
0 0.727500 0.389583 0.071250 0.097500
0 0.192188 0.073333 0.078125 0.100000
0 0.085938 0.247917 0.078125 0.097500
0 0.352187 0.936250 0.080625 0.087500
0 0.246250 0.571667 0.066250 0.093333
0 0.920937 0.392083 0.083125 0.104167
0 0.119063 0.677500 0.083125 0.100000
0 0.588125 0.357083 0.073750 0.089167
0 0.167813 0.568750 0.070625 0.107500
0 0.887813 0.937917 0.078125 0.094167
0 0.862187 0.305833 0.081875 0.103333
0 0.339375 0.517083 0.072500 0.102500
0 0.934688 0.608750 0.071875 0.112500
0 0.677500 0.559167 0.073750 0.088333
0 0.615938 0.509583 0.079375 0.094167
0 0.875625 0.433750 0.061250 0.082500
0 0.910000 0.113333 0.080000 0.103333
0 0.791562 0.170417 0.080625 0.084167
0 0.882188 0.535417 0.065625 0.085833
0 0.381563 0.050000 0.074375 0.098333
0 0.795937 0.282917 0.081875 0.090833
0 0.276875 0.950000 0.071250 0.085000
1 0.488438 0.259167 0.073125 0.113333
0 0.723125 0.544167 0.066250 0.120000
0 0.685625 0.323333 0.076250 0.088333
0 0.293438 0.480833 0.079375 0.093333
0 0.094062 0.513333 0.076875 0.115000
0 0.414375 0.405000 0.077500 0.098333
0 0.378437 0.201250 0.068125 0.095833
0 0.163438 0.322500 0.076875 0.101667
0 0.533438 0.469583 0.080625 0.109167
3 0.279375 0.633333 0.081250 0.110000
0 0.680625 0.760417 0.067500 0.092500
0 0.047188 0.747500 0.075625 0.106667
0 0.526875 0.119167 0.076250 0.093333
0 0.742812 0.787917 0.068125 0.087500
0 0.639687 0.642917 0.070625 0.097500
0 0.311563 0.320833 0.076875 0.096667
0 0.551562 0.536250 0.074375 0.102500
0 0.242500 0.269167 0.060000 0.098333
0 0.603437 0.294583 0.070625 0.092500
0 0.311875 0.162917 0.080000 0.107500
0 0.609688 0.767500 0.068125 0.093333
0 0.037812 0.137083 0.073125 0.099167
0 0.089063 0.840833 0.076875 0.100000
0 0.760938 0.244167 0.075625 0.085000
0 0.508750 0.604583 0.086250 0.082500
0 0.888750 0.886250 0.071250 0.104167
0 0.315000 0.234167 0.077500 0.115000
0 0.509687 0.785000 0.063125 0.085000
0 0.481250 0.399583 0.070000 0.092500
0 0.928125 0.784583 0.066250 0.112500
0 0.154375 0.435000 0.072500 0.108333
0 0.450000 0.314167 0.068750 0.090000
0 0.566250 0.847917 0.061250 0.100833
0 0.111875 0.565833 0.065000 0.098333
0 0.369375 0.293333 0.071250 0.091667
0 0.701562 0.285000 0.069375 0.088333
0 0.421875 0.839583 0.076250 0.094167
0 0.789062 0.652500 0.060625 0.086667
0 0.130938 0.867083 0.070625 0.105833
0 0.049063 0.868333 0.065625 0.093333
0 0.214062 0.857917 0.069375 0.095833
0 0.789375 0.200000 0.070000 0.093333
0 0.480312 0.775000 0.068125 0.096667
0 0.453125 0.175417 0.077500 0.095833
0 0.052500 0.040833 0.085000 0.078333
0 0.242812 0.874167 0.079375 0.085000
0 0.748125 0.132083 0.081250 0.079167
0 0.674063 0.188333 0.079375 0.096667
0 0.447188 0.122500 0.080625 0.100000
0 0.717500 0.098750 0.078750 0.090833
0 0.667500 0.088750 0.085000 0.097500
0 0.432188 0.352917 0.073125 0.099167
0 0.430937 0.146667 0.070625 0.108333
0 0.205625 0.936667 0.075000 0.073333
0 0.643437 0.188750 0.073125 0.107500
0 0.747500 0.651250 0.071250 0.097500
0 0.550312 0.254167 0.065625 0.095000
0 0.490000 0.867500 0.075000 0.073333
0 0.869375 0.557083 0.070000 0.097500
0 0.959063 0.126250 0.069375 0.095833
0 0.385937 0.082917 0.074375 0.094167
0 0.646563 0.262917 0.073125 0.100833
0 0.702187 0.645833 0.056875 0.090000
0 0.032500 0.919583 0.052500 0.102500
