0 0.847500 0.257083 0.071250 0.105833
0 0.593437 0.270833 0.075625 0.100000
0 0.536250 0.341250 0.075000 0.097500
0 0.932500 0.416250 0.071250 0.095833
0 0.155625 0.657500 0.066250 0.091667
0 0.807813 0.567083 0.074375 0.097500
0 0.326562 0.150000 0.080625 0.111667
0 0.493437 0.215000 0.069375 0.093333
0 0.186250 0.248333 0.073750 0.093333
0 0.455313 0.059167 0.074375 0.096667
0 0.910312 0.116250 0.073125 0.099167
0 0.659062 0.342083 0.061875 0.084167
0 0.191250 0.352083 0.067500 0.094167
0 0.754687 0.474583 0.064375 0.089167
0 0.701250 0.202500 0.077500 0.105000
0 0.117500 0.571250 0.063750 0.082500
0 0.537500 0.129167 0.062500 0.086667
0 0.416563 0.155000 0.078125 0.105000
0 0.372188 0.440417 0.071875 0.087500
0 0.636250 0.150000 0.077500 0.101667
0 0.576562 0.647083 0.063125 0.084167
0 0.231875 0.847500 0.068750 0.098333
0 0.650625 0.628333 0.063750 0.096667
0 0.710938 0.659167 0.066875 0.095000
0 0.802813 0.325000 0.069375 0.091667
0 0.655937 0.828750 0.064375 0.102500
0 0.129062 0.325417 0.066875 0.105833
0 0.922813 0.776250 0.070625 0.085833
0 0.849688 0.725833 0.073125 0.105000
0 0.892188 0.636667 0.060625 0.081667
0 0.639375 0.480000 0.057500 0.081667
0 0.590313 0.416250 0.071875 0.094167
0 0.218750 0.738750 0.085000 0.105833
0 0.333750 0.886250 0.063750 0.079167
0 0.117813 0.100417 0.083125 0.104167
0 0.050000 0.521667 0.071250 0.091667
0 0.371250 0.681667 0.070000 0.093333
0 0.964063 0.660417 0.068125 0.092500
0 0.203437 0.579583 0.068125 0.095833
0 0.763750 0.257500 0.076250 0.108333
0 0.505000 0.902083 0.063750 0.097500
0 0.333750 0.630417 0.067500 0.087500
0 0.474687 0.707917 0.076875 0.094167
0 0.053437 0.285000 0.078125 0.093333
0 0.489375 0.506250 0.070000 0.107500
0 0.954063 0.305417 0.070625 0.110833
0 0.110000 0.472500 0.070000 0.093333
0 0.745313 0.958333 0.059375 0.081667
0 0.818125 0.762917 0.068750 0.100833
0 0.546250 0.881250 0.075000 0.082500
0 0.520938 0.532500 0.076875 0.096667
0 0.070000 0.612500 0.065000 0.078333
0 0.274062 0.480833 0.096875 0.083333
0 0.223438 0.152500 0.071875 0.100000
0 0.081562 0.675000 0.063125 0.073333
0 0.037812 0.761667 0.075625 0.098333
0 0.418438 0.492500 0.054375 0.090000
0 0.717812 0.829583 0.066875 0.114167
0 0.878750 0.502083 0.076250 0.100833
0 0.228125 0.658333 0.048750 0.063333
0 0.369375 0.047917 0.072500 0.095833
0 0.210938 0.955000 0.070625 0.088333
0 0.269062 0.637083 0.063125 0.099167
0 0.615313 0.052917 0.065625 0.100833
0 0.032500 0.420417 0.065000 0.097500
1 0.356250 0.535000 0.092500 0.103333
