0 0.590000 0.672917 0.082500 0.099167
0 0.550312 0.257917 0.074375 0.099167
0 0.113750 0.512083 0.078750 0.104167
0 0.430625 0.435417 0.078750 0.094167
0 0.551562 0.582917 0.079375 0.105833
0 0.393437 0.656667 0.065625 0.096667
0 0.783438 0.724583 0.081875 0.110833
0 0.956562 0.791250 0.069375 0.100833
0 0.108750 0.879583 0.078750 0.097500
0 0.201875 0.210000 0.081250 0.090000
0 0.171563 0.127083 0.080625 0.097500
0 0.199375 0.500417 0.086250 0.114167
0 0.317812 0.687500 0.078125 0.095000
0 0.188438 0.616667 0.093125 0.091667
0 0.823750 0.652083 0.077500 0.114167
0 0.953750 0.386250 0.070000 0.124167
0 0.921875 0.086250 0.081250 0.107500
0 0.448125 0.195417 0.082500 0.114167
0 0.665312 0.212917 0.085625 0.095833
0 0.048750 0.201667 0.077500 0.096667
0 0.924063 0.531250 0.064375 0.089167
0 0.561250 0.443333 0.095000 0.090000
0 0.893125 0.809167 0.072500 0.101667
0 0.178750 0.405833 0.080000 0.088333
0 0.312188 0.899167 0.086875 0.106667
0 0.325937 0.187917 0.103125 0.104167
3 0.190312 0.307500 0.104375 0.118333
0 0.883750 0.370417 0.095000 0.085833
0 0.094375 0.362917 0.087500 0.102500
0 0.198437 0.913750 0.086875 0.102500
0 0.765625 0.366250 0.078750 0.104167
0 0.285000 0.479167 0.080000 0.121667
0 0.080937 0.433750 0.081875 0.105833
0 0.107188 0.617917 0.059375 0.099167
0 0.060937 0.620417 0.065625 0.107500
0 0.801562 0.452917 0.060625 0.092500
0 0.762813 0.445417 0.066875 0.069167
