0 0.321875 0.640417 0.063750 0.084167
0 0.571875 0.192917 0.061250 0.094167
0 0.410938 0.280833 0.060625 0.081667
0 0.651875 0.137500 0.077500 0.088333
0 0.267500 0.463750 0.063750 0.087500
0 0.238125 0.554583 0.078750 0.087500
0 0.695312 0.600000 0.071875 0.083333
0 0.441250 0.697917 0.068750 0.097500
0 0.067812 0.192083 0.084375 0.087500
0 0.896250 0.285417 0.076250 0.094167
0 0.404687 0.470417 0.076875 0.110833
0 0.565000 0.764167 0.058750 0.081667
0 0.657813 0.799167 0.068125 0.100000
0 0.425312 0.107083 0.063125 0.082500
0 0.729375 0.728750 0.065000 0.089167
0 0.163125 0.522500 0.062500 0.091667
0 0.277187 0.173750 0.065625 0.092500
0 0.412187 0.871667 0.070625 0.096667
0 0.339375 0.725417 0.068750 0.077500
0 0.858437 0.630417 0.060625 0.085833
0 0.241875 0.944167 0.062500 0.088333
0 0.591875 0.092500 0.063750 0.091667
0 0.198437 0.468333 0.061875 0.085000
0 0.249375 0.793750 0.066250 0.079167
0 0.127812 0.380000 0.066875 0.083333
0 0.055000 0.637083 0.060000 0.084167
0 0.587500 0.686250 0.070000 0.087500
0 0.790937 0.763750 0.051875 0.089167
0 0.184375 0.771250 0.065000 0.085833
3 0.198125 0.864167 0.078750 0.108333
0 0.820937 0.567083 0.053125 0.070833
0 0.740938 0.889583 0.066875 0.095833
0 0.685625 0.428333 0.056250 0.078333
0 0.721875 0.055833 0.065000 0.090000
4 0.668750 0.513333 0.072500 0.101667
0 0.462187 0.505000 0.056875 0.096667
0 0.279062 0.059167 0.059375 0.100000
0 0.124688 0.103750 0.058125 0.085833
0 0.960313 0.105000 0.056875 0.088333
0 0.306250 0.423750 0.063750 0.094167
1 0.911563 0.401250 0.066875 0.134167
0 0.185938 0.687083 0.056875 0.082500
0 0.734375 0.470000 0.067500 0.100000
0 0.550000 0.487917 0.071250 0.080833
0 0.173750 0.101667 0.056250 0.090000
0 0.904062 0.081667 0.050625 0.073333
0 0.485625 0.560833 0.051250 0.066667
0 0.035312 0.099583 0.051875 0.075833
0 0.526563 0.060000 0.056875 0.081667
0 0.512188 0.200000 0.055625 0.108333
4 0.229375 0.106667 0.070000 0.103333
0 0.625625 0.475000 0.063750 0.096667
0 0.066875 0.094583 0.063750 0.097500
0 0.934063 0.576667 0.054375 0.073333
0 0.467187 0.042917 0.063125 0.082500
0 0.960313 0.575417 0.068125 0.104167
