1 0.639062 0.113750 0.083125 0.095833
0 0.479063 0.932083 0.058125 0.077500
0 0.604375 0.529583 0.067500 0.079167
0 0.923438 0.400000 0.056875 0.075000
0 0.400625 0.264167 0.076250 0.095000
0 0.085625 0.508750 0.071250 0.095833
0 0.895938 0.753333 0.074375 0.091667
0 0.132812 0.730417 0.068125 0.089167
0 0.682813 0.879583 0.073125 0.095833
0 0.804375 0.748333 0.067500 0.086667
0 0.634062 0.676250 0.061875 0.082500
0 0.302500 0.350417 0.060000 0.075833
0 0.209375 0.906250 0.067500 0.082500
0 0.867812 0.229167 0.074375 0.096667
0 0.130625 0.867500 0.070000 0.090000
0 0.083437 0.135000 0.060625 0.101667
0 0.557813 0.075417 0.074375 0.104167
0 0.711875 0.442083 0.071250 0.082500
1 0.265313 0.157083 0.081875 0.102500
0 0.283750 0.735417 0.071250 0.099167
0 0.502812 0.473333 0.064375 0.093333
0 0.206563 0.111250 0.069375 0.084167
0 0.787188 0.680000 0.056875 0.080000
0 0.902188 0.591250 0.068125 0.080833
0 0.449062 0.677500 0.058125 0.091667
0 0.082500 0.788750 0.067500 0.082500
0 0.866563 0.379167 0.064375 0.080000
0 0.785000 0.903750 0.078750 0.072500
0 0.222188 0.802917 0.069375 0.089167
0 0.613437 0.320833 0.074375 0.086667
0 0.297500 0.086250 0.066250 0.084167
0 0.816250 0.125417 0.068750 0.085833
4 0.802188 0.529167 0.088125 0.105000
0 0.851250 0.312500 0.070000 0.078333
0 0.324062 0.737917 0.070625 0.090833
0 0.395625 0.592083 0.073750 0.084167
0 0.569063 0.637500 0.066875 0.068333
0 0.610625 0.263333 0.067500 0.093333
0 0.553438 0.407083 0.074375 0.080833
0 0.036562 0.897917 0.071875 0.079167
0 0.061875 0.269167 0.067500 0.086667
0 0.573438 0.383750 0.108125 0.072500
0 0.520625 0.600417 0.043750 0.079167
