0 0.300938 0.273750 0.079375 0.092500
0 0.046562 0.103750 0.078125 0.095833
0 0.890938 0.190000 0.080625 0.101667
0 0.602187 0.416667 0.079375 0.113333
0 0.122188 0.644583 0.069375 0.094167
0 0.094062 0.532917 0.069375 0.090833
0 0.641250 0.950417 0.076250 0.099167
0 0.462500 0.729583 0.083750 0.099167
0 0.199063 0.536250 0.085625 0.099167
0 0.847187 0.517500 0.074375 0.101667
0 0.749375 0.515417 0.068750 0.100833
0 0.421250 0.093333 0.080000 0.096667
0 0.593437 0.286667 0.080625 0.098333
0 0.360312 0.864167 0.080625 0.088333
0 0.753125 0.695000 0.076250 0.111667
0 0.895938 0.712500 0.070625 0.085000
0 0.309375 0.628750 0.068750 0.100833
3 0.371563 0.560833 0.106875 0.106667
0 0.164062 0.115417 0.071875 0.092500
0 0.959063 0.795417 0.073125 0.097500
0 0.927500 0.100833 0.073750 0.111667
0 0.545937 0.184583 0.063125 0.105833
0 0.870313 0.373750 0.076875 0.097500
0 0.826562 0.685000 0.069375 0.111667
0 0.478438 0.855833 0.070625 0.105000
0 0.332188 0.930000 0.078125 0.110000
0 0.046562 0.483333 0.073125 0.113333
0 0.367500 0.762083 0.073750 0.094167
0 0.534687 0.804167 0.086875 0.105000
0 0.385000 0.362500 0.080000 0.098333
0 0.702812 0.415417 0.073125 0.097500
0 0.565937 0.065417 0.074375 0.090833
0 0.169375 0.859167 0.071250 0.113333
0 0.202187 0.241250 0.075625 0.109167
0 0.826875 0.178750 0.062500 0.114167
0 0.545625 0.649583 0.078750 0.109167
0 0.255937 0.212500 0.081875 0.100000
0 0.875000 0.638750 0.063750 0.090833
0 0.640000 0.190000 0.066250 0.106667
0 0.246562 0.459583 0.063125 0.107500
0 0.137500 0.375417 0.072500 0.105833
0 0.107500 0.379583 0.082500 0.107500
0 0.247500 0.472917 0.111250 0.074167
0 0.588437 0.180417 0.064375 0.117500
