0 0.541562 0.698750 0.071875 0.100833
0 0.079375 0.910000 0.057500 0.098333
0 0.458125 0.667917 0.068750 0.089167
0 0.342187 0.675000 0.068125 0.103333
0 0.564375 0.558333 0.061250 0.095000
0 0.414062 0.774583 0.075625 0.099167
0 0.806562 0.397083 0.063125 0.092500
0 0.651875 0.799583 0.066250 0.077500
0 0.624375 0.542917 0.060000 0.109167
0 0.324688 0.763750 0.078125 0.094167
0 0.625313 0.728333 0.068125 0.078333
0 0.773438 0.228750 0.058125 0.077500
0 0.587500 0.344167 0.076250 0.090000
0 0.794687 0.575417 0.064375 0.102500
0 0.672188 0.606250 0.074375 0.092500
0 0.301875 0.585417 0.062500 0.090833
0 0.525312 0.611250 0.061875 0.085833
0 0.045937 0.795417 0.064375 0.089167
0 0.896250 0.132083 0.070000 0.105833
0 0.842187 0.147917 0.055625 0.082500
0 0.571562 0.790417 0.073125 0.095833
0 0.783750 0.692500 0.068750 0.095000
0 0.328437 0.841667 0.083125 0.085000
0 0.853125 0.475833 0.061250 0.080000
0 0.545312 0.892083 0.066875 0.080833
0 0.508437 0.811250 0.066875 0.097500
0 0.816875 0.295833 0.070000 0.086667
0 0.487812 0.389167 0.061875 0.101667
0 0.231875 0.563333 0.067500 0.086667
0 0.940937 0.075833 0.061875 0.090000
0 0.888750 0.311667 0.076250 0.095000
0 0.698750 0.871667 0.060000 0.088333
0 0.599375 0.272917 0.060000 0.082500
0 0.743750 0.316667 0.073750 0.080000
0 0.843750 0.641250 0.065000 0.087500
0 0.657188 0.307500 0.061875 0.096667
0 0.865313 0.550833 0.063125 0.081667
0 0.403125 0.385000 0.076250 0.088333
0 0.839375 0.235417 0.060000 0.087500
0 0.713125 0.366667 0.066250 0.085000
0 0.908750 0.446250 0.061250 0.079167
0 0.821250 0.752500 0.068750 0.088333
0 0.283750 0.705417 0.080000 0.092500
0 0.775000 0.113750 0.062500 0.090833
0 0.481563 0.745417 0.070625 0.090833
0 0.907500 0.615833 0.058750 0.088333
0 0.949375 0.670000 0.062500 0.096667
0 0.137500 0.937083 0.060000 0.090833
0 0.639375 0.881667 0.060000 0.085000
0 0.675625 0.238750 0.057500 0.090833
0 0.862187 0.049583 0.075625 0.080833
0 0.260313 0.641667 0.070625 0.073333
0 0.687813 0.705833 0.066875 0.098333
0 0.331250 0.483750 0.062500 0.089167
0 0.900937 0.385417 0.086875 0.069167
0 0.548750 0.425833 0.076250 0.071667
0 0.953438 0.480833 0.071875 0.078333
0 0.676562 0.468333 0.064375 0.076667
0 0.458437 0.290833 0.069375 0.076667
0 0.444688 0.572917 0.063125 0.102500
0 0.907188 0.220833 0.073125 0.078333
0 0.696875 0.072083 0.065000 0.087500
0 0.153438 0.884167 0.086875 0.068333
0 0.605938 0.670000 0.054375 0.080000
0 0.431875 0.345000 0.077500 0.088333
0 0.364063 0.447917 0.061875 0.112500
0 0.924375 0.552083 0.065000 0.117500
0 0.417812 0.461250 0.064375 0.080833
