0 0.045000 0.222917 0.073750 0.100833
0 0.284062 0.795417 0.078125 0.095833
0 0.333750 0.699583 0.078750 0.104167
0 0.424063 0.887083 0.075625 0.102500
0 0.057500 0.846250 0.071250 0.089167
0 0.190938 0.313750 0.070625 0.094167
0 0.648438 0.563333 0.079375 0.093333
0 0.880000 0.596250 0.080000 0.107500
0 0.319375 0.117500 0.078750 0.100000
0 0.562187 0.515417 0.075625 0.105833
0 0.190625 0.670833 0.077500 0.086667
0 0.690625 0.648333 0.067500 0.106667
0 0.715938 0.465833 0.065625 0.100000
0 0.155000 0.591250 0.072500 0.107500
0 0.346875 0.897917 0.075000 0.102500
0 0.612812 0.062083 0.068125 0.087500
0 0.622500 0.433750 0.081250 0.105833
0 0.954375 0.142917 0.080000 0.104167
0 0.651875 0.059583 0.077500 0.099167
3 0.078437 0.594167 0.074375 0.125000
0 0.769375 0.056250 0.078750 0.094167
0 0.536563 0.713333 0.084375 0.108333
0 0.519062 0.623333 0.069375 0.096667
0 0.675625 0.215000 0.078750 0.080000
0 0.230937 0.231250 0.059375 0.082500
0 0.520625 0.160417 0.075000 0.094167
0 0.854062 0.442083 0.075625 0.107500
0 0.479375 0.232500 0.071250 0.086667
0 0.531250 0.814583 0.070000 0.099167
0 0.800000 0.144167 0.071250 0.086667
0 0.235000 0.522917 0.067500 0.090833
0 0.031875 0.405417 0.062500 0.104167
0 0.349062 0.489583 0.073125 0.102500
0 0.782188 0.348333 0.070625 0.091667
0 0.126875 0.238333 0.060000 0.095000
0 0.881250 0.943750 0.063750 0.089167
0 0.912188 0.826667 0.069375 0.095000
0 0.379375 0.345833 0.071250 0.101667
0 0.062812 0.765000 0.058125 0.073333
0 0.078750 0.345000 0.063750 0.090000
0 0.449688 0.660417 0.068125 0.092500
0 0.456562 0.618750 0.066875 0.095833
0 0.499375 0.332083 0.066250 0.112500
