0 0.057813 0.300417 0.073125 0.102500
0 0.489063 0.430000 0.080625 0.095000
0 0.424063 0.240833 0.061875 0.090000
0 0.589063 0.900417 0.068125 0.094167
0 0.607812 0.283333 0.081875 0.086667
0 0.440000 0.852083 0.083750 0.099167
0 0.077188 0.051250 0.078125 0.097500
0 0.887500 0.281250 0.087500 0.110833
0 0.734375 0.269583 0.091250 0.109167
0 0.067187 0.842500 0.084375 0.101667
0 0.125938 0.252500 0.079375 0.090000
0 0.435000 0.159167 0.065000 0.078333
0 0.261250 0.642500 0.087500 0.106667
0 0.297812 0.923333 0.081875 0.096667
0 0.242812 0.786250 0.084375 0.120833
0 0.161562 0.564583 0.073125 0.112500
0 0.903125 0.587500 0.087500 0.100000
6 0.542188 0.829583 0.090625 0.114167
0 0.851250 0.168750 0.087500 0.102500
0 0.814063 0.137083 0.075625 0.077500
0 0.174687 0.123750 0.070625 0.099167
0 0.700313 0.749167 0.068125 0.131667
0 0.188438 0.836250 0.080625 0.115833
0 0.381563 0.614583 0.088125 0.092500
0 0.633750 0.740833 0.080000 0.113333
0 0.221250 0.945833 0.085000 0.095000
0 0.460938 0.520833 0.076875 0.095000
0 0.850625 0.868750 0.071250 0.109167
0 0.334062 0.723333 0.074375 0.103333
0 0.290312 0.527083 0.084375 0.084167
0 0.714375 0.125000 0.081250 0.103333
0 0.820937 0.644167 0.083125 0.105000
0 0.694063 0.429583 0.078125 0.119167
0 0.520312 0.169583 0.070625 0.084167
0 0.829375 0.241667 0.087500 0.083333
0 0.435625 0.080417 0.083750 0.080833
0 0.750313 0.407083 0.069375 0.119167
0 0.350938 0.540833 0.070625 0.108333
0 0.888437 0.472917 0.094375 0.087500
0 0.789062 0.596667 0.100625 0.096667
0 0.891250 0.524583 0.098750 0.079167
0 0.548438 0.768333 0.098125 0.095000
0 0.524062 0.684167 0.065625 0.093333
