0 0.514062 0.405000 0.063125 0.096667
0 0.272813 0.676667 0.069375 0.078333
0 0.259688 0.454583 0.071875 0.085833
0 0.302187 0.744583 0.071875 0.097500
0 0.204063 0.104583 0.068125 0.097500
0 0.677500 0.106250 0.061250 0.089167
0 0.101250 0.745000 0.075000 0.081667
0 0.545625 0.214583 0.071250 0.105833
0 0.489063 0.259167 0.061875 0.088333
0 0.319375 0.583750 0.067500 0.097500
0 0.734688 0.125417 0.063125 0.109167
0 0.134063 0.815000 0.063125 0.091667
0 0.035312 0.056667 0.068125 0.093333
0 0.583750 0.127500 0.066250 0.105000
0 0.775937 0.657500 0.059375 0.110000
0 0.040313 0.687917 0.066875 0.105833
0 0.218125 0.380833 0.072500 0.103333
0 0.200000 0.835000 0.071250 0.088333
0 0.730938 0.723750 0.075625 0.080833
0 0.384062 0.045417 0.070625 0.090833
0 0.154375 0.443333 0.065000 0.108333
0 0.867500 0.499583 0.073750 0.109167
0 0.925937 0.465000 0.071875 0.088333
0 0.075000 0.400833 0.063750 0.098333
0 0.862812 0.795000 0.078125 0.101667
0 0.691875 0.455000 0.073750 0.110000
0 0.818750 0.380833 0.071250 0.098333
0 0.235000 0.779583 0.087500 0.089167
0 0.050000 0.932083 0.053750 0.100833
0 0.615313 0.270833 0.075625 0.101667
0 0.368437 0.391250 0.063125 0.082500
0 0.095625 0.875417 0.068750 0.097500
0 0.616875 0.794583 0.075000 0.090833
0 0.425938 0.193333 0.085625 0.086667
0 0.199375 0.931667 0.072500 0.081667
0 0.430937 0.127500 0.075625 0.088333
0 0.348438 0.251250 0.070625 0.092500
0 0.446562 0.428333 0.078125 0.095000
0 0.535937 0.604167 0.079375 0.098333
0 0.549375 0.924583 0.078750 0.074167
0 0.494063 0.156667 0.063125 0.111667
0 0.082500 0.251667 0.053750 0.103333
0 0.332813 0.852083 0.081875 0.104167
0 0.633437 0.559583 0.064375 0.117500
0 0.917188 0.697083 0.061875 0.114167
0 0.641250 0.647083 0.093750 0.089167
0 0.715938 0.807500 0.076875 0.088333
0 0.161250 0.701250 0.061250 0.109167
0 0.863125 0.633333 0.065000 0.116667
0 0.557500 0.857083 0.082500 0.082500
0 0.852812 0.302083 0.083125 0.079167
0 0.888437 0.355000 0.076875 0.105000
0 0.469062 0.337083 0.085625 0.099167
0 0.293438 0.900000 0.073125 0.113333
0 0.966875 0.526250 0.065000 0.090833
0 0.595313 0.419583 0.078125 0.087500
0 0.314063 0.408333 0.059375 0.131667
0 0.531875 0.525000 0.068750 0.100000
0 0.691562 0.582500 0.050625 0.105000
0 0.530312 0.102500 0.069375 0.115000
0 0.112812 0.433750 0.060625 0.129167
0 0.110000 0.672500 0.073750 0.088333
0 0.582812 0.537917 0.055625 0.117500
0 0.954375 0.415833 0.076250 0.096667
0 0.845313 0.242500 0.088125 0.090000
0 0.146250 0.634583 0.075000 0.067500
0 0.805937 0.773333 0.090625 0.080000
0 0.245938 0.921250 0.061875 0.099167
0 0.031875 0.254583 0.062500 0.117500
0 0.802500 0.202083 0.092500 0.087500
0 0.793438 0.850417 0.086875 0.082500
0 0.725313 0.591250 0.056875 0.140833
0 0.827500 0.718333 0.110000 0.065000
