0 0.180938 0.894167 0.061875 0.086667
0 0.762500 0.235000 0.062500 0.093333
0 0.262500 0.362083 0.077500 0.095833
0 0.670937 0.840833 0.056875 0.091667
0 0.606875 0.331667 0.068750 0.091667
0 0.746250 0.135417 0.077500 0.100833
0 0.258437 0.579167 0.080625 0.106667
0 0.849063 0.335000 0.068125 0.080000
0 0.941250 0.694583 0.068750 0.089167
0 0.836250 0.774583 0.077500 0.099167
0 0.334688 0.331250 0.068125 0.089167
0 0.412500 0.461667 0.067500 0.111667
0 0.743750 0.515417 0.071250 0.100833
0 0.767813 0.745833 0.068125 0.090000
0 0.667188 0.930833 0.079375 0.090000
0 0.523125 0.385000 0.072500 0.088333
0 0.223438 0.838333 0.066875 0.095000
0 0.448437 0.156250 0.071875 0.090833
0 0.291563 0.245833 0.065625 0.086667
0 0.517500 0.548333 0.067500 0.086667
0 0.741563 0.660000 0.064375 0.098333
0 0.734375 0.357500 0.060000 0.100000
0 0.823438 0.102500 0.065625 0.108333
0 0.823438 0.442917 0.065625 0.119167
0 0.068125 0.182917 0.068750 0.107500
0 0.192812 0.317917 0.063125 0.112500
0 0.965625 0.812500 0.057500 0.093333
0 0.091563 0.535000 0.065625 0.100000
0 0.294063 0.695833 0.064375 0.126667
4 0.620313 0.800000 0.068125 0.126667
0 0.702812 0.475417 0.058125 0.095833
0 0.036562 0.817917 0.060625 0.094167
0 0.195937 0.537083 0.058125 0.125833
0 0.507500 0.451667 0.076250 0.090000
0 0.750938 0.877083 0.068125 0.100833
0 0.655625 0.642917 0.058750 0.112500
1 0.914687 0.847500 0.078125 0.111667
0 0.443437 0.571250 0.056875 0.122500
0 0.645625 0.451667 0.052500 0.103333
0 0.785000 0.902917 0.063750 0.085833
0 0.156875 0.415000 0.073750 0.076667
0 0.935312 0.921250 0.064375 0.089167
0 0.080937 0.415833 0.065625 0.091667
0 0.125938 0.562500 0.060625 0.073333
2 0.132188 0.146250 0.065625 0.137500
4 0.376875 0.735833 0.073750 0.123333
0 0.157812 0.287083 0.063125 0.107500
0 0.076875 0.380833 0.070000 0.091667
0 0.033750 0.107083 0.066250 0.080833
