0 0.292187 0.592917 0.066875 0.085833
0 0.703438 0.342083 0.066875 0.087500
0 0.583438 0.711250 0.064375 0.092500
0 0.079375 0.399583 0.071250 0.092500
0 0.060625 0.196250 0.066250 0.094167
0 0.301250 0.161667 0.065000 0.095000
0 0.538750 0.515000 0.076250 0.100000
0 0.435625 0.351250 0.071250 0.082500
0 0.752500 0.850000 0.076250 0.080000
0 0.618125 0.167917 0.071250 0.094167
0 0.369688 0.855000 0.071875 0.085000
0 0.637188 0.880417 0.071875 0.087500
0 0.809375 0.751250 0.070000 0.104167
0 0.387813 0.277917 0.050625 0.104167
0 0.866250 0.768333 0.061250 0.090000
0 0.219062 0.576667 0.055625 0.086667
0 0.525312 0.892917 0.068125 0.087500
0 0.517188 0.739583 0.056875 0.104167
0 0.935625 0.374167 0.068750 0.070000
0 0.253125 0.745000 0.068750 0.091667
0 0.282187 0.255833 0.066875 0.093333
0 0.405313 0.151250 0.064375 0.097500
0 0.683750 0.124167 0.070000 0.093333
0 0.145313 0.505000 0.064375 0.095000
0 0.369375 0.712917 0.047500 0.112500
0 0.489063 0.312500 0.066875 0.100000
0 0.870000 0.927083 0.071250 0.079167
0 0.153125 0.725833 0.073750 0.106667
0 0.300312 0.497083 0.075625 0.082500
0 0.359375 0.123750 0.067500 0.090833
0 0.712812 0.209583 0.063125 0.087500
0 0.772813 0.230000 0.064375 0.111667
0 0.076875 0.527500 0.068750 0.091667
0 0.626875 0.319583 0.075000 0.092500
0 0.886875 0.175000 0.081250 0.103333
0 0.848750 0.445833 0.060000 0.088333
0 0.379063 0.620417 0.068125 0.090833
0 0.725625 0.568333 0.066250 0.113333
0 0.550312 0.848750 0.069375 0.092500
0 0.915625 0.894167 0.071250 0.105000
0 0.088438 0.627500 0.069375 0.126667
0 0.710938 0.887917 0.061875 0.102500
0 0.679688 0.420000 0.065625 0.081667
0 0.470000 0.706667 0.062500 0.086667
0 0.837187 0.349167 0.076875 0.078333
0 0.650312 0.721250 0.075625 0.107500
0 0.473125 0.145833 0.071250 0.113333
0 0.833438 0.243750 0.070625 0.102500
0 0.727500 0.657500 0.066250 0.091667
0 0.467813 0.487917 0.070625 0.099167
0 0.625313 0.627917 0.069375 0.087500
0 0.594375 0.625417 0.055000 0.125833
0 0.513437 0.164167 0.065625 0.103333
0 0.747812 0.426667 0.073125 0.095000
0 0.384688 0.943333 0.080625 0.101667
0 0.677188 0.823750 0.074375 0.082500
0 0.876250 0.397083 0.072500 0.087500
0 0.479687 0.232083 0.065625 0.099167
0 0.399062 0.582917 0.074375 0.074167
0 0.634687 0.476250 0.075625 0.099167
0 0.234375 0.097917 0.053750 0.135833
0 0.510000 0.403333 0.076250 0.115000
0 0.078125 0.287917 0.068750 0.090833
0 0.936250 0.752083 0.067500 0.094167
0 0.877500 0.713333 0.061250 0.098333
0 0.906250 0.802917 0.061250 0.099167
0 0.387813 0.513333 0.066875 0.108333
0 0.432188 0.685833 0.055625 0.121667
0 0.846562 0.534583 0.078125 0.100833
0 0.193438 0.652917 0.069375 0.095833
0 0.267188 0.463750 0.074375 0.089167
0 0.234063 0.439167 0.054375 0.108333
0 0.524687 0.111250 0.065625 0.104167
0 0.555937 0.460833 0.063125 0.110000
0 0.195625 0.532500 0.067500 0.121667
0 0.502500 0.666667 0.070000 0.088333
0 0.153125 0.672500 0.060000 0.088333
0 0.170937 0.444583 0.060625 0.100833
0 0.740938 0.162083 0.068125 0.114167
0 0.728437 0.049583 0.071875 0.095833
0 0.105625 0.271250 0.053750 0.115833
0 0.439063 0.511250 0.064375 0.104167
0 0.677188 0.720000 0.054375 0.115000
0 0.217500 0.700000 0.050000 0.143333
0 0.493437 0.443750 0.064375 0.114167
