0 0.247812 0.909167 0.071875 0.093333
0 0.233437 0.805000 0.066875 0.096667
0 0.575625 0.907917 0.062500 0.095833
0 0.287500 0.758750 0.078750 0.097500
0 0.417500 0.427917 0.072500 0.099167
0 0.717812 0.652083 0.069375 0.094167
0 0.293125 0.250000 0.060000 0.086667
0 0.349375 0.084583 0.066250 0.094167
0 0.241250 0.270833 0.062500 0.103333
0 0.182188 0.305000 0.064375 0.101667
0 0.813438 0.468750 0.064375 0.104167
0 0.512500 0.482500 0.067500 0.100000
0 0.584688 0.432500 0.079375 0.091667
0 0.230313 0.065000 0.071875 0.115000
0 0.880625 0.842083 0.058750 0.149167
0 0.963437 0.895417 0.061875 0.102500
0 0.830937 0.589583 0.074375 0.102500
6 0.314063 0.320000 0.076875 0.125000
