0 0.231563 0.266667 0.060625 0.080000
0 0.619062 0.566667 0.071875 0.093333
0 0.688125 0.661667 0.061250 0.078333
0 0.244062 0.577500 0.074375 0.085000
0 0.324688 0.734167 0.060625 0.078333
0 0.875625 0.132500 0.073750 0.085000
0 0.495000 0.627083 0.076250 0.092500
0 0.322813 0.400833 0.066875 0.095000
0 0.235937 0.345417 0.069375 0.082500
0 0.596562 0.857917 0.069375 0.085833
0 0.491875 0.467500 0.062500 0.093333
0 0.933750 0.700417 0.067500 0.089167
0 0.377188 0.907083 0.065625 0.087500
0 0.558125 0.331250 0.061250 0.089167
0 0.647500 0.112917 0.063750 0.082500
0 0.065312 0.192500 0.060625 0.085000
0 0.645312 0.768750 0.064375 0.085833
0 0.227187 0.825417 0.069375 0.087500
0 0.611563 0.674167 0.064375 0.085000
0 0.382812 0.827500 0.068125 0.078333
0 0.204063 0.711667 0.068125 0.088333
0 0.256563 0.953333 0.066875 0.083333
0 0.923125 0.487083 0.063750 0.084167
0 0.765000 0.865833 0.073750 0.090000
0 0.918438 0.561250 0.071875 0.084167
0 0.500000 0.950417 0.073750 0.084167
0 0.959688 0.421667 0.069375 0.096667
0 0.505000 0.878333 0.080000 0.083333
0 0.765312 0.547083 0.080625 0.105833
0 0.492500 0.791250 0.067500 0.094167
0 0.913125 0.793333 0.080000 0.085000
0 0.446875 0.789583 0.065000 0.100833
0 0.345313 0.460417 0.060625 0.084167
0 0.833125 0.537500 0.063750 0.090000
0 0.066875 0.865417 0.076250 0.099167
0 0.258125 0.153750 0.068750 0.089167
0 0.491563 0.162917 0.081875 0.090833
0 0.951875 0.200000 0.056250 0.078333
0 0.465313 0.065000 0.076875 0.070000
