0 0.109063 0.430000 0.063125 0.086667
0 0.704375 0.928333 0.061250 0.080000
0 0.628750 0.800417 0.067500 0.089167
0 0.550000 0.945000 0.063750 0.081667
0 0.764687 0.380000 0.069375 0.100000
0 0.778750 0.781667 0.066250 0.090000
0 0.214688 0.252500 0.061875 0.083333
0 0.045000 0.700417 0.065000 0.092500
0 0.832812 0.454167 0.066875 0.085000
0 0.136250 0.590000 0.077500 0.096667
1 0.607500 0.683333 0.067500 0.086667
0 0.743437 0.132083 0.059375 0.067500
0 0.208750 0.477917 0.058750 0.075833
0 0.531563 0.864583 0.058125 0.080833
5 0.412813 0.578750 0.089375 0.115833
0 0.402813 0.065000 0.065625 0.080000
0 0.429375 0.366667 0.060000 0.081667
0 0.244062 0.866667 0.071875 0.095000
0 0.533438 0.704167 0.069375 0.096667
0 0.590938 0.366667 0.060625 0.078333
0 0.508437 0.314583 0.074375 0.114167
3 0.856250 0.873333 0.073750 0.105000
0 0.814375 0.622917 0.061250 0.084167
0 0.162500 0.940417 0.057500 0.085833
0 0.348125 0.199583 0.061250 0.074167
0 0.325625 0.932083 0.063750 0.072500
0 0.578750 0.532500 0.063750 0.076667
0 0.466250 0.710000 0.061250 0.076667
0 0.515312 0.562083 0.055625 0.072500
0 0.073438 0.340833 0.053125 0.081667
0 0.152188 0.664583 0.090625 0.080833
0 0.708125 0.515417 0.048750 0.087500
0 0.659375 0.522500 0.061250 0.081667
0 0.806562 0.194583 0.058125 0.075833
0 0.395313 0.781250 0.054375 0.077500
0 0.490312 0.782917 0.068125 0.087500
0 0.303125 0.196250 0.056250 0.084167
0 0.471250 0.120417 0.083750 0.094167
0 0.330313 0.485000 0.070625 0.085000
0 0.669375 0.696667 0.063750 0.093333
0 0.388750 0.150000 0.070000 0.086667
0 0.454688 0.886250 0.049375 0.075833
0 0.596250 0.612917 0.056250 0.070833
0 0.210313 0.176250 0.069375 0.079167
1 0.928125 0.517917 0.085000 0.085833
0 0.520000 0.126667 0.070000 0.080000
0 0.773750 0.674167 0.062500 0.076667
0 0.590625 0.100000 0.072500 0.076667
0 0.100937 0.941667 0.070625 0.086667
0 0.870313 0.258750 0.051875 0.077500
0 0.674687 0.436250 0.058125 0.075833
0 0.699375 0.638333 0.060000 0.071667
0 0.445625 0.501667 0.057500 0.065000
0 0.644062 0.413750 0.073125 0.100833
0 0.424375 0.199583 0.058750 0.067500
0 0.531563 0.412083 0.059375 0.070833
0 0.311250 0.543333 0.057500 0.073333
0 0.555625 0.232083 0.052500 0.064167
0 0.952187 0.902917 0.060625 0.079167
0 0.123125 0.130833 0.051250 0.076667
0 0.426250 0.443750 0.071250 0.064167
0 0.285625 0.731667 0.055000 0.065000
0 0.705937 0.357500 0.049375 0.073333
0 0.710625 0.574583 0.057500 0.072500
0 0.405000 0.870417 0.045000 0.060833
0 0.431875 0.394583 0.065000 0.075833
