0 0.630938 0.792917 0.064375 0.085833
0 0.063125 0.672917 0.058750 0.090833
0 0.910000 0.797917 0.058750 0.082500
0 0.742812 0.740833 0.061875 0.083333
0 0.504375 0.488750 0.072500 0.097500
0 0.712812 0.500833 0.073125 0.093333
0 0.332813 0.658333 0.064375 0.083333
0 0.924687 0.195000 0.069375 0.095000
0 0.884375 0.428333 0.065000 0.080000
0 0.136875 0.606250 0.062500 0.082500
0 0.150312 0.475417 0.070625 0.094167
0 0.808750 0.454583 0.071250 0.085833
0 0.906563 0.361250 0.071875 0.075833
0 0.803438 0.758333 0.059375 0.086667
0 0.865313 0.051667 0.064375 0.085000
0 0.074375 0.570417 0.065000 0.089167
0 0.678125 0.233750 0.061250 0.080833
0 0.115937 0.775833 0.076875 0.101667
0 0.489687 0.141250 0.070625 0.090833
0 0.823750 0.193750 0.061250 0.082500
0 0.522188 0.392083 0.065625 0.080833
0 0.655312 0.424583 0.070625 0.080833
0 0.703438 0.576250 0.069375 0.099167
0 0.540312 0.657500 0.064375 0.075000
0 0.607187 0.129583 0.069375 0.080833
0 0.934688 0.649583 0.063125 0.087500
0 0.356875 0.527083 0.071250 0.082500
0 0.724688 0.825833 0.079375 0.095000
0 0.460938 0.734583 0.068125 0.095833
0 0.425625 0.468333 0.072500 0.098333
0 0.348750 0.906250 0.055000 0.079167
0 0.755938 0.392083 0.065625 0.080833
0 0.355000 0.196667 0.063750 0.090000
4 0.515625 0.724167 0.067500 0.103333
0 0.454375 0.552917 0.063750 0.080833
0 0.645938 0.290417 0.064375 0.082500
0 0.370312 0.861250 0.061875 0.079167
0 0.804063 0.911667 0.056875 0.071667
0 0.616250 0.062083 0.077500 0.080833
0 0.371875 0.138750 0.072500 0.110833
0 0.625313 0.355417 0.066875 0.080833
0 0.243750 0.872500 0.057500 0.143333
0 0.774062 0.604583 0.060625 0.114167
0 0.491250 0.951667 0.060000 0.086667
0 0.768125 0.200000 0.050000 0.076667
0 0.153125 0.051667 0.072500 0.100000
0 0.905000 0.293333 0.066250 0.083333
0 0.321875 0.369583 0.060000 0.085833
0 0.556562 0.439583 0.065625 0.082500
0 0.336250 0.418333 0.065000 0.078333
0 0.600938 0.958750 0.058125 0.082500
0 0.291875 0.211250 0.071250 0.120833
0 0.057188 0.884583 0.059375 0.107500
0 0.401875 0.310417 0.083750 0.104167
0 0.955313 0.074167 0.056875 0.110000
0 0.945312 0.048333 0.064375 0.085000
0 0.377500 0.362500 0.057500 0.105000
