0 0.578750 0.100833 0.082500 0.105000
0 0.417500 0.593750 0.076250 0.104167
0 0.312188 0.337917 0.085625 0.092500
0 0.788750 0.903750 0.081250 0.102500
0 0.627500 0.296667 0.077500 0.093333
0 0.960625 0.223333 0.065000 0.115000
3 0.462500 0.863333 0.087500 0.111667
0 0.093125 0.322083 0.081250 0.102500
0 0.867188 0.125833 0.076875 0.108333
0 0.898750 0.216250 0.077500 0.125833
0 0.203437 0.777917 0.073125 0.094167
0 0.929063 0.415833 0.070625 0.098333
0 0.783750 0.717500 0.085000 0.105000
0 0.094375 0.076250 0.085000 0.092500
0 0.953125 0.692917 0.077500 0.107500
0 0.874375 0.585000 0.073750 0.091667
0 0.664375 0.859167 0.063750 0.101667
0 0.105938 0.170833 0.071875 0.103333
0 0.875625 0.772500 0.087500 0.103333
0 0.507188 0.135833 0.065625 0.088333
0 0.260625 0.877500 0.092500 0.108333
0 0.555937 0.441250 0.080625 0.094167
0 0.926562 0.910000 0.083125 0.101667
0 0.753437 0.283333 0.091875 0.086667
0 0.107813 0.571250 0.074375 0.095833
0 0.852187 0.436250 0.086875 0.092500
0 0.785937 0.110833 0.078125 0.118333
0 0.191875 0.334583 0.096250 0.100833
0 0.310625 0.257917 0.100000 0.075833
0 0.333437 0.119583 0.070625 0.102500
0 0.855938 0.498333 0.079375 0.090000
