0 0.267188 0.865417 0.066875 0.087500
0 0.541250 0.629583 0.063750 0.102500
0 0.598750 0.312083 0.057500 0.087500
0 0.779062 0.351667 0.061875 0.090000
0 0.375625 0.162083 0.062500 0.089167
0 0.927500 0.354167 0.068750 0.091667
0 0.225938 0.656250 0.051875 0.097500
0 0.374063 0.080000 0.065625 0.085000
0 0.314375 0.543750 0.060000 0.090833
0 0.263750 0.598333 0.057500 0.090000
0 0.364375 0.670833 0.066250 0.095000
0 0.450937 0.902917 0.053125 0.075833
0 0.314063 0.939583 0.074375 0.104167
0 0.855313 0.350833 0.064375 0.096667
0 0.179063 0.775833 0.059375 0.086667
0 0.924687 0.265417 0.055625 0.070833
0 0.626250 0.440000 0.073750 0.088333
0 0.826875 0.813333 0.062500 0.105000
0 0.687500 0.457917 0.058750 0.104167
0 0.545312 0.047500 0.061875 0.075000
0 0.923438 0.523750 0.058125 0.069167
0 0.664687 0.838333 0.064375 0.096667
0 0.957500 0.438750 0.057500 0.087500
0 0.164375 0.222500 0.061250 0.081667
0 0.491250 0.118333 0.070000 0.098333
0 0.647188 0.524583 0.065625 0.064167
0 0.651250 0.354583 0.067500 0.085833
0 0.851875 0.697083 0.063750 0.087500
0 0.506563 0.769583 0.066875 0.084167
0 0.876563 0.059167 0.059375 0.091667
0 0.697812 0.757500 0.054375 0.076667
0 0.602812 0.673333 0.060625 0.086667
0 0.495937 0.826667 0.065625 0.086667
0 0.856250 0.514583 0.071250 0.107500
0 0.757812 0.255000 0.055625 0.083333
0 0.634062 0.240000 0.058125 0.071667
0 0.828438 0.600833 0.063125 0.078333
0 0.398125 0.947500 0.076250 0.088333
0 0.558438 0.394583 0.061875 0.082500
0 0.405000 0.487500 0.061250 0.091667
0 0.590000 0.487500 0.060000 0.083333
0 0.746250 0.072500 0.076250 0.100000
0 0.679375 0.932083 0.052500 0.070833
0 0.205000 0.362083 0.061250 0.080833
0 0.384062 0.255417 0.063125 0.084167
0 0.925312 0.181667 0.060625 0.073333
0 0.114375 0.198333 0.071250 0.083333
0 0.823750 0.229583 0.075000 0.090833
0 0.291875 0.712083 0.076250 0.089167
0 0.047500 0.678333 0.056250 0.080000
0 0.758750 0.624167 0.062500 0.075000
0 0.081875 0.805417 0.048750 0.119167
0 0.898125 0.597500 0.058750 0.078333
0 0.268437 0.245417 0.065625 0.087500
0 0.274375 0.340833 0.060000 0.080000
0 0.898750 0.797083 0.070000 0.065833
0 0.604062 0.111250 0.056875 0.074167
0 0.188750 0.467083 0.060000 0.084167
0 0.196563 0.884583 0.055625 0.080833
0 0.833750 0.901250 0.058750 0.094167
0 0.338125 0.401667 0.066250 0.080000
0 0.710000 0.682917 0.060000 0.085833
0 0.771563 0.820000 0.071875 0.090000
0 0.405000 0.369167 0.067500 0.111667
0 0.601562 0.593333 0.051875 0.078333
0 0.133125 0.905000 0.068750 0.091667
0 0.740625 0.140833 0.052500 0.073333
0 0.458437 0.085000 0.063125 0.078333
0 0.250000 0.761667 0.065000 0.065000
0 0.882500 0.210833 0.063750 0.086667
0 0.158750 0.306250 0.070000 0.065833
0 0.247188 0.955000 0.059375 0.088333
0 0.060937 0.119583 0.064375 0.087500
0 0.300625 0.116667 0.075000 0.090000
0 0.706250 0.220833 0.058750 0.076667
0 0.146563 0.576250 0.064375 0.077500
0 0.653750 0.625833 0.050000 0.071667
0 0.743437 0.428750 0.056875 0.085833
0 0.316875 0.354167 0.068750 0.071667
0 0.485312 0.513333 0.083125 0.075000
0 0.067187 0.293333 0.071875 0.096667
0 0.679688 0.591250 0.075625 0.070833
0 0.792813 0.111667 0.063125 0.070000
0 0.939375 0.785417 0.062500 0.089167
0 0.712812 0.298333 0.059375 0.070000
0 0.788438 0.585833 0.068125 0.081667
0 0.456250 0.382917 0.058750 0.095833
0 0.713750 0.573750 0.061250 0.097500
0 0.520000 0.911250 0.060000 0.074167
0 0.422812 0.772500 0.056875 0.085000
0 0.795625 0.477083 0.057500 0.074167
0 0.489063 0.416250 0.065625 0.077500
0 0.028125 0.593750 0.055000 0.084167
0 0.132188 0.857917 0.058125 0.085833
0 0.842812 0.448750 0.059375 0.082500
0 0.413125 0.730417 0.075000 0.077500
0 0.035625 0.454583 0.053750 0.085833
0 0.230937 0.165417 0.056875 0.084167
0 0.280000 0.462917 0.060000 0.079167
0 0.126562 0.725417 0.064375 0.079167
0 0.871563 0.932917 0.074375 0.074167
1 0.788125 0.716667 0.067500 0.096667
0 0.561875 0.187500 0.066250 0.075000
0 0.081562 0.515000 0.054375 0.070000
0 0.136563 0.694583 0.064375 0.082500
0 0.216562 0.552500 0.056875 0.075000
0 0.260000 0.447500 0.060000 0.068333
0 0.300625 0.154167 0.061250 0.085000
0 0.316875 0.745417 0.060000 0.085833
0 0.229063 0.783750 0.066875 0.094167
0 0.168437 0.930417 0.065625 0.082500
0 0.192500 0.910833 0.060000 0.080000
0 0.349375 0.575000 0.072500 0.076667
0 0.345938 0.438750 0.054375 0.070833
0 0.381563 0.562917 0.063125 0.059167
0 0.421563 0.480833 0.056875 0.078333
0 0.412813 0.440833 0.054375 0.070000
0 0.697187 0.927500 0.056875 0.071667
0 0.549375 0.900833 0.063750 0.091667
0 0.434688 0.820000 0.044375 0.090000
0 0.418125 0.646667 0.050000 0.073333
0 0.411875 0.681250 0.058750 0.085833
0 0.138125 0.827500 0.058750 0.093333
0 0.171875 0.430417 0.061250 0.080833
0 0.140937 0.397500 0.075625 0.081667
0 0.089375 0.330833 0.058750 0.078333
0 0.065625 0.386667 0.060000 0.098333
0 0.091563 0.377083 0.065625 0.087500
0 0.191875 0.307917 0.061250 0.070833
0 0.199687 0.147917 0.065625 0.070833
0 0.095625 0.182500 0.062500 0.080000
0 0.108438 0.048750 0.063125 0.082500
0 0.081875 0.095000 0.058750 0.080000
0 0.229375 0.138333 0.056250 0.078333
0 0.434375 0.183750 0.042500 0.094167
0 0.407187 0.284583 0.063125 0.070833
0 0.281562 0.153333 0.043125 0.073333
0 0.256563 0.302083 0.066875 0.104167
0 0.655937 0.048333 0.083125 0.055000
0 0.423125 0.089583 0.060000 0.075833
0 0.811250 0.126667 0.048750 0.081667
0 0.965938 0.086667 0.054375 0.078333
0 0.861563 0.069583 0.056875 0.077500
0 0.841250 0.140000 0.068750 0.060000
0 0.950000 0.170417 0.055000 0.077500
0 0.942813 0.261250 0.051875 0.072500
0 0.855000 0.297500 0.067500 0.065000
0 0.843437 0.255000 0.064375 0.083333
0 0.824375 0.280833 0.060000 0.070000
0 0.743437 0.392083 0.061875 0.087500
0 0.641563 0.220000 0.056875 0.075000
0 0.643125 0.127917 0.060000 0.075833
0 0.670937 0.084583 0.064375 0.085833
0 0.678438 0.174583 0.074375 0.089167
0 0.675937 0.291250 0.065625 0.064167
0 0.525625 0.420000 0.053750 0.066667
0 0.552188 0.419583 0.050625 0.085833
0 0.470625 0.365417 0.052500 0.075833
0 0.736875 0.522083 0.048750 0.084167
0 0.757188 0.497500 0.060625 0.080000
0 0.277813 0.619167 0.055625 0.071667
0 0.118438 0.560000 0.065625 0.083333
0 0.049375 0.485000 0.061250 0.081667
0 0.050000 0.530417 0.066250 0.074167
0 0.061250 0.507500 0.051250 0.078333
0 0.390313 0.588333 0.065625 0.083333
0 0.210938 0.660833 0.055625 0.080000
0 0.167187 0.590417 0.048125 0.072500
0 0.140625 0.670417 0.063750 0.080833
0 0.161875 0.676250 0.058750 0.080833
0 0.969375 0.694583 0.061250 0.085833
0 0.968437 0.772083 0.048125 0.097500
0 0.745000 0.807500 0.061250 0.071667
0 0.762813 0.792500 0.065625 0.083333
0 0.572812 0.927917 0.094375 0.087500
0 0.620313 0.953750 0.045625 0.085833
0 0.655625 0.868750 0.077500 0.087500
0 0.613437 0.717083 0.066875 0.085833
0 0.738437 0.665833 0.048125 0.085000
0 0.937813 0.549583 0.061875 0.077500
0 0.567187 0.513333 0.060625 0.093333
0 0.301563 0.202917 0.048125 0.109167
0 0.706875 0.191667 0.060000 0.093333
0 0.063750 0.697917 0.061250 0.085833
0 0.031250 0.888333 0.057500 0.078333
0 0.512813 0.514167 0.065625 0.088333
