0 0.735313 0.601250 0.071875 0.105833
0 0.661250 0.592500 0.062500 0.081667
0 0.556250 0.118750 0.071250 0.082500
0 0.730938 0.857083 0.064375 0.090833
0 0.740938 0.126250 0.066875 0.092500
0 0.117500 0.476667 0.065000 0.083333
0 0.397500 0.605417 0.068750 0.087500
0 0.164062 0.380000 0.073125 0.093333
0 0.113125 0.096667 0.068750 0.088333
0 0.227500 0.801667 0.057500 0.075000
0 0.289687 0.435833 0.061875 0.078333
0 0.393125 0.865833 0.060000 0.093333
0 0.269375 0.935417 0.062500 0.089167
0 0.952812 0.743750 0.064375 0.080833
0 0.835000 0.628750 0.066250 0.094167
0 0.547813 0.653333 0.065625 0.090000
0 0.947187 0.321250 0.059375 0.080833
0 0.378125 0.355417 0.063750 0.084167
0 0.273125 0.509583 0.071250 0.090833
0 0.597812 0.703333 0.069375 0.088333
0 0.907813 0.199583 0.055625 0.077500
0 0.803125 0.544583 0.061250 0.095833
0 0.895938 0.877500 0.060625 0.076667
6 0.066562 0.784167 0.070625 0.100000
0 0.806562 0.828750 0.071875 0.082500
0 0.581875 0.226250 0.072500 0.095833
0 0.632812 0.103750 0.071875 0.092500
0 0.423750 0.254167 0.068750 0.083333
0 0.614062 0.798750 0.068125 0.095833
0 0.449062 0.914167 0.073125 0.095000
0 0.327500 0.208333 0.067500 0.081667
0 0.402500 0.770000 0.056250 0.085000
0 0.640312 0.920833 0.050625 0.070000
0 0.654375 0.514583 0.057500 0.084167
0 0.524687 0.510417 0.070625 0.087500
0 0.353438 0.779583 0.071875 0.090833
0 0.150938 0.642500 0.060625 0.091667
0 0.084687 0.682500 0.066875 0.080000
0 0.324062 0.124167 0.081875 0.080000
0 0.311563 0.053333 0.060625 0.086667
0 0.236875 0.304583 0.060000 0.092500
0 0.825000 0.050417 0.057500 0.087500
0 0.685625 0.887500 0.052500 0.071667
0 0.561250 0.034583 0.060000 0.067500
0 0.139375 0.621250 0.057500 0.084167
0 0.185000 0.836250 0.050000 0.072500
0 0.826562 0.754167 0.050625 0.068333
0 0.064375 0.910417 0.058750 0.079167
0 0.955625 0.047917 0.066250 0.082500
0 0.825313 0.913333 0.049375 0.080000
0 0.399062 0.960417 0.064375 0.079167
0 0.111250 0.877083 0.073750 0.072500
1 0.908125 0.539583 0.122500 0.160833
0 0.048438 0.046667 0.064375 0.081667
0 0.104063 0.938333 0.065625 0.063333
0 0.870313 0.938333 0.055625 0.095000
0 0.414687 0.425417 0.063125 0.080833
