0 0.564688 0.421250 0.073125 0.087500
0 0.499375 0.390417 0.065000 0.080833
0 0.065937 0.351250 0.064375 0.089167
0 0.368437 0.320833 0.065625 0.088333
0 0.220938 0.338750 0.051875 0.074167
0 0.216875 0.934583 0.062500 0.084167
0 0.210313 0.484167 0.069375 0.088333
0 0.173125 0.879167 0.066250 0.085000
0 0.274687 0.090833 0.081875 0.110000
0 0.132500 0.330833 0.071250 0.090000
0 0.492812 0.490417 0.071875 0.094167
0 0.066562 0.928750 0.059375 0.079167
0 0.424687 0.246250 0.075625 0.100833
0 0.150312 0.095000 0.084375 0.103333
0 0.276875 0.276250 0.068750 0.084167
0 0.088125 0.838750 0.063750 0.099167
0 0.446875 0.397917 0.073750 0.107500
0 0.232187 0.167917 0.073125 0.095833
1 0.368750 0.442917 0.086250 0.114167
0 0.203750 0.254167 0.062500 0.091667
0 0.268125 0.382500 0.065000 0.083333
0 0.906875 0.365417 0.076250 0.104167
0 0.153125 0.535833 0.065000 0.085000
0 0.311875 0.807917 0.068750 0.095833
0 0.436250 0.089583 0.080000 0.107500
0 0.478750 0.218750 0.056250 0.080833
0 0.829688 0.509167 0.065625 0.086667
0 0.071875 0.684583 0.067500 0.094167
0 0.330000 0.396667 0.071250 0.098333
0 0.287187 0.920000 0.074375 0.093333
1 0.168125 0.768333 0.075000 0.121667
0 0.045312 0.752500 0.076875 0.098333
0 0.885625 0.595833 0.081250 0.095000
0 0.546875 0.077500 0.061250 0.086667
0 0.457500 0.527083 0.073750 0.095833
0 0.207813 0.780000 0.068125 0.105000
0 0.369063 0.712500 0.066875 0.091667
0 0.408750 0.371250 0.071250 0.094167
0 0.625938 0.423333 0.078125 0.108333
1 0.687187 0.304583 0.088125 0.110833
1 0.211562 0.619167 0.066875 0.148333
1 0.356250 0.167917 0.111250 0.142500
1 0.379063 0.615000 0.091875 0.156667
0 0.267500 0.874583 0.062500 0.114167
0 0.110000 0.754583 0.057500 0.090833
0 0.136563 0.905417 0.069375 0.085833
0 0.134375 0.937917 0.052500 0.085833
0 0.173125 0.615000 0.067500 0.090000
0 0.472500 0.805417 0.062500 0.092500
0 0.656563 0.835417 0.061875 0.090833
0 0.592812 0.919167 0.060625 0.076667
0 0.905000 0.476250 0.075000 0.089167
0 0.937813 0.826250 0.063125 0.090833
0 0.792813 0.678333 0.059375 0.086667
0 0.554063 0.835833 0.079375 0.081667
0 0.861250 0.685833 0.058750 0.076667
0 0.830000 0.618750 0.056250 0.070833
0 0.109063 0.056250 0.081875 0.094167
