0 0.849063 0.905417 0.056875 0.085833
0 0.142813 0.631250 0.073125 0.094167
0 0.921250 0.934583 0.060000 0.090833
0 0.460313 0.879583 0.061875 0.104167
0 0.489375 0.362083 0.075000 0.087500
0 0.490625 0.701250 0.075000 0.090833
0 0.358750 0.327500 0.066250 0.103333
0 0.700313 0.296667 0.073125 0.100000
0 0.415938 0.742917 0.063125 0.085833
0 0.613125 0.259167 0.067500 0.101667
0 0.327813 0.651667 0.065625 0.090000
0 0.837812 0.632917 0.073125 0.094167
0 0.329062 0.542083 0.070625 0.089167
0 0.627812 0.520417 0.069375 0.094167
0 0.051250 0.352500 0.081250 0.091667
0 0.715313 0.075833 0.075625 0.088333
0 0.689375 0.746250 0.067500 0.100833
0 0.221562 0.091667 0.058125 0.091667
0 0.340938 0.868333 0.051875 0.083333
0 0.671562 0.657917 0.060625 0.077500
0 0.800937 0.274167 0.066875 0.096667
0 0.615625 0.727500 0.076250 0.103333
0 0.658750 0.171250 0.073750 0.097500
0 0.913750 0.708750 0.065000 0.089167
0 0.713437 0.507083 0.061875 0.079167
0 0.311875 0.922917 0.068750 0.087500
0 0.763125 0.558333 0.063750 0.095000
0 0.791875 0.354167 0.067500 0.108333
0 0.919063 0.319583 0.078125 0.090833
0 0.594375 0.881250 0.062500 0.079167
0 0.145313 0.106250 0.070625 0.092500
0 0.271250 0.452500 0.073750 0.103333
0 0.703125 0.597500 0.063750 0.086667
0 0.433437 0.497083 0.079375 0.100833
0 0.202813 0.342083 0.063125 0.072500
0 0.649687 0.909167 0.063125 0.105000
0 0.795625 0.951250 0.055000 0.077500
0 0.541250 0.307083 0.073750 0.090833
0 0.199687 0.417917 0.083125 0.089167
0 0.630938 0.367500 0.065625 0.106667
0 0.149062 0.384167 0.065625 0.100000
0 0.417500 0.369167 0.061250 0.105000
0 0.803750 0.436667 0.076250 0.088333
0 0.585625 0.805000 0.056250 0.080000
0 0.267813 0.602917 0.064375 0.089167
0 0.838125 0.103750 0.072500 0.119167
4 0.281250 0.715000 0.073750 0.116667
0 0.769062 0.875417 0.073125 0.100833
0 0.875000 0.080000 0.065000 0.095000
0 0.215625 0.213333 0.077500 0.098333
0 0.418750 0.950833 0.068750 0.085000
0 0.584688 0.951250 0.064375 0.094167
3 0.142187 0.487500 0.103125 0.106667
0 0.691250 0.889583 0.065000 0.099167
0 0.600000 0.390833 0.070000 0.100000
1 0.507812 0.189583 0.086875 0.122500
