0 0.327500 0.811250 0.063750 0.069167
0 0.145313 0.786667 0.056875 0.101667
0 0.197813 0.255000 0.065625 0.091667
0 0.362812 0.730833 0.064375 0.083333
0 0.778750 0.953750 0.063750 0.062500
0 0.475938 0.377917 0.066875 0.094167
0 0.663438 0.073750 0.073125 0.090833
0 0.557813 0.353750 0.061875 0.079167
0 0.766563 0.596250 0.065625 0.092500
0 0.310312 0.689583 0.074375 0.092500
0 0.210938 0.900833 0.073125 0.095000
0 0.199063 0.770000 0.060625 0.103333
0 0.110000 0.929167 0.071250 0.085000
0 0.647500 0.429167 0.067500 0.098333
0 0.794375 0.433750 0.090000 0.087500
0 0.964063 0.441250 0.053125 0.070833
0 0.503437 0.803750 0.069375 0.094167
0 0.911250 0.224583 0.066250 0.087500
0 0.340938 0.605000 0.083125 0.110000
0 0.232500 0.711667 0.088750 0.090000
0 0.716875 0.311250 0.080000 0.100833
0 0.255312 0.865000 0.066875 0.096667
0 0.951875 0.222917 0.055000 0.099167
0 0.353750 0.442083 0.067500 0.090833
0 0.821875 0.575417 0.072500 0.097500
0 0.877188 0.739583 0.079375 0.102500
0 0.530000 0.949167 0.075000 0.101667
6 0.796250 0.203750 0.107500 0.084167
