0 0.151250 0.619167 0.080000 0.093333
0 0.306250 0.815833 0.072500 0.093333
0 0.318125 0.250417 0.081250 0.107500
0 0.211562 0.709167 0.076875 0.098333
0 0.784062 0.252917 0.080625 0.104167
0 0.887188 0.152500 0.075625 0.095000
0 0.497188 0.137500 0.080625 0.108333
0 0.587500 0.511667 0.076250 0.093333
0 0.278750 0.885417 0.083750 0.092500
0 0.629375 0.749583 0.072500 0.112500
0 0.559063 0.437917 0.083125 0.090833
0 0.050000 0.810833 0.078750 0.103333
0 0.136250 0.268333 0.085000 0.088333
0 0.192500 0.218750 0.072500 0.097500
0 0.111875 0.527500 0.082500 0.110000
0 0.259688 0.771250 0.075625 0.089167
0 0.614375 0.610833 0.070000 0.096667
0 0.475000 0.781250 0.081250 0.105833
0 0.204687 0.520000 0.080625 0.106667
0 0.818438 0.498333 0.069375 0.093333
0 0.550937 0.591667 0.084375 0.091667
0 0.384688 0.530000 0.065625 0.096667
0 0.534375 0.672500 0.097500 0.086667
0 0.352812 0.546667 0.080625 0.113333
