0 0.560000 0.671250 0.067500 0.092500
0 0.509375 0.361667 0.058750 0.080000
0 0.641563 0.102083 0.065625 0.094167
0 0.780937 0.325833 0.073125 0.113333
0 0.054375 0.296667 0.076250 0.086667
0 0.770625 0.575000 0.072500 0.088333
0 0.187812 0.132083 0.069375 0.089167
0 0.241563 0.249167 0.056875 0.081667
0 0.875938 0.265417 0.070625 0.085833
0 0.517188 0.770000 0.073125 0.091667
0 0.280000 0.401667 0.083750 0.091667
0 0.587187 0.937917 0.075625 0.104167
0 0.376563 0.605833 0.065625 0.085000
0 0.861563 0.084167 0.055625 0.080000
0 0.845313 0.189583 0.074375 0.082500
0 0.505313 0.154583 0.065625 0.092500
0 0.095937 0.505833 0.071875 0.095000
0 0.664687 0.890000 0.066875 0.085000
0 0.724375 0.048333 0.060000 0.081667
1 0.437500 0.236250 0.077500 0.114167
0 0.342813 0.684583 0.056875 0.082500
0 0.742500 0.410000 0.068750 0.083333
0 0.168125 0.935000 0.071250 0.086667
0 0.644687 0.355000 0.059375 0.083333
0 0.243750 0.090417 0.066250 0.097500
0 0.184375 0.741667 0.070000 0.090000
0 0.566875 0.188333 0.057500 0.078333
0 0.266250 0.861667 0.071250 0.078333
0 0.718125 0.488333 0.073750 0.086667
0 0.571875 0.420000 0.063750 0.088333
0 0.836562 0.719167 0.056875 0.081667
0 0.265937 0.317500 0.068125 0.081667
0 0.461875 0.056250 0.068750 0.089167
0 0.633750 0.455833 0.072500 0.085000
0 0.957187 0.756667 0.075625 0.100000
0 0.442500 0.134167 0.058750 0.075000
0 0.482500 0.952917 0.056250 0.080833
0 0.815312 0.784167 0.069375 0.083333
0 0.748437 0.665417 0.068125 0.092500
0 0.775937 0.908333 0.065625 0.085000
0 0.720000 0.874167 0.066250 0.111667
0 0.101250 0.773750 0.066250 0.087500
0 0.073750 0.848750 0.077500 0.090833
0 0.042188 0.752083 0.058125 0.085833
1 0.173437 0.843333 0.084375 0.100000
0 0.351562 0.052500 0.069375 0.096667
0 0.958438 0.073750 0.076875 0.079167
0 0.436563 0.916667 0.068125 0.090000
0 0.776875 0.109167 0.070000 0.090000
0 0.369063 0.507083 0.069375 0.102500
0 0.597500 0.376667 0.057500 0.080000
0 0.165625 0.049583 0.078750 0.087500
0 0.843750 0.939583 0.067500 0.082500
0 0.340000 0.495833 0.053750 0.083333
0 0.767813 0.702500 0.061875 0.073333
0 0.928750 0.962500 0.051250 0.075000
