0 0.572812 0.655000 0.073125 0.088333
0 0.704375 0.392917 0.068750 0.100833
0 0.941562 0.827500 0.081875 0.103333
0 0.542188 0.247500 0.080625 0.108333
0 0.291250 0.287083 0.080000 0.092500
0 0.917813 0.529583 0.065625 0.080833
0 0.618437 0.731667 0.056875 0.078333
0 0.721562 0.533750 0.076875 0.100833
0 0.455937 0.852917 0.079375 0.085833
0 0.664062 0.065417 0.064375 0.084167
0 0.446250 0.618333 0.073750 0.090000
0 0.373437 0.425000 0.074375 0.091667
0 0.474687 0.122917 0.073125 0.099167
0 0.549375 0.735417 0.082500 0.092500
0 0.668750 0.592500 0.063750 0.085000
0 0.408750 0.199167 0.066250 0.088333
0 0.852812 0.322500 0.083125 0.115000
0 0.220938 0.137500 0.080625 0.108333
0 0.484375 0.701667 0.065000 0.085000
0 0.108750 0.282500 0.077500 0.111667
0 0.379063 0.136250 0.073125 0.082500
0 0.244375 0.737917 0.061250 0.087500
0 0.840938 0.848750 0.070625 0.090833
0 0.890000 0.250833 0.076250 0.100000
0 0.538750 0.833333 0.066250 0.083333
0 0.427812 0.705000 0.064375 0.086667
0 0.774062 0.842083 0.066875 0.090833
0 0.858750 0.927917 0.071250 0.082500
0 0.860313 0.136250 0.068125 0.099167
0 0.618437 0.893750 0.066875 0.080833
0 0.304688 0.816667 0.075625 0.105000
0 0.383750 0.560417 0.062500 0.087500
0 0.463438 0.253333 0.075625 0.096667
0 0.202813 0.695417 0.073125 0.089167
0 0.063437 0.102500 0.076875 0.096667
0 0.285313 0.087917 0.070625 0.100833
0 0.245625 0.652917 0.060000 0.082500
0 0.230000 0.895833 0.063750 0.093333
0 0.139063 0.667083 0.075625 0.102500
0 0.221562 0.816250 0.083125 0.112500
0 0.078437 0.660000 0.079375 0.101667
0 0.391562 0.782917 0.071875 0.119167
0 0.959375 0.317917 0.073750 0.092500
0 0.047500 0.555833 0.058750 0.108333
0 0.559688 0.549167 0.065625 0.086667
0 0.550000 0.918333 0.070000 0.096667
0 0.288750 0.778750 0.065000 0.092500
0 0.496563 0.434583 0.064375 0.090833
0 0.550312 0.480833 0.075625 0.098333
0 0.676875 0.862917 0.056250 0.092500
0 0.711875 0.463333 0.073750 0.061667
0 0.175625 0.937500 0.058750 0.085000
0 0.341250 0.052917 0.076250 0.105833
0 0.790312 0.046250 0.065625 0.080833
1 0.794687 0.650833 0.101875 0.141667
4 0.492812 0.326250 0.090625 0.135833
0 0.075000 0.580833 0.065000 0.081667
