0 0.657188 0.584167 0.074375 0.090000
5 0.360625 0.559167 0.062500 0.090000
0 0.460938 0.547083 0.081875 0.100833
0 0.365938 0.160417 0.068125 0.082500
0 0.414375 0.915417 0.073750 0.100833
0 0.802500 0.698333 0.068750 0.096667
0 0.212812 0.803333 0.063125 0.085000
0 0.744687 0.633333 0.080625 0.095000
0 0.547500 0.722500 0.067500 0.098333
0 0.543125 0.088333 0.076250 0.100000
0 0.311875 0.492083 0.076250 0.082500
0 0.569375 0.629583 0.080000 0.097500
0 0.695000 0.918333 0.073750 0.085000
0 0.675937 0.752083 0.068125 0.084167
0 0.358125 0.832917 0.081250 0.099167
0 0.328125 0.405833 0.066250 0.096667
0 0.194375 0.322917 0.076250 0.085833
0 0.242500 0.875833 0.073750 0.091667
0 0.212812 0.585000 0.076875 0.091667
0 0.249062 0.734167 0.071875 0.085000
0 0.907813 0.900833 0.064375 0.075000
0 0.114687 0.341250 0.059375 0.077500
0 0.100312 0.434167 0.069375 0.106667
0 0.638437 0.665000 0.073125 0.078333
0 0.345000 0.075417 0.063750 0.105833
0 0.183750 0.468750 0.058750 0.077500
0 0.666562 0.835417 0.071875 0.097500
0 0.911563 0.207083 0.075625 0.104167
0 0.900312 0.501667 0.068125 0.091667
0 0.582812 0.540417 0.074375 0.084167
0 0.660312 0.135417 0.075625 0.100833
0 0.391562 0.439167 0.070625 0.090000
0 0.149375 0.697500 0.067500 0.090000
0 0.058125 0.917500 0.060000 0.096667
0 0.558438 0.207500 0.060625 0.080000
0 0.430312 0.807083 0.078125 0.097500
0 0.911250 0.141667 0.073750 0.100000
0 0.064062 0.092500 0.056875 0.090000
0 0.488125 0.807917 0.053750 0.072500
0 0.490625 0.236250 0.071250 0.105833
5 0.701875 0.515833 0.065000 0.091667
0 0.577812 0.325833 0.080625 0.095000
0 0.368125 0.273333 0.073750 0.091667
0 0.923125 0.839167 0.060000 0.073333
0 0.528125 0.600000 0.081250 0.101667
0 0.608750 0.887083 0.075000 0.107500
0 0.803438 0.855000 0.069375 0.095000
0 0.087188 0.558333 0.080625 0.096667
0 0.619687 0.460417 0.063125 0.104167
0 0.825937 0.792500 0.045625 0.078333
0 0.271250 0.557917 0.067500 0.082500
0 0.212188 0.523333 0.065625 0.078333
0 0.451250 0.442917 0.057500 0.094167
0 0.136250 0.498750 0.063750 0.079167
0 0.264688 0.422500 0.063125 0.068333
0 0.292812 0.627083 0.070625 0.092500
0 0.475313 0.094583 0.056875 0.094167
0 0.263125 0.353333 0.066250 0.075000
0 0.294687 0.276667 0.066875 0.085000
0 0.117500 0.618333 0.063750 0.085000
0 0.062187 0.692917 0.070625 0.089167
0 0.600938 0.153750 0.066875 0.090833
0 0.875625 0.817500 0.046250 0.073333
0 0.612187 0.245417 0.073125 0.084167
0 0.435000 0.359583 0.062500 0.094167
0 0.507500 0.915833 0.071250 0.090000
0 0.500313 0.380833 0.066875 0.076667
0 0.513125 0.465417 0.071250 0.092500
0 0.305937 0.836250 0.074375 0.112500
0 0.147500 0.771250 0.072500 0.100833
0 0.334375 0.245000 0.075000 0.100000
0 0.295625 0.490833 0.070000 0.098333
0 0.431563 0.321667 0.060625 0.068333
0 0.910312 0.306250 0.068125 0.089167
0 0.920000 0.047500 0.066250 0.095000
0 0.742812 0.850000 0.066875 0.085000
0 0.260937 0.279583 0.069375 0.089167
0 0.639375 0.462917 0.062500 0.090833
0 0.563438 0.370417 0.078125 0.094167
0 0.441250 0.189583 0.081250 0.100833
0 0.870938 0.352917 0.070625 0.082500
0 0.219062 0.385833 0.051875 0.076667
0 0.304688 0.945417 0.074375 0.099167
0 0.856563 0.432083 0.069375 0.109167
0 0.090625 0.225417 0.071250 0.094167
0 0.767188 0.775417 0.061875 0.077500
0 0.542188 0.865000 0.059375 0.088333
1 0.910312 0.737917 0.085625 0.082500
0 0.092188 0.897917 0.083125 0.062500
0 0.189062 0.147917 0.073125 0.082500
0 0.150938 0.176250 0.069375 0.085833
0 0.044375 0.175833 0.056250 0.076667
0 0.091250 0.152083 0.057500 0.065833
0 0.485938 0.138750 0.063125 0.089167
0 0.858437 0.047083 0.061875 0.090833
0 0.481875 0.929583 0.055000 0.100833
0 0.955313 0.696250 0.060625 0.059167
0 0.245312 0.960833 0.056875 0.078333
0 0.791250 0.454583 0.061250 0.089167
0 0.764062 0.409167 0.068125 0.095000
0 0.735938 0.426250 0.058125 0.117500
0 0.705937 0.438333 0.048125 0.081667
0 0.643750 0.950833 0.062500 0.095000
