0 0.732812 0.065833 0.081875 0.098333
0 0.619687 0.294583 0.078125 0.082500
0 0.483125 0.875833 0.062500 0.091667
0 0.665937 0.419583 0.063125 0.095833
0 0.715313 0.684167 0.053125 0.103333
0 0.367812 0.841667 0.061875 0.101667
0 0.831250 0.642500 0.076250 0.095000
0 0.933125 0.331667 0.068750 0.073333
0 0.603125 0.517500 0.077500 0.103333
0 0.447500 0.786667 0.070000 0.091667
0 0.728125 0.524167 0.083750 0.103333
0 0.880000 0.869583 0.071250 0.105833
0 0.767500 0.779583 0.072500 0.110833
0 0.694375 0.875000 0.068750 0.110000
0 0.523750 0.799583 0.076250 0.102500
0 0.743437 0.435833 0.085625 0.080000
0 0.935000 0.257500 0.082500 0.083333
0 0.329375 0.656667 0.075000 0.085000
0 0.086250 0.566667 0.076250 0.091667
0 0.068125 0.651667 0.075000 0.100000
0 0.954063 0.679167 0.056875 0.093333
0 0.185938 0.810417 0.065625 0.092500
0 0.137813 0.656667 0.058125 0.100000
0 0.878750 0.760833 0.070000 0.115000
0 0.759687 0.352083 0.078125 0.090833
0 0.905625 0.045833 0.086250 0.071667
0 0.495625 0.434583 0.068750 0.095833
0 0.351250 0.926667 0.070000 0.106667
0 0.833438 0.239583 0.079375 0.097500
0 0.157188 0.232083 0.076875 0.102500
0 0.316875 0.573750 0.072500 0.107500
0 0.664375 0.610833 0.048750 0.108333
0 0.190000 0.419583 0.075000 0.100833
0 0.768125 0.659583 0.060000 0.125833
0 0.813125 0.863333 0.072500 0.128333
0 0.176250 0.630833 0.066250 0.085000
0 0.545312 0.944167 0.068125 0.106667
0 0.281562 0.934167 0.066875 0.115000
0 0.170313 0.550000 0.071875 0.090000
0 0.490938 0.643333 0.078125 0.105000
0 0.438125 0.913750 0.065000 0.155833
0 0.584375 0.184167 0.076250 0.091667
0 0.311563 0.762500 0.080625 0.098333
0 0.276250 0.483750 0.072500 0.090833
0 0.628750 0.669583 0.057500 0.124167
0 0.319063 0.342500 0.076875 0.105000
0 0.554375 0.395833 0.068750 0.098333
0 0.117500 0.728750 0.077500 0.100833
0 0.323125 0.056250 0.083750 0.107500
0 0.455625 0.136250 0.077500 0.092500
0 0.150312 0.082083 0.068125 0.095833
0 0.381875 0.176250 0.068750 0.102500
0 0.333125 0.247083 0.080000 0.095833
0 0.275000 0.120833 0.072500 0.098333
0 0.243438 0.607917 0.073125 0.095833
0 0.114687 0.292500 0.073125 0.100000
0 0.096562 0.109583 0.074375 0.102500
0 0.918438 0.549583 0.091875 0.115833
0 0.068750 0.225417 0.078750 0.097500
0 0.553438 0.610417 0.061875 0.120833
