0 0.735000 0.732500 0.070000 0.083333
0 0.637188 0.797500 0.059375 0.086667
0 0.239375 0.187917 0.060000 0.079167
0 0.950000 0.640833 0.072500 0.096667
0 0.279687 0.697917 0.066875 0.079167
0 0.851562 0.383750 0.065625 0.084167
0 0.546250 0.631250 0.068750 0.084167
0 0.396250 0.427083 0.072500 0.090833
0 0.568750 0.414167 0.078750 0.100000
0 0.358750 0.267083 0.072500 0.100833
0 0.755313 0.572917 0.073125 0.082500
1 0.074688 0.860833 0.084375 0.101667
0 0.937187 0.051250 0.070625 0.084167
0 0.798125 0.645417 0.072500 0.095833
0 0.952500 0.536250 0.067500 0.109167
0 0.281562 0.291250 0.066875 0.085833
0 0.278438 0.812083 0.069375 0.099167
0 0.624375 0.271250 0.058750 0.080833
0 0.646563 0.437917 0.071875 0.094167
0 0.781250 0.111667 0.058750 0.085000
0 0.665312 0.912917 0.074375 0.087500
0 0.560312 0.085000 0.064375 0.091667
0 0.509375 0.760833 0.075000 0.086667
0 0.446875 0.290000 0.072500 0.093333
0 0.302812 0.627500 0.055625 0.078333
0 0.888750 0.112500 0.072500 0.098333
0 0.520000 0.174167 0.070000 0.101667
0 0.646875 0.521250 0.061250 0.080833
0 0.921875 0.810833 0.063750 0.078333
0 0.356875 0.067500 0.057500 0.075000
0 0.147813 0.630833 0.065625 0.090000
1 0.555625 0.821250 0.077500 0.099167
0 0.845625 0.703750 0.061250 0.087500
0 0.943750 0.951667 0.061250 0.085000
0 0.844063 0.070417 0.071875 0.077500
0 0.262813 0.494583 0.054375 0.077500
0 0.681875 0.231667 0.075000 0.083333
0 0.035625 0.515417 0.066250 0.075833
0 0.884687 0.915417 0.068125 0.080833
0 0.255937 0.105833 0.064375 0.085000
0 0.800312 0.221667 0.065625 0.106667
0 0.306875 0.350000 0.052500 0.070000
0 0.859375 0.806250 0.067500 0.080833
0 0.751250 0.874167 0.065000 0.085000
3 0.908438 0.273333 0.075625 0.085000
0 0.524375 0.920000 0.058750 0.068333
3 0.384375 0.851667 0.095000 0.098333
0 0.447188 0.252500 0.056875 0.085000
0 0.430625 0.167500 0.061250 0.070000
0 0.407500 0.942500 0.063750 0.076667
0 0.375937 0.377917 0.058125 0.077500
1 0.431250 0.675417 0.077500 0.114167
0 0.665312 0.350417 0.064375 0.080833
0 0.932187 0.730000 0.066875 0.081667
0 0.645938 0.085417 0.049375 0.069167
0 0.377188 0.507083 0.060625 0.065833
0 0.194062 0.720417 0.050625 0.077500
0 0.290000 0.540417 0.057500 0.074167
0 0.855000 0.238750 0.062500 0.092500
0 0.257500 0.922500 0.050000 0.066667
0 0.093438 0.286250 0.058125 0.077500
0 0.134063 0.051667 0.051875 0.061667
0 0.486250 0.861667 0.062500 0.070000
0 0.824688 0.307083 0.053125 0.067500
0 0.808125 0.886250 0.052500 0.084167
0 0.729062 0.950000 0.068125 0.088333
0 0.062500 0.689583 0.056250 0.059167
0 0.064375 0.248333 0.060000 0.078333
0 0.715000 0.435833 0.082500 0.101667
0 0.045312 0.314167 0.055625 0.073333
0 0.548125 0.544167 0.055000 0.086667
0 0.919063 0.382500 0.063125 0.078333
0 0.744687 0.451250 0.055625 0.080833
0 0.734062 0.134167 0.048125 0.070000
0 0.118750 0.913333 0.048750 0.066667
1 0.468125 0.591250 0.100000 0.109167
1 0.724375 0.185833 0.097500 0.096667
0 0.167813 0.939583 0.046875 0.065833
0 0.762813 0.066250 0.055625 0.067500
0 0.762188 0.930000 0.059375 0.085000
0 0.712500 0.515417 0.053750 0.064167
0 0.434063 0.884583 0.049375 0.062500
0 0.022500 0.667500 0.042500 0.073333
