0 0.458750 0.167500 0.081250 0.101667
0 0.241563 0.211667 0.079375 0.096667
0 0.778750 0.386250 0.083750 0.119167
3 0.922188 0.252500 0.090625 0.145000
0 0.156562 0.465833 0.063125 0.086667
0 0.503125 0.514167 0.078750 0.105000
0 0.251875 0.461250 0.081250 0.100833
0 0.150938 0.810417 0.073125 0.097500
0 0.392813 0.122500 0.074375 0.095000
0 0.182812 0.340000 0.079375 0.116667
0 0.460625 0.452500 0.075000 0.096667
0 0.069062 0.865000 0.073125 0.093333
0 0.099687 0.290000 0.076875 0.103333
0 0.764375 0.920417 0.061250 0.084167
0 0.300938 0.150000 0.080625 0.096667
0 0.655312 0.352917 0.075625 0.107500
0 0.786875 0.070000 0.076250 0.100000
0 0.314688 0.949583 0.073125 0.092500
0 0.380937 0.900000 0.080625 0.108333
3 0.650000 0.796667 0.090000 0.101667
0 0.339062 0.506667 0.073125 0.098333
0 0.953750 0.559167 0.067500 0.091667
0 0.684375 0.931667 0.082500 0.088333
0 0.125000 0.092917 0.068750 0.094167
0 0.506875 0.257500 0.077500 0.086667
0 0.699375 0.852083 0.066250 0.099167
0 0.174063 0.158750 0.079375 0.094167
0 0.880000 0.532500 0.070000 0.116667
0 0.124375 0.603750 0.075000 0.105833
0 0.686250 0.675417 0.068750 0.100833
0 0.436250 0.571667 0.076250 0.100000
0 0.856875 0.077917 0.081250 0.100833
0 0.763125 0.746250 0.065000 0.090833
0 0.338438 0.692500 0.074375 0.101667
0 0.726250 0.607917 0.076250 0.104167
0 0.523125 0.430833 0.081250 0.108333
0 0.590000 0.617083 0.072500 0.130833
0 0.670937 0.116250 0.069375 0.092500
0 0.580313 0.800000 0.069375 0.110000
0 0.320000 0.095000 0.075000 0.076667
0 0.928125 0.044167 0.068750 0.086667
0 0.876250 0.922917 0.075000 0.084167
0 0.654375 0.565417 0.086250 0.105833
0 0.181562 0.061250 0.051875 0.100833
0 0.522500 0.783750 0.066250 0.127500
0 0.199063 0.532917 0.085625 0.099167
