0 0.741250 0.228333 0.078750 0.100000
0 0.420000 0.468333 0.081250 0.113333
0 0.318437 0.156250 0.076875 0.099167
0 0.782813 0.502917 0.069375 0.097500
0 0.529062 0.476667 0.081875 0.100000
0 0.838750 0.261667 0.075000 0.100000
0 0.443750 0.808333 0.077500 0.100000
0 0.435937 0.273333 0.079375 0.088333
0 0.367188 0.705417 0.068125 0.105833
0 0.270000 0.801250 0.077500 0.097500
0 0.359687 0.415417 0.073125 0.110833
0 0.213750 0.081250 0.061250 0.092500
0 0.851250 0.557917 0.075000 0.102500
0 0.518750 0.743750 0.073750 0.114167
0 0.691875 0.348750 0.080000 0.112500
0 0.247500 0.432083 0.063750 0.094167
0 0.118125 0.263333 0.076250 0.106667
0 0.666250 0.811250 0.081250 0.102500
0 0.629687 0.518333 0.079375 0.088333
0 0.579688 0.085833 0.070625 0.098333
0 0.514687 0.060833 0.078125 0.106667
0 0.927188 0.437083 0.068125 0.087500
0 0.090938 0.476250 0.070625 0.102500
0 0.950937 0.343333 0.076875 0.103333
0 0.592500 0.703333 0.075000 0.086667
0 0.733125 0.791667 0.076250 0.086667
0 0.373437 0.243750 0.076875 0.090833
0 0.939063 0.801667 0.074375 0.106667
0 0.288750 0.212917 0.073750 0.097500
0 0.628750 0.611667 0.081250 0.100000
0 0.591562 0.803333 0.076875 0.105000
0 0.805937 0.692917 0.065625 0.117500
0 0.775937 0.403750 0.075625 0.102500
0 0.092813 0.687917 0.069375 0.084167
0 0.118750 0.066250 0.070000 0.095833
0 0.965625 0.507083 0.067500 0.105833
0 0.905312 0.553750 0.074375 0.104167
0 0.825937 0.644583 0.078125 0.090833
0 0.841562 0.725000 0.081875 0.093333
0 0.446562 0.064583 0.078125 0.115833
0 0.223438 0.868750 0.068125 0.095833
0 0.163125 0.823750 0.083750 0.099167
0 0.447188 0.189583 0.071875 0.100833
0 0.525625 0.287500 0.078750 0.095000
0 0.811562 0.800833 0.074375 0.090000
0 0.878750 0.907917 0.073750 0.084167
0 0.817813 0.160417 0.076875 0.095833
0 0.271562 0.336250 0.065625 0.100833
0 0.733437 0.732917 0.075625 0.097500
0 0.545000 0.862917 0.078750 0.100833
0 0.293750 0.316250 0.078750 0.094167
0 0.044687 0.757917 0.078125 0.095833
0 0.242188 0.689167 0.073125 0.083333
3 0.422500 0.567083 0.083750 0.134167
0 0.220938 0.566250 0.066875 0.109167
0 0.571562 0.168750 0.069375 0.082500
0 0.660625 0.759167 0.073750 0.101667
0 0.038125 0.864583 0.066250 0.107500
0 0.547813 0.384167 0.064375 0.081667
0 0.172187 0.492083 0.074375 0.089167
0 0.872812 0.326667 0.065625 0.100000
0 0.107813 0.882500 0.075625 0.096667
0 0.400625 0.096667 0.053750 0.103333
0 0.272813 0.602917 0.063125 0.092500
0 0.130938 0.852500 0.061875 0.108333
3 0.305937 0.497500 0.080625 0.145000
0 0.159688 0.518750 0.081875 0.082500
0 0.507188 0.196667 0.071875 0.105000
0 0.540625 0.173750 0.065000 0.104167
0 0.888437 0.860833 0.061875 0.126667
0 0.885938 0.342917 0.066875 0.099167
