0 0.651563 0.498333 0.076875 0.100000
0 0.047188 0.705833 0.069375 0.073333
0 0.390000 0.214167 0.068750 0.093333
0 0.061250 0.925000 0.071250 0.093333
0 0.700625 0.114583 0.060000 0.109167
0 0.707187 0.220000 0.074375 0.093333
0 0.275938 0.792917 0.064375 0.104167
0 0.191875 0.465833 0.067500 0.113333
0 0.052187 0.789583 0.065625 0.100833
0 0.231875 0.326667 0.062500 0.108333
0 0.884375 0.059583 0.077500 0.079167
0 0.588437 0.165833 0.064375 0.105000
0 0.786875 0.545833 0.060000 0.106667
0 0.466250 0.327917 0.058750 0.104167
0 0.107813 0.927917 0.061875 0.114167
0 0.920937 0.237083 0.066875 0.112500
0 0.509687 0.352917 0.069375 0.105833
0 0.833125 0.474583 0.075000 0.109167
0 0.647500 0.203333 0.055000 0.113333
0 0.815625 0.092500 0.073750 0.088333
0 0.337187 0.275417 0.060625 0.104167
0 0.098750 0.465417 0.078750 0.070833
0 0.108438 0.351250 0.090625 0.082500
0 0.125625 0.695833 0.082500 0.075000
0 0.393125 0.705417 0.076250 0.089167
0 0.103125 0.566250 0.068750 0.120833
0 0.882188 0.790000 0.064375 0.098333
0 0.943750 0.616250 0.062500 0.110833
0 0.835313 0.385417 0.064375 0.097500
0 0.321875 0.660000 0.058750 0.131667
0 0.419687 0.747083 0.056875 0.122500
0 0.413750 0.345833 0.051250 0.138333
0 0.492812 0.251667 0.073125 0.108333
0 0.807813 0.739583 0.081875 0.099167
0 0.084062 0.409583 0.100625 0.072500
0 0.766875 0.604583 0.080000 0.090833
0 0.461562 0.771667 0.069375 0.123333
0 0.946562 0.907917 0.073125 0.115833
0 0.052187 0.595833 0.055625 0.133333
0 0.255625 0.450000 0.062500 0.143333
0 0.790000 0.386250 0.062500 0.130833
0 0.269062 0.619583 0.055625 0.109167
0 0.386875 0.454167 0.080000 0.108333
0 0.050000 0.098333 0.055000 0.123333
0 0.609375 0.302083 0.052500 0.142500
0 0.510625 0.869583 0.061250 0.154167
