0 0.292812 0.205833 0.076875 0.103333
0 0.830000 0.754167 0.080000 0.101667
0 0.541250 0.759167 0.081250 0.100000
0 0.221875 0.501667 0.087500 0.090000
0 0.135000 0.829583 0.068750 0.099167
0 0.882188 0.626667 0.084375 0.110000
0 0.159062 0.939167 0.086875 0.093333
0 0.300312 0.885000 0.078125 0.106667
0 0.260625 0.307500 0.070000 0.096667
0 0.735625 0.850417 0.076250 0.104167
0 0.568438 0.253333 0.081875 0.103333
0 0.906875 0.297083 0.078750 0.100833
0 0.414375 0.749167 0.073750 0.098333
0 0.646875 0.130833 0.082500 0.111667
0 0.339375 0.063750 0.082500 0.100833
0 0.960938 0.066667 0.076875 0.105000
0 0.695312 0.342500 0.071875 0.085000
0 0.042188 0.169583 0.084375 0.100833
0 0.656250 0.903333 0.091250 0.088333
0 0.415000 0.922500 0.072500 0.101667
0 0.769375 0.229583 0.088750 0.109167
0 0.703750 0.477500 0.085000 0.100000
0 0.896563 0.115833 0.085625 0.105000
0 0.035937 0.487083 0.071875 0.105833
0 0.815312 0.077500 0.081875 0.101667
0 0.865313 0.395833 0.053125 0.100000
0 0.535937 0.682917 0.074375 0.095833
0 0.108438 0.474167 0.068125 0.083333
0 0.400938 0.408333 0.080625 0.098333
0 0.815625 0.379583 0.058750 0.130833
0 0.441875 0.391667 0.071250 0.100000
0 0.644687 0.812500 0.090625 0.098333
2 0.243438 0.607500 0.113125 0.135000
0 0.434063 0.497083 0.069375 0.090833
0 0.102188 0.510000 0.059375 0.105000
