0 0.204063 0.250417 0.065625 0.090833
0 0.292812 0.570417 0.061875 0.079167
0 0.101875 0.324167 0.056250 0.071667
0 0.168125 0.377083 0.070000 0.094167
0 0.729688 0.464583 0.066875 0.087500
0 0.200625 0.566250 0.072500 0.090833
0 0.747188 0.195833 0.064375 0.075000
0 0.789375 0.558333 0.052500 0.075000
0 0.477187 0.400417 0.063125 0.080833
0 0.794063 0.417083 0.066875 0.089167
0 0.908750 0.443333 0.067500 0.073333
0 0.332813 0.051667 0.066875 0.081667
0 0.919687 0.515000 0.061875 0.071667
0 0.383750 0.422500 0.056250 0.075000
0 0.954375 0.703750 0.061250 0.060833
0 0.586250 0.452500 0.078750 0.088333
0 0.411875 0.629167 0.058750 0.085000
0 0.728750 0.559167 0.063750 0.080000
0 0.638437 0.527500 0.069375 0.091667
0 0.135937 0.517083 0.068125 0.082500
0 0.104688 0.596250 0.070625 0.090833
0 0.665937 0.886250 0.061875 0.085833
0 0.140313 0.282500 0.066875 0.091667
0 0.892188 0.630833 0.070625 0.090000
0 0.957812 0.590000 0.054375 0.100000
0 0.310000 0.445417 0.072500 0.089167
0 0.376250 0.555833 0.062500 0.078333
0 0.049063 0.823333 0.055625 0.078333
0 0.680625 0.546250 0.057500 0.089167
0 0.800625 0.757500 0.056250 0.081667
1 0.526250 0.930417 0.087500 0.112500
0 0.487812 0.072917 0.069375 0.082500
0 0.608750 0.845000 0.060000 0.085000
0 0.168125 0.629167 0.067500 0.088333
0 0.474375 0.487083 0.075000 0.095833
0 0.860313 0.608750 0.068125 0.077500
0 0.405000 0.112083 0.063750 0.089167
0 0.248125 0.320833 0.060000 0.090000
0 0.097187 0.742083 0.066875 0.092500
0 0.468438 0.649583 0.056875 0.079167
0 0.880313 0.732083 0.079375 0.087500
0 0.440312 0.827917 0.081875 0.112500
0 0.318125 0.398750 0.058750 0.079167
6 0.881563 0.367500 0.088125 0.100000
0 0.504062 0.817500 0.069375 0.083333
0 0.395937 0.492083 0.066875 0.085833
0 0.544375 0.114167 0.078750 0.103333
0 0.829688 0.090000 0.073125 0.095000
0 0.316563 0.348333 0.073125 0.096667
0 0.443125 0.295417 0.075000 0.082500
0 0.487500 0.225417 0.057500 0.090833
3 0.095000 0.063750 0.083750 0.110833
0 0.591250 0.190000 0.067500 0.095000
0 0.529062 0.258333 0.065625 0.085000
0 0.142813 0.703333 0.066875 0.086667
0 0.325000 0.144167 0.058750 0.078333
0 0.426563 0.245417 0.071875 0.080833
0 0.893750 0.799583 0.060000 0.070833
0 0.485938 0.617500 0.065625 0.083333
0 0.297187 0.196250 0.065625 0.092500
1 0.842812 0.813750 0.081875 0.090833
1 0.412187 0.740417 0.068125 0.122500
1 0.424375 0.191667 0.071250 0.058333
0 0.405625 0.068333 0.062500 0.076667
0 0.100937 0.796667 0.058125 0.078333
0 0.260625 0.243333 0.063750 0.080000
0 0.276875 0.170417 0.058750 0.087500
0 0.914375 0.077917 0.058750 0.087500
0 0.840313 0.530417 0.063125 0.080833
0 0.858125 0.900000 0.061250 0.078333
0 0.474687 0.725833 0.061875 0.075000
0 0.510000 0.769167 0.057500 0.080000
0 0.576875 0.350000 0.097500 0.108333
0 0.963750 0.123750 0.061250 0.072500
0 0.874375 0.117500 0.066250 0.071667
0 0.945625 0.205000 0.055000 0.093333
0 0.925000 0.312500 0.072500 0.076667
0 0.302187 0.492917 0.088125 0.069167
0 0.917813 0.260000 0.070625 0.075000
0 0.638125 0.188750 0.060000 0.092500
0 0.580937 0.229167 0.065625 0.098333
