0 0.068750 0.370000 0.080000 0.100000
0 0.728125 0.462917 0.081250 0.105833
0 0.340313 0.190833 0.080625 0.106667
0 0.448437 0.278750 0.085625 0.099167
0 0.053437 0.265833 0.080625 0.111667
0 0.286562 0.334167 0.061875 0.086667
0 0.457500 0.830417 0.075000 0.097500
0 0.098750 0.442083 0.078750 0.094167
0 0.214062 0.091667 0.078125 0.103333
0 0.507500 0.727083 0.082500 0.095833
0 0.457813 0.437500 0.069375 0.096667
0 0.619062 0.885417 0.085625 0.105833
0 0.383125 0.450000 0.068750 0.110000
0 0.350000 0.537917 0.078750 0.089167
0 0.879062 0.250417 0.080625 0.100833
0 0.426250 0.148750 0.071250 0.089167
0 0.738437 0.361667 0.076875 0.098333
0 0.606875 0.317917 0.076250 0.082500
0 0.141875 0.298750 0.063750 0.082500
0 0.845938 0.880417 0.078125 0.095833
0 0.302187 0.665417 0.078125 0.095833
0 0.849688 0.493750 0.088125 0.094167
0 0.533125 0.619583 0.076250 0.105833
0 0.759687 0.908333 0.069375 0.103333
0 0.595938 0.502083 0.080625 0.089167
0 0.563438 0.255833 0.073125 0.090000
0 0.845313 0.631250 0.079375 0.110833
0 0.353438 0.632083 0.064375 0.095833
0 0.713125 0.136667 0.076250 0.118333
0 0.713437 0.588333 0.079375 0.100000
0 0.214688 0.380833 0.075625 0.106667
0 0.170937 0.626667 0.066875 0.098333
0 0.837812 0.732500 0.083125 0.093333
0 0.768125 0.275417 0.075000 0.109167
0 0.473125 0.607917 0.076250 0.109167
0 0.053437 0.885833 0.080625 0.106667
0 0.664062 0.664583 0.071875 0.120833
0 0.264688 0.451667 0.085625 0.093333
0 0.094375 0.180417 0.081250 0.097500
0 0.890625 0.097083 0.061250 0.115833
0 0.872188 0.351250 0.073125 0.100833
0 0.114375 0.526250 0.063750 0.087500
0 0.145000 0.932083 0.076250 0.110833
0 0.842812 0.422083 0.080625 0.085833
0 0.655625 0.155833 0.067500 0.110000
0 0.324062 0.933750 0.064375 0.090833
0 0.423438 0.880417 0.076875 0.092500
0 0.198437 0.824167 0.074375 0.100000
0 0.323750 0.871250 0.076250 0.079167
0 0.568438 0.410000 0.083125 0.103333
0 0.249688 0.756667 0.065625 0.093333
0 0.222812 0.863750 0.074375 0.085833
0 0.524375 0.937500 0.075000 0.111667
0 0.609688 0.406667 0.060625 0.088333
0 0.164375 0.221250 0.076250 0.122500
0 0.407187 0.103333 0.070625 0.103333
0 0.357187 0.080000 0.058125 0.128333
0 0.589375 0.153333 0.068750 0.116667
