0 0.815000 0.387917 0.066250 0.082500
0 0.659687 0.701250 0.074375 0.095833
0 0.108750 0.510000 0.061250 0.080000
0 0.878125 0.810000 0.068750 0.090000
0 0.755313 0.498333 0.068125 0.081667
0 0.424063 0.663333 0.065625 0.085000
0 0.263125 0.823333 0.076250 0.098333
0 0.288438 0.655000 0.074375 0.088333
0 0.373750 0.251250 0.082500 0.099167
0 0.495000 0.776667 0.073750 0.090000
0 0.928438 0.876667 0.075625 0.100000
0 0.827187 0.932917 0.065625 0.087500
0 0.174687 0.912917 0.073125 0.082500
0 0.692500 0.211250 0.067500 0.089167
0 0.608437 0.076250 0.084375 0.107500
0 0.116250 0.192500 0.077500 0.105000
0 0.445937 0.933333 0.070625 0.093333
0 0.816250 0.592917 0.066250 0.092500
0 0.558750 0.261667 0.058750 0.081667
0 0.132812 0.340000 0.063125 0.083333
0 0.508750 0.690417 0.067500 0.100833
0 0.182188 0.792500 0.074375 0.098333
0 0.797500 0.708333 0.070000 0.091667
0 0.599375 0.874583 0.058750 0.074167
0 0.575000 0.615000 0.073750 0.096667
0 0.384062 0.337083 0.061875 0.080833
0 0.278750 0.064167 0.072500 0.095000
0 0.356875 0.633333 0.066250 0.086667
0 0.453750 0.429167 0.061250 0.083333
0 0.679063 0.789167 0.068125 0.075000
0 0.195312 0.681667 0.074375 0.095000
0 0.047500 0.832083 0.073750 0.085833
0 0.832500 0.240417 0.072500 0.089167
0 0.708438 0.617083 0.074375 0.092500
0 0.752812 0.066250 0.075625 0.094167
0 0.155938 0.426250 0.066875 0.090833
0 0.315625 0.138333 0.075000 0.086667
0 0.235937 0.146667 0.080625 0.095000
0 0.801250 0.814583 0.071250 0.095833
0 0.746875 0.145833 0.062500 0.086667
0 0.395313 0.572500 0.073125 0.091667
0 0.563750 0.379167 0.071250 0.093333
0 0.677188 0.122083 0.076875 0.090833
0 0.236563 0.597917 0.074375 0.110833
0 0.534062 0.118750 0.084375 0.089167
0 0.215312 0.427500 0.060625 0.083333
0 0.325937 0.486667 0.069375 0.080000
0 0.923438 0.286250 0.071875 0.082500
0 0.185625 0.206667 0.071250 0.080000
0 0.885625 0.689583 0.077500 0.089167
0 0.749687 0.575417 0.076875 0.104167
0 0.431250 0.504167 0.065000 0.095000
1 0.861250 0.141667 0.127500 0.095000
0 0.515625 0.205833 0.073750 0.083333
0 0.212500 0.512500 0.075000 0.093333
0 0.531250 0.420000 0.078750 0.083333
0 0.557813 0.932083 0.078125 0.097500
0 0.040313 0.333750 0.075625 0.087500
0 0.810000 0.105417 0.063750 0.094167
0 0.639062 0.260833 0.071875 0.081667
0 0.651250 0.525833 0.065000 0.078333
0 0.854688 0.731667 0.064375 0.085000
0 0.063125 0.574583 0.066250 0.087500
0 0.237187 0.762917 0.075625 0.099167
0 0.745938 0.841667 0.056875 0.075000
0 0.164687 0.290417 0.080625 0.087500
0 0.856563 0.307083 0.068125 0.085833
0 0.763437 0.960417 0.064375 0.077500
0 0.261250 0.464167 0.070000 0.071667
1 0.619687 0.492917 0.094375 0.087500
1 0.186875 0.580000 0.098750 0.158333
1 0.512188 0.933333 0.066875 0.121667
0 0.054688 0.544167 0.069375 0.086667
0 0.192188 0.365417 0.069375 0.089167
0 0.269688 0.506250 0.060625 0.090833
0 0.110312 0.428750 0.068125 0.087500
0 0.615313 0.433333 0.089375 0.073333
0 0.778125 0.860000 0.052500 0.073333
