0 0.682187 0.922917 0.066875 0.085833
0 0.200937 0.687500 0.063125 0.083333
0 0.209687 0.840417 0.060625 0.084167
0 0.132812 0.288750 0.073125 0.087500
0 0.074688 0.336250 0.075625 0.080833
0 0.339062 0.461667 0.068125 0.076667
0 0.197500 0.160000 0.072500 0.096667
0 0.746250 0.620000 0.068750 0.083333
0 0.576562 0.858333 0.058125 0.076667
0 0.850000 0.088750 0.060000 0.087500
0 0.145937 0.946250 0.064375 0.079167
0 0.153438 0.069167 0.061875 0.078333
0 0.912813 0.094167 0.069375 0.090000
0 0.631250 0.744167 0.076250 0.096667
4 0.083125 0.850000 0.078750 0.098333
0 0.075625 0.937083 0.068750 0.087500
0 0.916562 0.595417 0.060625 0.074167
0 0.241875 0.752917 0.067500 0.097500
0 0.143437 0.629583 0.066875 0.080833
0 0.055625 0.600000 0.071250 0.095000
0 0.533125 0.624583 0.076250 0.084167
0 0.143125 0.544583 0.072500 0.087500
0 0.460625 0.156250 0.077500 0.097500
0 0.151562 0.863333 0.070625 0.100000
0 0.615313 0.934167 0.063125 0.086667
0 0.736250 0.358750 0.068750 0.097500
0 0.551875 0.934167 0.066250 0.086667
0 0.710313 0.141250 0.066875 0.082500
0 0.678125 0.665000 0.060000 0.078333
1 0.352187 0.346250 0.085625 0.120833
0 0.901875 0.447500 0.076250 0.113333
0 0.872812 0.342500 0.068125 0.080000
0 0.933125 0.327083 0.073750 0.082500
0 0.100625 0.695417 0.078750 0.100833
0 0.818125 0.620000 0.075000 0.096667
0 0.629687 0.179167 0.075625 0.106667
0 0.155312 0.774583 0.066875 0.087500
0 0.895625 0.262500 0.058750 0.081667
0 0.473750 0.899167 0.066250 0.076667
0 0.880313 0.890417 0.085625 0.110833
0 0.834688 0.434167 0.051875 0.078333
0 0.776875 0.432917 0.060000 0.087500
0 0.411250 0.704167 0.070000 0.088333
0 0.445937 0.394167 0.064375 0.088333
0 0.125625 0.165000 0.067500 0.083333
0 0.740625 0.097500 0.068750 0.081667
0 0.254688 0.242500 0.061875 0.090000
0 0.303750 0.276250 0.063750 0.084167
0 0.807813 0.137083 0.063125 0.079167
0 0.066562 0.098750 0.061875 0.072500
0 0.092188 0.417500 0.069375 0.081667
0 0.239687 0.902500 0.071875 0.116667
0 0.499688 0.553333 0.076875 0.095000
0 0.930937 0.244583 0.064375 0.082500
0 0.628125 0.073333 0.061250 0.096667
0 0.491563 0.248750 0.071875 0.102500
0 0.828125 0.197500 0.065000 0.071667
0 0.487812 0.884583 0.064375 0.089167
0 0.525312 0.720417 0.071875 0.089167
0 0.478438 0.054167 0.071875 0.083333
0 0.074063 0.786250 0.068125 0.092500
0 0.433125 0.063750 0.077500 0.070833
0 0.495937 0.353333 0.070625 0.090000
0 0.320937 0.895833 0.074375 0.098333
0 0.887500 0.722083 0.076250 0.084167
0 0.260625 0.126250 0.068750 0.082500
0 0.538750 0.226667 0.072500 0.085000
0 0.771250 0.255000 0.063750 0.088333
0 0.820000 0.537500 0.057500 0.080000
0 0.537500 0.061667 0.063750 0.083333
0 0.964063 0.387500 0.066875 0.083333
0 0.392188 0.832917 0.065625 0.090833
0 0.461562 0.816250 0.075625 0.090833
0 0.554375 0.145417 0.053750 0.114167
0 0.454688 0.742917 0.056875 0.087500
1 0.178437 0.484583 0.086875 0.095833
0 0.577500 0.745833 0.062500 0.090000
0 0.768125 0.190417 0.067500 0.090833
0 0.429375 0.471250 0.057500 0.074167
0 0.963437 0.175833 0.071875 0.101667
0 0.803750 0.518750 0.068750 0.092500
0 0.104063 0.119167 0.050625 0.075000
1 0.238125 0.050833 0.080000 0.098333
0 0.437188 0.522083 0.064375 0.085833
0 0.373125 0.818333 0.072500 0.078333
0 0.324062 0.841250 0.054375 0.070833
0 0.413125 0.956250 0.066250 0.084167
