0 0.229375 0.476250 0.078750 0.100833
0 0.451875 0.489583 0.078750 0.099167
0 0.549375 0.122917 0.081250 0.105833
0 0.892500 0.565833 0.073750 0.106667
0 0.460625 0.859167 0.077500 0.105000
0 0.923750 0.349583 0.082500 0.105833
0 0.756250 0.535833 0.077500 0.113333
0 0.580313 0.792917 0.068125 0.085833
0 0.916250 0.727917 0.065000 0.104167
0 0.563750 0.535833 0.082500 0.115000
0 0.343125 0.499167 0.082500 0.105000
0 0.802813 0.792500 0.073125 0.103333
0 0.817187 0.422917 0.078125 0.087500
0 0.246250 0.886250 0.081250 0.092500
0 0.702500 0.262500 0.083750 0.110000
0 0.380937 0.942917 0.079375 0.100833
0 0.323437 0.710417 0.065625 0.092500
0 0.299687 0.611667 0.089375 0.113333
1 0.485000 0.737500 0.083750 0.115000
0 0.848437 0.340833 0.066875 0.090000
0 0.520625 0.792083 0.066250 0.090833
0 0.195625 0.697083 0.078750 0.102500
0 0.253750 0.343750 0.077500 0.102500
0 0.820625 0.590417 0.066250 0.087500
0 0.065625 0.206250 0.086250 0.114167
0 0.653750 0.210417 0.082500 0.102500
0 0.895000 0.252500 0.075000 0.123333
0 0.108438 0.148750 0.086875 0.109167
0 0.831250 0.104583 0.080000 0.107500
0 0.864062 0.842917 0.073125 0.094167
0 0.637813 0.308333 0.076875 0.103333
0 0.850625 0.680833 0.068750 0.110000
0 0.315625 0.134583 0.077500 0.092500
0 0.534375 0.674167 0.078750 0.118333
