0 0.832187 0.681667 0.060625 0.076667
0 0.085938 0.374583 0.069375 0.082500
0 0.370625 0.151667 0.067500 0.085000
0 0.200625 0.488750 0.068750 0.094167
0 0.691875 0.650000 0.072500 0.086667
0 0.944063 0.914167 0.065625 0.091667
0 0.673125 0.335833 0.063750 0.095000
0 0.933438 0.718750 0.079375 0.095833
0 0.123750 0.495417 0.081250 0.092500
0 0.632812 0.895000 0.079375 0.095000
0 0.800000 0.252083 0.060000 0.104167
0 0.443125 0.137917 0.076250 0.084167
0 0.951250 0.117083 0.082500 0.100833
0 0.927500 0.631667 0.076250 0.088333
0 0.658125 0.527917 0.088750 0.094167
0 0.100000 0.941667 0.082500 0.093333
0 0.965625 0.590833 0.065000 0.106667
0 0.340938 0.945417 0.089375 0.105833
3 0.286875 0.349167 0.088750 0.108333
