0 0.254688 0.575417 0.073125 0.087500
0 0.044062 0.487500 0.068125 0.093333
0 0.045312 0.572083 0.071875 0.082500
0 0.062187 0.763750 0.064375 0.082500
0 0.725625 0.186667 0.072500 0.103333
0 0.175937 0.222500 0.075625 0.091667
0 0.931875 0.335417 0.078750 0.089167
0 0.802500 0.180000 0.057500 0.075000
0 0.536875 0.492500 0.078750 0.108333
0 0.888437 0.419167 0.078125 0.088333
0 0.831562 0.518750 0.064375 0.087500
0 0.532188 0.213750 0.059375 0.084167
0 0.207813 0.660833 0.076875 0.091667
0 0.860938 0.317083 0.061875 0.087500
0 0.473438 0.103333 0.066875 0.098333
0 0.250937 0.752500 0.078125 0.103333
0 0.722187 0.268750 0.069375 0.080833
0 0.054062 0.383750 0.080625 0.084167
0 0.443437 0.178333 0.068125 0.073333
0 0.765312 0.453750 0.069375 0.090833
0 0.898125 0.491667 0.076250 0.106667
0 0.108438 0.313750 0.065625 0.082500
0 0.119063 0.525833 0.075625 0.095000
0 0.765938 0.314583 0.061875 0.084167
0 0.110625 0.602083 0.070000 0.094167
0 0.230313 0.427500 0.075625 0.090000
0 0.194688 0.324167 0.061875 0.071667
0 0.484063 0.671250 0.076875 0.095833
0 0.590000 0.630417 0.080000 0.110833
0 0.952500 0.700417 0.078750 0.094167
0 0.118438 0.201667 0.079375 0.106667
0 0.406562 0.085833 0.066875 0.093333
0 0.136563 0.682083 0.064375 0.084167
0 0.295312 0.342917 0.070625 0.084167
0 0.611563 0.067917 0.064375 0.082500
1 0.367812 0.343750 0.091875 0.124167
0 0.179375 0.831250 0.073750 0.087500
0 0.461250 0.253333 0.082500 0.105000
1 0.815000 0.062500 0.083750 0.096667
0 0.908125 0.136667 0.058750 0.091667
0 0.032188 0.651250 0.063125 0.084167
0 0.165625 0.464583 0.071250 0.084167
0 0.965313 0.411667 0.064375 0.090000
0 0.121875 0.782917 0.056250 0.080833
1 0.922500 0.843333 0.076250 0.111667
2 0.611875 0.257917 0.088750 0.105833
0 0.174375 0.779167 0.076250 0.096667
0 0.892500 0.593750 0.080000 0.097500
0 0.951562 0.250833 0.070625 0.081667
0 0.230313 0.366667 0.065625 0.068333
1 0.438437 0.552917 0.075625 0.119167
0 0.734062 0.434167 0.070625 0.075000
0 0.843437 0.260417 0.066875 0.077500
0 0.060312 0.262083 0.071875 0.100833
0 0.465938 0.461250 0.061875 0.087500
1 0.619687 0.157083 0.083125 0.135833
1 0.428438 0.416250 0.086875 0.175833
1 0.065000 0.850000 0.073750 0.086667
0 0.854062 0.228750 0.065625 0.079167
0 0.918438 0.240000 0.055625 0.083333
0 0.871563 0.158750 0.058125 0.082500
0 0.449062 0.429583 0.068125 0.095833
0 0.448437 0.057500 0.069375 0.081667
0 0.135313 0.472917 0.066875 0.095833
0 0.089375 0.089583 0.053750 0.062500
0 0.114687 0.862917 0.059375 0.079167
0 0.078437 0.932083 0.069375 0.074167
0 0.321562 0.738333 0.056875 0.068333
0 0.962187 0.789583 0.069375 0.079167
0 0.033438 0.270000 0.060625 0.071667
0 0.518437 0.595833 0.073125 0.093333
0 0.492812 0.585833 0.069375 0.081667
