0 0.934688 0.718750 0.068125 0.087500
0 0.655937 0.589583 0.066875 0.085833
0 0.775312 0.903750 0.066875 0.087500
0 0.462813 0.172917 0.061875 0.080833
0 0.076563 0.527917 0.065625 0.092500
0 0.649375 0.865417 0.067500 0.095833
0 0.426563 0.807917 0.066875 0.092500
0 0.653750 0.112917 0.067500 0.092500
0 0.772188 0.247500 0.064375 0.090000
0 0.578750 0.330833 0.057500 0.096667
0 0.280000 0.605000 0.057500 0.070000
0 0.075938 0.077083 0.064375 0.082500
0 0.067812 0.404167 0.066875 0.085000
0 0.208125 0.631667 0.071250 0.093333
0 0.526250 0.095833 0.065000 0.085000
0 0.861875 0.275417 0.058750 0.080833
0 0.704375 0.942917 0.060000 0.089167
0 0.858125 0.130833 0.071250 0.085000
0 0.155625 0.697500 0.068750 0.083333
0 0.840938 0.934167 0.058125 0.096667
0 0.784375 0.805417 0.063750 0.087500
0 0.698125 0.397500 0.066250 0.093333
0 0.392188 0.462917 0.066875 0.092500
0 0.306875 0.203333 0.066250 0.098333
0 0.259062 0.526667 0.060625 0.088333
0 0.440312 0.686250 0.064375 0.087500
0 0.584688 0.630833 0.061875 0.090000
0 0.109687 0.627500 0.070625 0.098333
0 0.651250 0.687500 0.061250 0.093333
0 0.122500 0.870417 0.058750 0.085833
0 0.531250 0.880417 0.068750 0.090833
0 0.650000 0.298333 0.057500 0.078333
0 0.470000 0.337917 0.071250 0.105833
0 0.860625 0.711667 0.060000 0.085000
0 0.101875 0.305417 0.067500 0.095833
0 0.777500 0.111250 0.053750 0.084167
0 0.567500 0.543333 0.070000 0.088333
0 0.511875 0.383333 0.070000 0.091667
0 0.934063 0.293333 0.068125 0.090000
0 0.207187 0.475833 0.060625 0.085000
0 0.937500 0.618333 0.066250 0.090000
0 0.195937 0.355000 0.063125 0.101667
0 0.388125 0.279167 0.073750 0.090000
0 0.349375 0.730000 0.063750 0.085000
0 0.034063 0.733750 0.060625 0.092500
0 0.720625 0.320833 0.070000 0.075000
0 0.345313 0.941667 0.064375 0.095000
0 0.495937 0.816667 0.065625 0.098333
0 0.393125 0.612917 0.068750 0.084167
0 0.179063 0.194167 0.069375 0.088333
0 0.071875 0.236250 0.073750 0.080833
0 0.042188 0.165833 0.064375 0.088333
0 0.180312 0.098333 0.073125 0.083333
0 0.898125 0.892083 0.068750 0.082500
0 0.350000 0.114167 0.076250 0.086667
0 0.760312 0.528750 0.066875 0.075833
0 0.705625 0.688333 0.062500 0.080000
0 0.613125 0.755417 0.067500 0.090833
0 0.241563 0.713333 0.061875 0.076667
0 0.617812 0.232500 0.061875 0.090000
0 0.769375 0.418333 0.060000 0.083333
0 0.825625 0.390417 0.046250 0.084167
0 0.734688 0.205000 0.069375 0.068333
0 0.258750 0.340417 0.065000 0.092500
0 0.321562 0.659583 0.063125 0.077500
0 0.722500 0.110000 0.053750 0.096667
0 0.395313 0.049583 0.079375 0.075833
0 0.036250 0.620417 0.066250 0.092500
0 0.332813 0.374583 0.060625 0.079167
0 0.596875 0.187917 0.072500 0.085833
0 0.069062 0.856667 0.064375 0.095000
0 0.906875 0.452917 0.068750 0.079167
0 0.451562 0.956250 0.074375 0.085833
0 0.921875 0.364583 0.066250 0.075833
0 0.158125 0.460000 0.070000 0.088333
0 0.032500 0.908750 0.055000 0.094167
0 0.968437 0.220417 0.061875 0.090833
0 0.734375 0.593750 0.065000 0.074167
0 0.969375 0.801667 0.060000 0.091667
0 0.137813 0.120000 0.059375 0.085000
0 0.337813 0.046250 0.089375 0.072500
1 0.291250 0.450417 0.060000 0.075833
0 0.788438 0.351667 0.068125 0.063333
0 0.875000 0.424583 0.050000 0.090833
