0 0.259688 0.847917 0.080625 0.099167
0 0.624375 0.616667 0.070000 0.091667
0 0.954375 0.474583 0.071250 0.097500
0 0.936562 0.545833 0.080625 0.103333
0 0.919375 0.814583 0.075000 0.109167
0 0.767500 0.364583 0.078750 0.104167
0 0.232813 0.668333 0.070625 0.090000
0 0.819063 0.601667 0.079375 0.110000
0 0.734375 0.161667 0.076250 0.105000
0 0.035937 0.445000 0.065625 0.090000
0 0.914375 0.221667 0.082500 0.105000
0 0.792500 0.448750 0.082500 0.112500
0 0.383750 0.219167 0.087500 0.090000
0 0.905937 0.684167 0.075625 0.105000
0 0.040000 0.597917 0.080000 0.100833
0 0.192188 0.400000 0.075625 0.101667
0 0.594688 0.387917 0.099375 0.089167
0 0.166250 0.555833 0.075000 0.108333
0 0.373750 0.843333 0.063750 0.101667
0 0.333437 0.775833 0.078125 0.106667
5 0.258750 0.327500 0.093750 0.120000
0 0.166250 0.777917 0.081250 0.105833
0 0.825937 0.072500 0.061875 0.098333
