0 0.696562 0.217083 0.071875 0.094167
0 0.405313 0.605417 0.074375 0.099167
0 0.054375 0.347917 0.072500 0.104167
0 0.355625 0.692500 0.073750 0.103333
0 0.667500 0.931667 0.076250 0.111667
0 0.814063 0.647083 0.079375 0.102500
0 0.443125 0.159167 0.077500 0.095000
0 0.234063 0.450000 0.070625 0.091667
0 0.748125 0.879583 0.083750 0.114167
0 0.140313 0.060833 0.075625 0.106667
0 0.116250 0.206667 0.075000 0.101667
0 0.066562 0.680417 0.084375 0.092500
0 0.278438 0.105000 0.073125 0.096667
0 0.496875 0.698333 0.072500 0.098333
0 0.117188 0.480833 0.073125 0.100000
0 0.133125 0.365417 0.082500 0.089167
0 0.616875 0.832083 0.070000 0.094167
0 0.682500 0.639167 0.080000 0.088333
0 0.867812 0.535417 0.091875 0.077500
0 0.891563 0.841667 0.081875 0.096667
0 0.428438 0.065417 0.081875 0.089167
0 0.876250 0.704583 0.061250 0.112500
0 0.447500 0.443750 0.085000 0.092500
0 0.651563 0.780417 0.076875 0.092500
0 0.443437 0.882500 0.084375 0.088333
0 0.048750 0.490833 0.077500 0.101667
0 0.160625 0.312917 0.080000 0.100833
0 0.174687 0.229583 0.081875 0.087500
0 0.503750 0.411667 0.106250 0.088333
0 0.459062 0.788333 0.086875 0.096667
0 0.270000 0.210417 0.067500 0.082500
0 0.112187 0.887917 0.103125 0.072500
0 0.757500 0.755833 0.091250 0.088333
0 0.895000 0.605417 0.092500 0.080833
0 0.824375 0.735000 0.060000 0.108333
0 0.354063 0.253333 0.094375 0.071667
0 0.948750 0.692083 0.083750 0.097500
0 0.586250 0.079167 0.105000 0.071667
