0 0.481563 0.915417 0.058125 0.090833
0 0.626250 0.767917 0.071250 0.079167
0 0.320937 0.611250 0.064375 0.084167
0 0.115312 0.669167 0.076875 0.091667
0 0.486875 0.273333 0.071250 0.090000
0 0.156562 0.385000 0.053125 0.088333
0 0.886563 0.854167 0.070625 0.088333
1 0.562500 0.279167 0.081250 0.103333
0 0.693750 0.161250 0.061250 0.079167
0 0.659375 0.909167 0.072500 0.100000
0 0.300000 0.833750 0.061250 0.085833
0 0.752500 0.651667 0.065000 0.090000
0 0.126562 0.584167 0.060625 0.086667
0 0.940625 0.235000 0.060000 0.091667
0 0.177187 0.096250 0.074375 0.102500
0 0.968750 0.710000 0.062500 0.086667
0 0.954063 0.791667 0.058125 0.083333
0 0.635938 0.677083 0.078125 0.102500
0 0.765000 0.288333 0.056250 0.080000
0 0.910937 0.682500 0.060625 0.090000
0 0.741875 0.205833 0.063750 0.103333
0 0.418125 0.195417 0.073750 0.095833
0 0.236875 0.171667 0.070000 0.083333
0 0.396875 0.661250 0.057500 0.094167
0 0.905312 0.527917 0.069375 0.087500
0 0.816562 0.664167 0.076875 0.098333
0 0.084062 0.921250 0.071875 0.090833
0 0.777188 0.749167 0.065625 0.093333
0 0.204687 0.232083 0.064375 0.084167
0 0.221250 0.297917 0.075000 0.077500
0 0.613437 0.559583 0.063125 0.089167
0 0.475625 0.773333 0.057500 0.091667
0 0.853125 0.927917 0.072500 0.087500
0 0.322500 0.474167 0.060000 0.085000
0 0.247188 0.094167 0.064375 0.080000
0 0.506250 0.126250 0.063750 0.080833
0 0.733750 0.449583 0.060000 0.095833
0 0.895000 0.424167 0.063750 0.083333
0 0.336562 0.393333 0.058125 0.081667
0 0.793125 0.187500 0.057500 0.088333
0 0.243438 0.445833 0.075625 0.095000
0 0.515000 0.049167 0.073750 0.095000
0 0.330313 0.156250 0.073125 0.077500
3 0.397188 0.402083 0.073125 0.110833
0 0.399375 0.075417 0.066250 0.069167
0 0.835000 0.524583 0.065000 0.097500
0 0.286562 0.435000 0.061875 0.085000
0 0.870000 0.595417 0.070000 0.084167
0 0.821562 0.469167 0.056875 0.070000
0 0.155625 0.935000 0.080000 0.095000
0 0.456562 0.345000 0.079375 0.080000
1 0.425000 0.582917 0.071250 0.119167
0 0.448750 0.797917 0.073750 0.069167
0 0.293125 0.049167 0.071250 0.090000
0 0.351875 0.114583 0.066250 0.092500
