0 0.376563 0.950833 0.080625 0.096667
0 0.600313 0.233750 0.071875 0.094167
0 0.623125 0.941250 0.068750 0.105833
0 0.638750 0.365417 0.073750 0.102500
0 0.350938 0.102083 0.083125 0.109167
0 0.769687 0.922083 0.073125 0.112500
0 0.378750 0.484583 0.080000 0.105833
0 0.208750 0.655000 0.085000 0.101667
0 0.929063 0.402917 0.086875 0.110833
0 0.398438 0.281667 0.086875 0.088333
0 0.251875 0.169583 0.076250 0.100833
0 0.544375 0.775000 0.070000 0.091667
0 0.098437 0.537500 0.080625 0.106667
0 0.741250 0.454167 0.076250 0.110000
0 0.836875 0.715417 0.067500 0.109167
0 0.685000 0.227500 0.081250 0.108333
0 0.255937 0.917917 0.085625 0.107500
0 0.443125 0.227083 0.075000 0.099167
0 0.065000 0.825833 0.072500 0.098333
0 0.610000 0.467500 0.068750 0.120000
0 0.856563 0.239167 0.093125 0.101667
0 0.500313 0.106250 0.093125 0.087500
0 0.680000 0.125833 0.110000 0.061667
2 0.365000 0.816667 0.105000 0.131667
0 0.358750 0.401667 0.097500 0.091667
0 0.401875 0.685000 0.096250 0.095000
0 0.467187 0.595833 0.155625 0.073333
0 0.665312 0.056667 0.104375 0.080000
0 0.834375 0.129583 0.118750 0.077500
0 0.835313 0.050417 0.099375 0.072500
