0 0.611563 0.947500 0.063125 0.081667
0 0.493750 0.886250 0.077500 0.095833
0 0.370937 0.912083 0.068125 0.089167
0 0.768125 0.709583 0.072500 0.104167
0 0.560000 0.872917 0.067500 0.084167
0 0.562500 0.233750 0.075000 0.104167
0 0.568438 0.757917 0.078125 0.097500
0 0.395000 0.796250 0.068750 0.079167
0 0.237187 0.496250 0.085625 0.107500
0 0.081875 0.487917 0.078750 0.105833
0 0.667188 0.890417 0.064375 0.090833
0 0.631875 0.267083 0.075000 0.104167
0 0.342813 0.075417 0.074375 0.102500
0 0.180625 0.564583 0.080000 0.102500
0 0.883437 0.591667 0.076875 0.113333
0 0.597187 0.578333 0.078125 0.111667
0 0.171250 0.685833 0.072500 0.095000
0 0.727812 0.259583 0.083125 0.105833
0 0.547188 0.503333 0.075625 0.095000
0 0.946250 0.272917 0.076250 0.107500
0 0.270000 0.584167 0.068750 0.095000
0 0.610313 0.354167 0.066875 0.086667
0 0.619062 0.703333 0.063125 0.088333
0 0.577500 0.095000 0.070000 0.085000
0 0.595000 0.434167 0.072500 0.091667
0 0.661563 0.584167 0.070625 0.098333
0 0.887500 0.125833 0.068750 0.085000
0 0.337500 0.745417 0.063750 0.090833
0 0.659062 0.695417 0.076875 0.107500
0 0.087813 0.214583 0.081875 0.099167
0 0.498437 0.780417 0.074375 0.099167
0 0.241563 0.055000 0.074375 0.081667
0 0.455625 0.719167 0.071250 0.101667
1 0.442500 0.101250 0.083750 0.117500
0 0.675937 0.792083 0.078125 0.104167
0 0.729062 0.810000 0.068125 0.098333
0 0.715000 0.944583 0.056250 0.104167
0 0.167813 0.360000 0.071875 0.093333
0 0.207187 0.169167 0.075625 0.106667
0 0.497812 0.087083 0.070625 0.074167
0 0.438437 0.959583 0.065625 0.079167
0 0.465000 0.793333 0.077500 0.100000
0 0.698750 0.072917 0.073750 0.114167
0 0.891250 0.857500 0.076250 0.096667
0 0.088438 0.612500 0.071875 0.108333
1 0.046250 0.629167 0.052500 0.200000
1 0.292812 0.701250 0.088125 0.109167
1 0.889062 0.720000 0.088125 0.096667
1 0.873125 0.777917 0.101250 0.147500
0 0.150312 0.138750 0.073125 0.092500
0 0.630938 0.161250 0.066875 0.080833
0 0.591562 0.151250 0.068125 0.085833
0 0.630313 0.209167 0.063125 0.098333
0 0.178437 0.091667 0.065625 0.095000
0 0.187188 0.435000 0.069375 0.096667
0 0.156562 0.466250 0.080625 0.097500
0 0.230000 0.644583 0.056250 0.094167
0 0.728750 0.851667 0.058750 0.078333
0 0.257812 0.729583 0.064375 0.090833
0 0.786875 0.902083 0.081250 0.095833
0 0.158438 0.074167 0.065625 0.098333
0 0.856875 0.935000 0.063750 0.083333
0 0.829063 0.946667 0.050625 0.085000
