0 0.261250 0.569583 0.067500 0.092500
0 0.183438 0.721250 0.068125 0.095833
0 0.313750 0.800833 0.071250 0.091667
0 0.775000 0.561250 0.066250 0.095833
0 0.809375 0.761250 0.078750 0.092500
0 0.952187 0.737083 0.071875 0.090833
0 0.520000 0.217917 0.070000 0.105833
0 0.160312 0.527083 0.066875 0.099167
0 0.132812 0.177917 0.065625 0.094167
0 0.815937 0.277500 0.071875 0.098333
0 0.110000 0.592500 0.068750 0.098333
0 0.854688 0.100833 0.079375 0.096667
0 0.632188 0.900833 0.075625 0.096667
0 0.145313 0.363750 0.069375 0.109167
0 0.757188 0.895833 0.065625 0.093333
0 0.628437 0.783750 0.066875 0.100833
0 0.531875 0.560417 0.076250 0.095833
0 0.694688 0.860417 0.070625 0.095833
0 0.910312 0.204583 0.070625 0.114167
0 0.831875 0.683750 0.072500 0.100833
0 0.091875 0.857083 0.073750 0.089167
0 0.296250 0.676250 0.076250 0.100833
0 0.722500 0.175000 0.061250 0.098333
0 0.395313 0.541250 0.059375 0.099167
0 0.629062 0.490833 0.080625 0.093333
0 0.762813 0.227083 0.063125 0.094167
0 0.486875 0.632917 0.061250 0.077500
0 0.642188 0.570417 0.069375 0.079167
0 0.220938 0.473750 0.055625 0.107500
0 0.824688 0.943333 0.060625 0.090000
0 0.447500 0.340833 0.067500 0.093333
0 0.706875 0.567083 0.075000 0.107500
0 0.447500 0.557500 0.062500 0.096667
0 0.045000 0.792500 0.076250 0.113333
0 0.341250 0.282083 0.061250 0.107500
0 0.725625 0.483750 0.071250 0.084167
0 0.687187 0.758750 0.059375 0.100833
0 0.282500 0.907500 0.083750 0.100000
0 0.375937 0.457917 0.061875 0.114167
0 0.195000 0.269583 0.052500 0.100833
0 0.577812 0.159167 0.059375 0.095000
0 0.757188 0.355000 0.070625 0.085000
1 0.189062 0.841667 0.071875 0.098333
0 0.775312 0.438750 0.063125 0.092500
0 0.600000 0.115417 0.067500 0.085833
0 0.255625 0.055417 0.076250 0.102500
0 0.155938 0.635417 0.058125 0.085833
0 0.648438 0.667083 0.068125 0.087500
0 0.616250 0.324583 0.068750 0.117500
0 0.627500 0.707083 0.070000 0.099167
0 0.166875 0.111250 0.070000 0.090833
0 0.281562 0.292500 0.068125 0.085000
0 0.502500 0.101667 0.050000 0.111667
0 0.510938 0.742917 0.048125 0.145833
0 0.943438 0.900833 0.068125 0.096667
0 0.245938 0.281667 0.064375 0.096667
0 0.076250 0.416250 0.066250 0.119167
0 0.697500 0.266667 0.057500 0.095000
0 0.487812 0.327917 0.051875 0.135833
0 0.248438 0.800417 0.063125 0.097500
0 0.192188 0.619167 0.063125 0.106667
0 0.395937 0.299583 0.059375 0.140833
0 0.400938 0.675417 0.046875 0.159167
0 0.259375 0.839583 0.060000 0.072500
0 0.664687 0.295417 0.059375 0.105833
0 0.360312 0.217917 0.074375 0.085833
0 0.364375 0.158333 0.071250 0.085000
0 0.520000 0.384583 0.061250 0.137500
0 0.713750 0.424167 0.048750 0.090000
0 0.715000 0.772083 0.063750 0.097500
0 0.963750 0.919167 0.061250 0.081667
