0 0.424687 0.950417 0.086875 0.097500
0 0.786875 0.296667 0.073750 0.098333
0 0.100000 0.719167 0.078750 0.110000
0 0.955000 0.751667 0.073750 0.098333
0 0.814063 0.456250 0.074375 0.090833
0 0.607500 0.354583 0.076250 0.107500
0 0.407187 0.475000 0.074375 0.091667
0 0.102500 0.560000 0.081250 0.108333
6 0.255000 0.508750 0.093750 0.122500
0 0.039062 0.272083 0.071875 0.105833
0 0.058750 0.805833 0.075000 0.091667
0 0.200937 0.838750 0.075625 0.109167
0 0.886563 0.704167 0.063125 0.093333
0 0.395000 0.388333 0.071250 0.093333
0 0.636250 0.254583 0.071250 0.097500
0 0.594063 0.784167 0.075625 0.103333
0 0.630625 0.915000 0.076250 0.105000
0 0.303125 0.752917 0.075000 0.099167
0 0.811875 0.821250 0.075000 0.110833
0 0.726250 0.819583 0.078750 0.105833
0 0.070312 0.432500 0.090625 0.101667
0 0.693750 0.192917 0.080000 0.100833
0 0.514687 0.710833 0.071875 0.100000
0 0.478438 0.486667 0.073125 0.100000
0 0.655000 0.822500 0.071250 0.100000
0 0.537813 0.148750 0.074375 0.099167
0 0.813438 0.545417 0.078125 0.102500
0 0.677813 0.055000 0.073125 0.108333
0 0.503750 0.240000 0.076250 0.103333
0 0.385937 0.665833 0.085625 0.108333
0 0.480938 0.804167 0.070625 0.090000
0 0.558750 0.233333 0.061250 0.081667
0 0.874062 0.535833 0.069375 0.096667
0 0.935312 0.136667 0.080625 0.091667
0 0.271250 0.075833 0.063750 0.118333
0 0.391562 0.093333 0.075625 0.101667
0 0.741875 0.716250 0.076250 0.100833
0 0.270000 0.854583 0.067500 0.112500
0 0.443750 0.334583 0.065000 0.087500
0 0.686250 0.733333 0.075000 0.106667
