0 0.371875 0.925833 0.060000 0.096667
0 0.477812 0.262083 0.066875 0.097500
0 0.448437 0.933333 0.059375 0.080000
0 0.910000 0.486667 0.071250 0.103333
0 0.798438 0.827917 0.070625 0.085833
0 0.114687 0.322917 0.069375 0.092500
0 0.320937 0.671667 0.068125 0.100000
0 0.734062 0.697500 0.058125 0.095000
0 0.296875 0.397917 0.077500 0.099167
3 0.233125 0.579583 0.078750 0.117500
0 0.636250 0.909167 0.070000 0.090000
0 0.264062 0.928333 0.059375 0.101667
0 0.575625 0.514583 0.068750 0.094167
0 0.634375 0.284167 0.063750 0.091667
0 0.172500 0.115000 0.066250 0.083333
0 0.527500 0.860000 0.058750 0.106667
0 0.650625 0.490417 0.066250 0.095833
0 0.684063 0.572917 0.083125 0.109167
0 0.095937 0.633750 0.064375 0.090833
0 0.199687 0.930000 0.060625 0.091667
0 0.184688 0.774167 0.066875 0.098333
0 0.202187 0.512500 0.068125 0.093333
0 0.301250 0.280833 0.077500 0.103333
0 0.225938 0.225000 0.069375 0.096667
0 0.892188 0.758333 0.070625 0.096667
0 0.782813 0.344583 0.060625 0.114167
0 0.689688 0.675833 0.061875 0.108333
0 0.593125 0.136667 0.066250 0.095000
0 0.584063 0.214167 0.063125 0.091667
0 0.840625 0.453333 0.081250 0.103333
0 0.788750 0.247083 0.061250 0.095833
0 0.535937 0.576667 0.063125 0.101667
0 0.198125 0.325417 0.065000 0.080833
0 0.384062 0.705000 0.066875 0.095000
0 0.682187 0.142083 0.069375 0.094167
0 0.671562 0.754167 0.063125 0.093333
0 0.855000 0.537917 0.080000 0.107500
0 0.431563 0.186667 0.064375 0.081667
1 0.417812 0.123750 0.089375 0.104167
0 0.039375 0.184583 0.073750 0.097500
0 0.508125 0.594167 0.056250 0.105000
0 0.470313 0.055833 0.068125 0.078333
4 0.824688 0.362083 0.074375 0.122500
