0 0.187188 0.607917 0.069375 0.095833
0 0.115000 0.657500 0.076250 0.101667
0 0.260000 0.552083 0.076250 0.099167
0 0.573438 0.528750 0.075625 0.097500
0 0.501875 0.659583 0.075000 0.097500
0 0.066875 0.154167 0.067500 0.098333
0 0.313437 0.452083 0.065625 0.082500
0 0.672188 0.173750 0.079375 0.105833
0 0.798750 0.670417 0.071250 0.092500
0 0.766875 0.080000 0.065000 0.086667
0 0.284062 0.810000 0.061875 0.090000
0 0.487500 0.785417 0.065000 0.085833
0 0.108750 0.292500 0.075000 0.091667
0 0.320625 0.311250 0.072500 0.104167
0 0.667813 0.443750 0.075625 0.105833
0 0.423125 0.053750 0.075000 0.097500
0 0.334688 0.726250 0.078125 0.107500
0 0.249062 0.728750 0.074375 0.104167
0 0.889687 0.514583 0.064375 0.095833
0 0.837500 0.127500 0.076250 0.103333
0 0.154375 0.397500 0.075000 0.090000
0 0.141563 0.757500 0.073125 0.090000
0 0.826875 0.827500 0.078750 0.098333
0 0.962812 0.590833 0.064375 0.101667
0 0.542813 0.845000 0.083125 0.110000
0 0.718750 0.345000 0.066250 0.095000
0 0.843750 0.225417 0.080000 0.089167
0 0.383125 0.150833 0.077500 0.101667
0 0.584688 0.162500 0.075625 0.088333
0 0.735625 0.253333 0.083750 0.105000
0 0.450625 0.722083 0.047500 0.069167
0 0.706250 0.583333 0.058750 0.110000
0 0.843750 0.913750 0.082500 0.077500
0 0.218438 0.342917 0.075625 0.102500
0 0.729062 0.479583 0.074375 0.095833
0 0.580937 0.251250 0.060625 0.077500
0 0.333125 0.612500 0.075000 0.096667
0 0.688750 0.900417 0.080000 0.105833
0 0.935625 0.380833 0.072500 0.096667
0 0.403750 0.326250 0.081250 0.092500
0 0.674687 0.785417 0.073125 0.104167
0 0.153438 0.137083 0.075625 0.079167
0 0.190938 0.300833 0.066875 0.085000
0 0.458750 0.225833 0.076250 0.060000
0 0.932500 0.497083 0.058750 0.115833
0 0.230937 0.128333 0.070625 0.080000
0 0.297500 0.045000 0.071250 0.090000
0 0.155312 0.916667 0.080625 0.101667
0 0.796562 0.490000 0.061875 0.095000
0 0.222188 0.062500 0.073125 0.086667
0 0.461875 0.419167 0.056250 0.075000
4 0.494375 0.550000 0.071250 0.115000
0 0.520938 0.338333 0.085625 0.103333
0 0.671875 0.738750 0.070000 0.102500
0 0.828750 0.509583 0.051250 0.124167
0 0.602812 0.277917 0.063125 0.090833
