0 0.862812 0.704583 0.066875 0.087500
0 0.943125 0.650833 0.068750 0.088333
0 0.388125 0.623333 0.080000 0.096667
0 0.632188 0.080833 0.069375 0.103333
0 0.234375 0.808333 0.078750 0.091667
0 0.868125 0.917083 0.075000 0.084167
0 0.531250 0.886667 0.060000 0.090000
0 0.217188 0.370000 0.069375 0.105000
0 0.917813 0.426250 0.069375 0.095833
0 0.260937 0.474583 0.074375 0.107500
0 0.206563 0.245417 0.070625 0.092500
0 0.643437 0.271667 0.058125 0.075000
0 0.124063 0.876667 0.066875 0.113333
0 0.575625 0.438750 0.076250 0.100833
0 0.820625 0.872500 0.063750 0.095000
0 0.098750 0.474583 0.068750 0.082500
0 0.371250 0.442500 0.068750 0.095000
0 0.654062 0.648333 0.061875 0.090000
0 0.362812 0.527917 0.078125 0.094167
0 0.194375 0.466667 0.062500 0.098333
0 0.303750 0.264583 0.075000 0.074167
0 0.926562 0.207083 0.069375 0.099167
0 0.365312 0.759583 0.086875 0.067500
0 0.742188 0.426250 0.061875 0.087500
0 0.861563 0.617083 0.073125 0.100833
0 0.445000 0.221667 0.067500 0.093333
0 0.751250 0.590417 0.072500 0.094167
0 0.333125 0.942083 0.066250 0.102500
0 0.189062 0.127083 0.070625 0.095833
0 0.681250 0.588333 0.061250 0.101667
0 0.312188 0.142917 0.054375 0.107500
0 0.820000 0.331667 0.068750 0.096667
0 0.746563 0.171667 0.084375 0.106667
0 0.726562 0.898333 0.063125 0.101667
0 0.154375 0.412083 0.062500 0.104167
0 0.145625 0.354583 0.055000 0.085833
0 0.727500 0.786250 0.076250 0.095833
0 0.109375 0.387083 0.055000 0.117500
0 0.617500 0.228750 0.066250 0.102500
0 0.140625 0.248750 0.063750 0.095833
0 0.340313 0.121667 0.061875 0.098333
0 0.665625 0.183750 0.077500 0.095833
0 0.750938 0.121250 0.076875 0.089167
0 0.466875 0.116667 0.073750 0.098333
0 0.779062 0.882917 0.066875 0.124167
0 0.706562 0.558333 0.053125 0.083333
0 0.350625 0.198333 0.072500 0.080000
0 0.581875 0.787083 0.070000 0.102500
0 0.925312 0.537083 0.075625 0.095833
0 0.881563 0.291667 0.060625 0.120000
0 0.941875 0.325000 0.081250 0.103333
0 0.395000 0.063333 0.065000 0.088333
0 0.254063 0.068750 0.078125 0.109167
0 0.088750 0.669583 0.073750 0.109167
0 0.585938 0.909583 0.063125 0.112500
0 0.450000 0.155833 0.060000 0.121667
