0 0.074375 0.200000 0.060000 0.090000
0 0.158750 0.260833 0.070000 0.096667
0 0.080625 0.290000 0.063750 0.086667
0 0.146250 0.389167 0.067500 0.078333
0 0.265313 0.478750 0.069375 0.087500
0 0.064375 0.477917 0.072500 0.099167
0 0.037500 0.531667 0.070000 0.100000
0 0.132500 0.526250 0.068750 0.104167
0 0.193750 0.490833 0.068750 0.096667
0 0.133437 0.069167 0.078125 0.093333
0 0.204063 0.080000 0.066875 0.085000
0 0.273750 0.070417 0.077500 0.100833
0 0.353438 0.126667 0.074375 0.100000
0 0.066875 0.713333 0.077500 0.100000
0 0.111562 0.676667 0.073125 0.098333
0 0.246875 0.621667 0.085000 0.103333
0 0.084062 0.812083 0.074375 0.100833
0 0.172187 0.803750 0.066875 0.104167
0 0.136563 0.893750 0.074375 0.094167
0 0.263437 0.856250 0.068125 0.097500
0 0.346250 0.803750 0.070000 0.114167
0 0.325313 0.731250 0.081875 0.092500
0 0.425312 0.817083 0.073125 0.107500
0 0.457813 0.877500 0.071875 0.091667
0 0.455313 0.946250 0.076875 0.100833
0 0.531250 0.859167 0.067500 0.091667
0 0.489687 0.663333 0.076875 0.111667
0 0.441875 0.363333 0.082500 0.090000
0 0.377500 0.237500 0.086250 0.096667
0 0.568750 0.415000 0.081250 0.081667
0 0.472813 0.123333 0.088125 0.096667
0 0.563125 0.051667 0.080000 0.086667
0 0.751250 0.106250 0.071250 0.097500
0 0.851875 0.255833 0.076250 0.106667
0 0.627500 0.190417 0.068750 0.095833
0 0.672188 0.258333 0.074375 0.095000
0 0.674063 0.374167 0.073125 0.085000
0 0.740625 0.432083 0.065000 0.099167
0 0.693125 0.483750 0.062500 0.072500
0 0.672500 0.498333 0.063750 0.091667
0 0.821562 0.445417 0.076875 0.099167
0 0.873750 0.509167 0.063750 0.090000
0 0.778750 0.562083 0.077500 0.094167
0 0.832187 0.628333 0.070625 0.100000
0 0.809688 0.639167 0.094375 0.095000
0 0.713750 0.642083 0.075000 0.104167
0 0.560625 0.642917 0.067500 0.105833
0 0.587187 0.697083 0.080625 0.102500
0 0.665625 0.700833 0.063750 0.095000
0 0.649375 0.934583 0.068750 0.100833
0 0.622500 0.817083 0.071250 0.100833
0 0.610313 0.856250 0.073125 0.094167
0 0.770625 0.893750 0.068750 0.094167
0 0.822812 0.759167 0.074375 0.103333
0 0.937500 0.290000 0.076250 0.100000
0 0.929688 0.321667 0.084375 0.091667
0 0.950313 0.436250 0.071875 0.114167
0 0.936875 0.712500 0.075000 0.101667
0 0.951875 0.828333 0.062500 0.095000
0 0.874375 0.825000 0.080000 0.088333
0 0.855000 0.930000 0.067500 0.095000
0 0.921562 0.955000 0.068125 0.086667
3 0.579688 0.474583 0.113125 0.109167
