0 0.722187 0.261250 0.078125 0.099167
0 0.753437 0.307500 0.083125 0.101667
0 0.479375 0.669167 0.071250 0.111667
0 0.221250 0.383333 0.075000 0.095000
0 0.831562 0.832083 0.074375 0.094167
0 0.558438 0.930000 0.070625 0.096667
0 0.424375 0.330833 0.075000 0.100000
0 0.582812 0.711250 0.076875 0.090833
0 0.419375 0.831667 0.082500 0.100000
0 0.245625 0.176667 0.072500 0.096667
0 0.600625 0.833333 0.085000 0.110000
0 0.668438 0.520417 0.076875 0.100833
0 0.933438 0.669583 0.064375 0.082500
0 0.100000 0.593333 0.071250 0.091667
0 0.228125 0.554167 0.070000 0.095000
0 0.138437 0.092917 0.069375 0.107500
0 0.661563 0.160833 0.084375 0.123333
0 0.387188 0.552083 0.073125 0.104167
2 0.314063 0.416667 0.086875 0.138333
0 0.824375 0.418750 0.078750 0.107500
0 0.456562 0.561667 0.068125 0.095000
0 0.646250 0.945833 0.066250 0.095000
0 0.371250 0.717500 0.070000 0.081667
3 0.117813 0.234583 0.085625 0.137500
0 0.217188 0.782917 0.068125 0.090833
0 0.948750 0.443333 0.068750 0.091667
0 0.714688 0.920417 0.073125 0.124167
0 0.541875 0.656250 0.063750 0.114167
0 0.634687 0.645000 0.081875 0.106667
0 0.522188 0.338333 0.083125 0.105000
0 0.472187 0.381667 0.070625 0.105000
0 0.294375 0.682500 0.073750 0.113333
0 0.446875 0.189583 0.056250 0.092500
0 0.946250 0.082917 0.063750 0.095833
2 0.399375 0.051667 0.061250 0.103333
