0 0.259062 0.633333 0.080625 0.120000
0 0.752500 0.616667 0.083750 0.098333
0 0.793438 0.707500 0.079375 0.125000
0 0.340938 0.126250 0.083125 0.112500
0 0.068125 0.695000 0.078750 0.105000
0 0.220625 0.876667 0.085000 0.116667
0 0.188438 0.152917 0.084375 0.104167
0 0.657188 0.114583 0.080625 0.110833
0 0.177500 0.622917 0.083750 0.102500
0 0.708438 0.270000 0.086875 0.113333
0 0.788438 0.333333 0.084375 0.123333
0 0.564063 0.320833 0.084375 0.118333
0 0.363438 0.262917 0.100625 0.110833
0 0.179688 0.746250 0.090625 0.105833
0 0.713125 0.715417 0.083750 0.114167
0 0.725625 0.432917 0.080000 0.114167
