0 0.873437 0.679167 0.068125 0.085000
0 0.343125 0.295000 0.081250 0.096667
0 0.495937 0.428333 0.081875 0.100000
0 0.658750 0.464583 0.072500 0.094167
0 0.544687 0.703333 0.080625 0.093333
0 0.751875 0.850000 0.073750 0.096667
0 0.763125 0.170833 0.070000 0.093333
0 0.357187 0.639167 0.073125 0.093333
0 0.401875 0.485417 0.070000 0.097500
0 0.113437 0.139167 0.079375 0.095000
0 0.833125 0.077917 0.077500 0.095833
0 0.296875 0.768750 0.076250 0.089167
0 0.453437 0.350417 0.056875 0.077500
0 0.416250 0.926667 0.077500 0.100000
0 0.597812 0.497083 0.073125 0.100833
0 0.399375 0.401250 0.065000 0.092500
0 0.599063 0.319167 0.064375 0.086667
0 0.189375 0.382917 0.081250 0.095833
0 0.264375 0.857917 0.071250 0.099167
0 0.061875 0.387500 0.080000 0.108333
0 0.684063 0.693750 0.078125 0.094167
0 0.597500 0.410833 0.056250 0.086667
0 0.821562 0.740833 0.079375 0.093333
0 0.692500 0.791250 0.068750 0.105833
0 0.750625 0.765833 0.063750 0.080000
0 0.934063 0.430417 0.071875 0.085833
0 0.427187 0.622500 0.063125 0.098333
0 0.107813 0.453333 0.075625 0.093333
0 0.891563 0.284167 0.074375 0.091667
0 0.464062 0.272917 0.071875 0.094167
0 0.608750 0.629583 0.067500 0.084167
0 0.680000 0.257917 0.067500 0.092500
0 0.755000 0.271667 0.075000 0.098333
0 0.805937 0.249583 0.070625 0.100833
0 0.446562 0.844583 0.078125 0.099167
0 0.070625 0.246250 0.067500 0.082500
0 0.435625 0.720417 0.075000 0.105833
0 0.328750 0.894167 0.061250 0.086667
0 0.068125 0.797917 0.076250 0.087500
0 0.171563 0.254583 0.070625 0.092500
0 0.540625 0.552083 0.071250 0.097500
0 0.197500 0.875000 0.066250 0.085000
0 0.639687 0.634167 0.063125 0.075000
0 0.958750 0.661250 0.078750 0.102500
0 0.392813 0.804583 0.071875 0.087500
1 0.799375 0.430417 0.095000 0.135833
0 0.645938 0.702917 0.071875 0.099167
0 0.115312 0.267083 0.060625 0.082500
1 0.130938 0.346667 0.085625 0.086667
0 0.337187 0.387083 0.068125 0.094167
0 0.214062 0.276250 0.070625 0.089167
0 0.650000 0.300000 0.073750 0.091667
0 0.248750 0.299167 0.075000 0.070000
5 0.410938 0.161667 0.056875 0.156667
1 0.388750 0.698750 0.072500 0.117500
0 0.374688 0.782083 0.060625 0.094167
0 0.264375 0.950000 0.063750 0.086667
0 0.564688 0.572917 0.058125 0.077500
0 0.235000 0.389167 0.073750 0.095000
0 0.293125 0.424167 0.062500 0.088333
0 0.231563 0.455833 0.069375 0.085000
0 0.175625 0.472500 0.066250 0.090000
0 0.319375 0.405000 0.066250 0.085000
0 0.800937 0.910417 0.058125 0.075833
0 0.778438 0.942083 0.066875 0.090833
0 0.451250 0.193333 0.061250 0.100000
