0 0.150938 0.167500 0.063125 0.086667
0 0.792500 0.632917 0.072500 0.095833
0 0.644687 0.084167 0.078125 0.091667
0 0.508125 0.300833 0.071250 0.095000
0 0.889687 0.662500 0.061875 0.085000
0 0.569375 0.372917 0.068750 0.100833
0 0.151250 0.412917 0.076250 0.097500
0 0.210000 0.065833 0.070000 0.085000
0 0.238750 0.278333 0.073750 0.091667
4 0.237500 0.672083 0.072500 0.114167
0 0.523125 0.547083 0.070000 0.097500
0 0.933125 0.277917 0.066250 0.092500
0 0.540625 0.107917 0.070000 0.097500
0 0.083437 0.057083 0.073125 0.084167
0 0.916250 0.070417 0.062500 0.102500
0 0.109687 0.822500 0.068125 0.096667
0 0.605313 0.724167 0.066875 0.090000
0 0.891250 0.496250 0.073750 0.097500
0 0.630938 0.921667 0.070625 0.090000
0 0.772500 0.147083 0.072500 0.084167
0 0.915000 0.410417 0.080000 0.095833
4 0.739688 0.765000 0.085625 0.111667
0 0.862187 0.154583 0.074375 0.092500
0 0.446562 0.335833 0.056875 0.071667
0 0.582500 0.205833 0.071250 0.091667
0 0.347187 0.320417 0.083125 0.092500
0 0.324375 0.267083 0.073750 0.095833
0 0.214062 0.790000 0.059375 0.103333
0 0.790000 0.111667 0.068750 0.086667
0 0.599063 0.253750 0.068125 0.087500
0 0.845313 0.222500 0.059375 0.088333
0 0.032188 0.357500 0.064375 0.096667
0 0.777813 0.216667 0.074375 0.086667
0 0.158438 0.749583 0.079375 0.120833
0 0.930937 0.586250 0.080625 0.084167
0 0.179688 0.710833 0.070625 0.086667
0 0.771875 0.460000 0.073750 0.103333
