0 0.570937 0.107083 0.058125 0.085833
0 0.448125 0.460000 0.075000 0.091667
0 0.421875 0.380000 0.062500 0.076667
0 0.350625 0.852083 0.060000 0.080833
0 0.436563 0.150833 0.068125 0.096667
0 0.408750 0.951250 0.062500 0.080833
0 0.529375 0.770417 0.077500 0.100833
0 0.195625 0.219167 0.080000 0.108333
0 0.681562 0.303750 0.060625 0.097500
0 0.904375 0.615000 0.072500 0.100000
0 0.320000 0.154583 0.066250 0.080833
0 0.387500 0.547083 0.076250 0.095833
3 0.876250 0.940833 0.072500 0.111667
0 0.291250 0.392917 0.076250 0.102500
0 0.432500 0.299167 0.058750 0.080000
0 0.669375 0.390417 0.067500 0.084167
0 0.278750 0.577917 0.056250 0.080833
0 0.499688 0.577083 0.066875 0.090833
0 0.128438 0.894167 0.065625 0.083333
0 0.764062 0.616250 0.068125 0.085833
0 0.571250 0.326250 0.068750 0.095833
1 0.447188 0.659167 0.085625 0.108333
0 0.350625 0.075000 0.076250 0.096667
1 0.621875 0.546250 0.087500 0.110833
0 0.108438 0.247917 0.070625 0.105833
0 0.127188 0.595417 0.068125 0.090833
1 0.806875 0.702500 0.078750 0.121667
0 0.788438 0.066250 0.051875 0.097500
0 0.087813 0.950833 0.063125 0.080000
0 0.855313 0.650000 0.064375 0.105000
6 0.088125 0.788333 0.092500 0.108333
0 0.048750 0.687083 0.077500 0.087500
0 0.303438 0.060833 0.075625 0.075000
0 0.624687 0.640417 0.096875 0.105833
0 0.680625 0.604167 0.062500 0.095000
0 0.779375 0.190417 0.091250 0.079167
1 0.555937 0.694167 0.081875 0.110000
0 0.891563 0.065000 0.064375 0.108333
0 0.342500 0.615833 0.075000 0.106667
0 0.843437 0.084167 0.060625 0.086667
