0 0.256875 0.606250 0.062500 0.094167
0 0.521563 0.168750 0.076875 0.104167
0 0.937187 0.725000 0.075625 0.100000
0 0.401250 0.554167 0.077500 0.096667
0 0.308437 0.905417 0.075625 0.097500
0 0.650000 0.814583 0.076250 0.090833
0 0.471562 0.452917 0.080625 0.084167
0 0.885625 0.300833 0.075000 0.106667
0 0.616875 0.179583 0.080000 0.107500
0 0.845938 0.211667 0.074375 0.115000
0 0.528750 0.562500 0.073750 0.095000
0 0.915937 0.634167 0.066875 0.083333
0 0.424063 0.803750 0.074375 0.099167
0 0.186250 0.493333 0.078750 0.100000
0 0.542500 0.689583 0.072500 0.109167
0 0.512813 0.805000 0.083125 0.100000
0 0.126562 0.271667 0.076875 0.115000
0 0.208750 0.836250 0.067500 0.100833
0 0.774062 0.820417 0.074375 0.102500
0 0.746563 0.385417 0.069375 0.082500
0 0.694688 0.447500 0.070625 0.090000
0 0.066562 0.335000 0.074375 0.088333
0 0.424375 0.097083 0.075000 0.097500
0 0.297187 0.081250 0.075625 0.105833
0 0.863750 0.573750 0.076250 0.092500
0 0.432188 0.662917 0.066875 0.100833
0 0.886875 0.824167 0.075000 0.103333
0 0.136875 0.138333 0.068750 0.103333
0 0.064687 0.527917 0.079375 0.110833
0 0.964063 0.388333 0.070625 0.105000
0 0.953125 0.126250 0.082500 0.094167
0 0.305625 0.450833 0.065000 0.086667
0 0.879375 0.066667 0.078750 0.101667
0 0.413125 0.243333 0.077500 0.095000
0 0.100000 0.833750 0.067500 0.115833
0 0.479687 0.076667 0.081875 0.115000
0 0.047813 0.882083 0.083125 0.079167
0 0.778750 0.729583 0.073750 0.089167
0 0.461562 0.249167 0.066875 0.093333
0 0.041563 0.792083 0.075625 0.100833
0 0.825625 0.707500 0.078750 0.113333
0 0.848125 0.478333 0.072500 0.096667
0 0.295625 0.270833 0.082500 0.083333
0 0.484375 0.626667 0.077500 0.095000
0 0.122500 0.902083 0.077500 0.110833
0 0.277813 0.810000 0.080625 0.103333
0 0.704688 0.165833 0.083125 0.108333
0 0.251563 0.194167 0.069375 0.106667
0 0.731875 0.307083 0.082500 0.079167
0 0.186562 0.620417 0.079375 0.112500
0 0.450313 0.331250 0.089375 0.099167
0 0.745625 0.180000 0.081250 0.106667
0 0.809688 0.812917 0.074375 0.120833
0 0.382188 0.901250 0.070625 0.109167
0 0.389688 0.191250 0.083125 0.107500
0 0.621875 0.725833 0.086250 0.111667
0 0.108438 0.561250 0.061875 0.095833
2 0.585938 0.511667 0.118125 0.121667
0 0.058438 0.652917 0.079375 0.097500
0 0.906250 0.864167 0.067500 0.096667
0 0.726562 0.227083 0.069375 0.124167
0 0.054062 0.576667 0.065625 0.108333
0 0.674063 0.266667 0.078125 0.088333
3 0.781875 0.552500 0.112500 0.120000
0 0.428125 0.181667 0.083750 0.095000
