0 0.311875 0.793750 0.058750 0.087500
0 0.729375 0.816667 0.061250 0.085000
0 0.630000 0.154583 0.060000 0.085833
0 0.570625 0.118333 0.053750 0.085000
0 0.441563 0.500000 0.061875 0.093333
0 0.140000 0.230417 0.058750 0.077500
0 0.443437 0.820417 0.063125 0.075833
0 0.471250 0.301667 0.076250 0.093333
0 0.758125 0.710417 0.076250 0.085833
0 0.613125 0.930417 0.061250 0.082500
0 0.824063 0.110000 0.075625 0.098333
0 0.215625 0.880000 0.068750 0.076667
0 0.378750 0.537917 0.066250 0.084167
0 0.470000 0.396667 0.065000 0.093333
0 0.533438 0.678333 0.064375 0.085000
0 0.286250 0.267917 0.071250 0.082500
0 0.665625 0.389583 0.062500 0.079167
0 0.189062 0.772917 0.065625 0.095833
0 0.379375 0.142083 0.061250 0.084167
0 0.189688 0.327917 0.063125 0.080833
0 0.636563 0.630000 0.064375 0.095000
0 0.384375 0.327083 0.067500 0.087500
4 0.515938 0.907500 0.078125 0.101667
0 0.493750 0.775417 0.063750 0.082500
0 0.230625 0.706250 0.071250 0.099167
0 0.103750 0.885833 0.062500 0.085000
0 0.935625 0.845833 0.061250 0.080000
0 0.719688 0.439583 0.069375 0.104167
0 0.185938 0.531667 0.069375 0.090000
0 0.856250 0.535000 0.070000 0.090000
0 0.215312 0.067917 0.073125 0.092500
0 0.364687 0.657500 0.064375 0.086667
0 0.940937 0.258750 0.068125 0.085833
0 0.803750 0.471667 0.068750 0.083333
0 0.132500 0.570000 0.065000 0.083333
0 0.233125 0.951667 0.067500 0.081667
0 0.085000 0.154167 0.061250 0.078333
0 0.831250 0.394167 0.065000 0.090000
0 0.579688 0.198333 0.051875 0.081667
0 0.441250 0.203750 0.058750 0.100833
0 0.753437 0.055833 0.078125 0.093333
0 0.718750 0.621250 0.055000 0.080833
0 0.769375 0.949583 0.080000 0.092500
0 0.157500 0.685417 0.067500 0.084167
0 0.848750 0.891667 0.068750 0.083333
0 0.053125 0.488750 0.057500 0.092500
0 0.771563 0.336250 0.069375 0.095833
0 0.564063 0.867500 0.061875 0.080000
0 0.847812 0.318333 0.074375 0.091667
0 0.874687 0.765833 0.051875 0.075000
0 0.602187 0.621667 0.059375 0.098333
0 0.154688 0.399583 0.069375 0.082500
0 0.105313 0.066250 0.079375 0.100833
0 0.040313 0.782083 0.075625 0.099167
0 0.954063 0.699167 0.060625 0.090000
0 0.488438 0.220833 0.059375 0.095000
0 0.959688 0.464167 0.074375 0.086667
0 0.105000 0.496250 0.060000 0.080833
0 0.806250 0.900000 0.067500 0.088333
0 0.912813 0.716250 0.058125 0.084167
0 0.525000 0.195833 0.060000 0.093333
0 0.094687 0.226667 0.060625 0.090000
0 0.535312 0.114583 0.059375 0.107500
0 0.030312 0.409583 0.059375 0.082500
