0 0.061875 0.105833 0.066250 0.086667
0 0.103438 0.860417 0.066875 0.097500
0 0.850000 0.457083 0.056250 0.082500
0 0.872812 0.648333 0.058125 0.080000
0 0.415000 0.322083 0.073750 0.092500
0 0.580000 0.474583 0.063750 0.087500
0 0.122813 0.058750 0.064375 0.095833
6 0.076563 0.737917 0.059375 0.074167
0 0.784687 0.480417 0.058125 0.075833
0 0.813750 0.122500 0.063750 0.081667
0 0.048438 0.840000 0.053125 0.076667
0 0.338750 0.118750 0.065000 0.082500
0 0.202500 0.464167 0.058750 0.086667
0 0.060625 0.562083 0.055000 0.079167
0 0.068125 0.222500 0.057500 0.078333
0 0.845938 0.291667 0.068125 0.083333
0 0.260313 0.630000 0.068125 0.086667
0 0.372812 0.846250 0.064375 0.094167
0 0.330937 0.374167 0.055625 0.083333
0 0.663125 0.517500 0.071250 0.101667
0 0.597187 0.320000 0.068125 0.091667
0 0.344687 0.234167 0.061875 0.078333
0 0.576562 0.062083 0.058125 0.089167
0 0.246562 0.526250 0.058125 0.077500
0 0.745313 0.409167 0.053125 0.076667
0 0.254375 0.715000 0.058750 0.083333
0 0.798750 0.351667 0.067500 0.083333
0 0.594688 0.412917 0.059375 0.079167
0 0.635625 0.850417 0.057500 0.084167
0 0.480000 0.085833 0.057500 0.080000
0 0.544063 0.227917 0.068125 0.094167
0 0.929375 0.421250 0.055000 0.079167
0 0.236250 0.157083 0.070000 0.082500
0 0.651563 0.725417 0.059375 0.074167
1 0.064687 0.430833 0.076875 0.090000
0 0.748750 0.094167 0.062500 0.078333
0 0.185312 0.240417 0.058125 0.082500
0 0.457500 0.746667 0.060000 0.085000
0 0.584375 0.703333 0.043750 0.085000
0 0.504062 0.155833 0.059375 0.073333
0 0.256250 0.370833 0.063750 0.090000
0 0.860938 0.790000 0.058125 0.080000
0 0.305937 0.500833 0.061875 0.071667
0 0.125000 0.211250 0.058750 0.079167
0 0.329375 0.925833 0.062500 0.080000
0 0.361563 0.488333 0.045625 0.073333
0 0.400313 0.101667 0.058125 0.083333
0 0.125000 0.347500 0.058750 0.076667
0 0.695937 0.440000 0.056875 0.086667
0 0.901563 0.306250 0.060625 0.085833
0 0.864688 0.937917 0.053125 0.070833
0 0.970625 0.098750 0.051250 0.074167
0 0.715625 0.052500 0.062500 0.086667
0 0.758437 0.757083 0.058125 0.072500
0 0.865313 0.207083 0.050625 0.072500
0 0.428125 0.557917 0.053750 0.077500
0 0.185938 0.835833 0.061875 0.073333
0 0.923438 0.137917 0.065625 0.075833
0 0.436563 0.900000 0.063125 0.075000
0 0.644375 0.428333 0.053750 0.085000
0 0.096562 0.657500 0.050625 0.068333
0 0.057500 0.300833 0.063750 0.078333
0 0.836250 0.860000 0.060000 0.066667
0 0.492188 0.274167 0.063125 0.076667
0 0.916250 0.796250 0.048750 0.077500
0 0.935937 0.658333 0.060625 0.073333
0 0.413125 0.470833 0.052500 0.078333
0 0.125625 0.471667 0.055000 0.080000
0 0.868750 0.085417 0.056250 0.067500
0 0.112812 0.557500 0.050625 0.081667
0 0.965938 0.727500 0.068125 0.096667
0 0.942187 0.547917 0.065625 0.077500
0 0.344687 0.767917 0.049375 0.070833
0 0.724375 0.694167 0.052500 0.066667
0 0.574375 0.160417 0.060000 0.062500
0 0.314063 0.822083 0.054375 0.130833
0 0.384062 0.709583 0.049375 0.065833
1 0.929688 0.327500 0.071875 0.085000
0 0.505313 0.531250 0.053125 0.070833
0 0.540937 0.453333 0.060625 0.078333
0 0.900937 0.717083 0.045625 0.067500
0 0.626875 0.658750 0.058750 0.079167
0 0.916250 0.225833 0.051250 0.068333
0 0.026250 0.715000 0.052500 0.088333
0 0.859062 0.360833 0.055625 0.056667
0 0.408750 0.258750 0.052500 0.067500
0 0.534062 0.090417 0.048125 0.079167
0 0.036250 0.367500 0.052500 0.058333
0 0.472500 0.484167 0.063750 0.100000
