0 0.845313 0.187083 0.064375 0.089167
0 0.361250 0.910000 0.072500 0.086667
0 0.052500 0.795000 0.063750 0.086667
0 0.713750 0.719167 0.053750 0.088333
0 0.615938 0.236250 0.066875 0.095833
0 0.100000 0.944583 0.078750 0.079167
0 0.436875 0.899583 0.068750 0.085833
0 0.193750 0.822917 0.066250 0.089167
0 0.382812 0.590417 0.059375 0.072500
0 0.942187 0.594167 0.060625 0.086667
0 0.778750 0.771667 0.075000 0.086667
0 0.424063 0.381250 0.078125 0.094167
0 0.435937 0.765000 0.061875 0.085000
0 0.176250 0.285000 0.080000 0.098333
0 0.955625 0.330417 0.080000 0.095833
0 0.241250 0.245417 0.065000 0.109167
0 0.968125 0.662500 0.063750 0.088333
0 0.744375 0.856250 0.058750 0.094167
0 0.788125 0.862917 0.072500 0.092500
0 0.040313 0.327083 0.073125 0.107500
0 0.489063 0.640833 0.070625 0.085000
0 0.474062 0.692500 0.078125 0.078333
0 0.820312 0.327500 0.081875 0.110000
3 0.605000 0.389167 0.085000 0.108333
0 0.495625 0.774583 0.066250 0.085833
