0 0.465938 0.611250 0.078125 0.094167
0 0.395625 0.254167 0.071250 0.095000
0 0.277813 0.348750 0.065625 0.087500
0 0.529375 0.570000 0.065000 0.066667
0 0.545312 0.807083 0.066875 0.082500
0 0.866563 0.425000 0.068125 0.096667
0 0.395313 0.593750 0.076875 0.075833
0 0.227813 0.290833 0.073125 0.090000
0 0.578750 0.619167 0.077500 0.098333
0 0.329688 0.529167 0.073125 0.103333
0 0.452813 0.122917 0.061875 0.094167
0 0.109375 0.504167 0.067500 0.088333
0 0.731563 0.530833 0.066875 0.091667
0 0.379688 0.116667 0.071875 0.091667
0 0.945937 0.490833 0.071875 0.093333
0 0.652188 0.077083 0.074375 0.092500
0 0.676250 0.180833 0.071250 0.085000
0 0.369063 0.686250 0.068125 0.085833
0 0.776563 0.128750 0.074375 0.087500
0 0.098125 0.357917 0.068750 0.094167
0 0.522813 0.948333 0.078125 0.081667
0 0.644062 0.620000 0.064375 0.100000
0 0.714375 0.613333 0.070000 0.095000
0 0.161875 0.518333 0.078750 0.075000
0 0.482812 0.887917 0.073125 0.090833
0 0.159062 0.657083 0.083125 0.087500
0 0.727187 0.410000 0.064375 0.076667
0 0.415938 0.860000 0.066875 0.111667
0 0.530625 0.721250 0.075000 0.077500
0 0.341875 0.372500 0.072500 0.073333
0 0.590625 0.278750 0.061250 0.110833
0 0.040938 0.795000 0.069375 0.110000
0 0.966250 0.674167 0.066250 0.095000
0 0.594375 0.747500 0.078750 0.095000
0 0.678125 0.922500 0.082500 0.088333
0 0.705625 0.798333 0.063750 0.075000
0 0.544375 0.875000 0.070000 0.075000
0 0.492188 0.143333 0.069375 0.101667
0 0.311250 0.617500 0.065000 0.091667
0 0.162500 0.773750 0.061250 0.102500
0 0.464687 0.309583 0.063125 0.117500
0 0.236875 0.898750 0.081250 0.097500
0 0.268437 0.416667 0.074375 0.068333
0 0.500938 0.295417 0.063125 0.100833
0 0.405625 0.405417 0.063750 0.107500
0 0.112500 0.705000 0.067500 0.081667
0 0.726562 0.664583 0.063125 0.099167
0 0.217812 0.720000 0.073125 0.110000
0 0.495000 0.510000 0.071250 0.081667
0 0.671250 0.520000 0.077500 0.100000
0 0.037187 0.225417 0.064375 0.087500
0 0.504375 0.438750 0.075000 0.094167
0 0.125625 0.775417 0.072500 0.099167
0 0.036250 0.329583 0.072500 0.100833
0 0.364063 0.779167 0.079375 0.100000
0 0.561562 0.077500 0.073125 0.106667
0 0.229063 0.587083 0.064375 0.067500
0 0.722812 0.063750 0.078125 0.099167
0 0.753437 0.216250 0.060625 0.104167
0 0.268750 0.474167 0.076250 0.080000
0 0.674687 0.704583 0.078125 0.097500
0 0.884062 0.135000 0.079375 0.105000
0 0.728437 0.328750 0.068125 0.085833
0 0.570937 0.510833 0.075625 0.075000
0 0.217188 0.136250 0.096875 0.082500
0 0.839375 0.215000 0.076250 0.106667
0 0.702187 0.244167 0.069375 0.093333
0 0.673750 0.842917 0.061250 0.077500
0 0.800000 0.776667 0.062500 0.133333
0 0.612500 0.907083 0.068750 0.094167
0 0.236250 0.211250 0.096250 0.084167
0 0.135937 0.217083 0.071875 0.100833
0 0.048750 0.457917 0.086250 0.099167
0 0.673438 0.759167 0.078125 0.070000
0 0.250937 0.655000 0.085625 0.085000
0 0.785937 0.462083 0.066875 0.109167
0 0.747188 0.444167 0.069375 0.103333
0 0.371250 0.059167 0.096250 0.060000
0 0.063437 0.246250 0.061875 0.085833
0 0.062187 0.760000 0.065625 0.095000
0 0.937187 0.113750 0.080625 0.104167
0 0.036875 0.618333 0.073750 0.101667
0 0.369375 0.401250 0.048750 0.084167
0 0.051562 0.370833 0.069375 0.081667
0 0.953438 0.402917 0.078125 0.112500
4 0.907500 0.870000 0.100000 0.088333
4 0.640000 0.258333 0.056250 0.080000
0 0.180000 0.895417 0.082500 0.099167
0 0.294375 0.112917 0.102500 0.079167
0 0.634375 0.850833 0.088750 0.081667
0 0.301875 0.955000 0.067500 0.090000
0 0.277187 0.591667 0.074375 0.093333
0 0.910625 0.342917 0.072500 0.090833
0 0.707500 0.310417 0.070000 0.084167
