0 0.530312 0.855000 0.066875 0.090000
0 0.621875 0.079167 0.065000 0.088333
0 0.876250 0.564167 0.067500 0.088333
0 0.292812 0.438750 0.065625 0.087500
0 0.920000 0.228750 0.075000 0.075833
0 0.888125 0.837500 0.060000 0.075000
0 0.252188 0.645833 0.066875 0.085000
0 0.547500 0.614167 0.066250 0.085000
0 0.720625 0.611667 0.056250 0.078333
0 0.675937 0.460000 0.071875 0.096667
0 0.264688 0.329583 0.071875 0.094167
0 0.096250 0.500000 0.066250 0.083333
4 0.715000 0.880833 0.075000 0.108333
0 0.300625 0.196667 0.061250 0.086667
0 0.411250 0.820417 0.067500 0.102500
0 0.674687 0.179583 0.065625 0.082500
0 0.352500 0.555000 0.068750 0.105000
0 0.556250 0.224167 0.072500 0.091667
0 0.255625 0.785833 0.075000 0.095000
0 0.477812 0.734583 0.069375 0.079167
0 0.180000 0.048750 0.063750 0.085833
0 0.737812 0.684167 0.061875 0.085000
0 0.249062 0.060417 0.069375 0.082500
0 0.911563 0.943333 0.061875 0.083333
0 0.770938 0.783333 0.070625 0.096667
0 0.772500 0.594167 0.056250 0.088333
0 0.452188 0.061250 0.073125 0.095833
0 0.682500 0.765000 0.073750 0.090000
0 0.832812 0.617083 0.065625 0.089167
6 0.606250 0.762500 0.081250 0.091667
0 0.116562 0.380000 0.065625 0.081667
0 0.702812 0.377917 0.060625 0.075833
0 0.570000 0.355000 0.058750 0.081667
0 0.125000 0.762917 0.062500 0.077500
0 0.603750 0.859167 0.080000 0.083333
1 0.092813 0.248333 0.076875 0.108333
0 0.439063 0.901250 0.064375 0.069167
0 0.111875 0.079167 0.066250 0.081667
6 0.396562 0.210417 0.076875 0.107500
0 0.380937 0.725000 0.054375 0.078333
0 0.360625 0.124583 0.061250 0.089167
0 0.334375 0.302917 0.053750 0.072500
0 0.544687 0.506250 0.069375 0.100833
0 0.840000 0.758750 0.071250 0.094167
0 0.066250 0.409167 0.061250 0.086667
0 0.736563 0.485417 0.055625 0.080833
0 0.183438 0.229583 0.064375 0.079167
0 0.633750 0.376250 0.067500 0.109167
0 0.200937 0.274583 0.069375 0.097500
0 0.295625 0.859167 0.071250 0.083333
0 0.252500 0.232917 0.063750 0.092500
0 0.782188 0.873333 0.058125 0.080000
0 0.929375 0.041667 0.063750 0.070000
0 0.829375 0.857500 0.051250 0.073333
0 0.416563 0.577917 0.066875 0.097500
0 0.416563 0.119167 0.061875 0.080000
0 0.528438 0.336250 0.065625 0.085833
0 0.045000 0.125833 0.051250 0.070000
0 0.836250 0.692917 0.052500 0.064167
0 0.326250 0.140833 0.063750 0.085000
0 0.172500 0.955000 0.063750 0.090000
3 0.869375 0.109583 0.078750 0.127500
0 0.533125 0.412500 0.057500 0.073333
0 0.938125 0.540000 0.052500 0.060000
0 0.350313 0.037083 0.065625 0.072500
0 0.592500 0.291250 0.058750 0.077500
0 0.970938 0.131250 0.055625 0.084167
0 0.553438 0.470000 0.055625 0.071667
0 0.138125 0.126667 0.051250 0.083333
0 0.033750 0.310000 0.066250 0.086667
0 0.193438 0.150417 0.055625 0.065833
0 0.079375 0.170000 0.053750 0.060000
0 0.141563 0.203750 0.045625 0.075833
0 0.924063 0.123333 0.046875 0.100000
