0 0.850938 0.399583 0.060625 0.087500
0 0.749375 0.737500 0.066250 0.098333
0 0.266250 0.767500 0.080000 0.103333
0 0.365625 0.370000 0.066250 0.091667
0 0.112500 0.449583 0.068750 0.090833
0 0.616250 0.373750 0.070000 0.089167
0 0.534687 0.785000 0.060625 0.088333
3 0.203437 0.666250 0.083125 0.095833
0 0.574063 0.648333 0.060625 0.088333
0 0.801875 0.864583 0.072500 0.099167
0 0.060625 0.310833 0.058750 0.090000
0 0.908438 0.363750 0.055625 0.079167
0 0.487812 0.821250 0.066875 0.089167
0 0.361250 0.098333 0.072500 0.093333
0 0.445000 0.733750 0.086250 0.102500
0 0.275938 0.123750 0.068125 0.079167
0 0.914062 0.746250 0.064375 0.089167
0 0.697812 0.128750 0.080625 0.069167
0 0.415625 0.465417 0.065000 0.085833
0 0.344687 0.720833 0.069375 0.091667
0 0.112812 0.905417 0.064375 0.087500
0 0.561875 0.570417 0.067500 0.085833
0 0.933438 0.210417 0.076875 0.102500
0 0.605938 0.937500 0.070625 0.085000
0 0.060625 0.245417 0.075000 0.054167
0 0.723125 0.592917 0.057500 0.087500
0 0.711875 0.268750 0.060000 0.084167
0 0.652813 0.643333 0.061875 0.103333
0 0.812813 0.612083 0.066875 0.089167
0 0.853750 0.698333 0.058750 0.080000
0 0.307500 0.895833 0.066250 0.080000
0 0.831875 0.168333 0.065000 0.098333
0 0.626563 0.323333 0.073125 0.081667
0 0.172500 0.726250 0.068750 0.079167
0 0.200937 0.185000 0.065625 0.090000
0 0.537188 0.933750 0.064375 0.095833
0 0.385625 0.545417 0.066250 0.090833
0 0.476250 0.325833 0.060000 0.085000
0 0.430312 0.605833 0.068125 0.115000
0 0.237187 0.422083 0.060625 0.077500
0 0.327500 0.835000 0.068750 0.090000
0 0.618437 0.789167 0.063125 0.096667
0 0.665312 0.821250 0.059375 0.074167
0 0.740000 0.145417 0.068750 0.112500
0 0.236250 0.372500 0.070000 0.088333
0 0.301875 0.366250 0.061250 0.120833
0 0.946562 0.553333 0.073125 0.090000
0 0.573750 0.743333 0.058750 0.091667
0 0.117500 0.138750 0.067500 0.089167
0 0.842187 0.240417 0.070625 0.095833
0 0.692187 0.057917 0.073125 0.074167
0 0.955000 0.140000 0.066250 0.108333
0 0.703438 0.172917 0.064375 0.090833
0 0.071563 0.114583 0.065625 0.102500
0 0.435937 0.558333 0.069375 0.085000
0 0.166875 0.050417 0.067500 0.085833
0 0.210000 0.942083 0.060000 0.087500
0 0.106250 0.195833 0.076250 0.066667
0 0.078437 0.936667 0.060625 0.066667
0 0.970313 0.710417 0.059375 0.090833
0 0.970313 0.817083 0.059375 0.085833
