0 0.893437 0.760417 0.065625 0.085833
0 0.527500 0.075000 0.065000 0.085000
0 0.484375 0.421667 0.070000 0.075000
0 0.665000 0.329583 0.063750 0.072500
0 0.604375 0.372083 0.066250 0.080833
0 0.659062 0.799583 0.064375 0.090833
0 0.848750 0.818333 0.061250 0.085000
0 0.455000 0.767500 0.061250 0.081667
0 0.349687 0.480417 0.049375 0.075833
0 0.356875 0.265833 0.058750 0.083333
0 0.716875 0.265833 0.063750 0.083333
0 0.498750 0.878750 0.061250 0.079167
0 0.070000 0.877917 0.076250 0.084167
0 0.566562 0.300000 0.068125 0.086667
0 0.770625 0.232083 0.061250 0.080833
0 0.490625 0.155417 0.053750 0.085833
5 0.078750 0.588333 0.062500 0.085000
0 0.794063 0.587083 0.066875 0.090833
0 0.070625 0.145417 0.076250 0.097500
0 0.266562 0.807917 0.068125 0.089167
0 0.839375 0.655000 0.061250 0.083333
0 0.550312 0.830833 0.068125 0.081667
0 0.884375 0.347500 0.060000 0.078333
0 0.440312 0.905417 0.065625 0.089167
0 0.188750 0.442083 0.062500 0.082500
0 0.286250 0.713750 0.047500 0.077500
0 0.546250 0.618750 0.071250 0.095833
0 0.607500 0.481250 0.060000 0.104167
0 0.407500 0.509167 0.063750 0.085000
0 0.349687 0.602500 0.065625 0.090000
0 0.748437 0.123750 0.073125 0.105833
0 0.896250 0.520000 0.062500 0.090000
0 0.930000 0.231667 0.062500 0.093333
0 0.332813 0.685833 0.059375 0.085000
0 0.538125 0.497500 0.065000 0.088333
0 0.823750 0.307917 0.067500 0.075833
0 0.445312 0.337917 0.069375 0.087500
0 0.392500 0.628333 0.062500 0.086667
0 0.764687 0.715833 0.061875 0.083333
0 0.498750 0.544583 0.063750 0.084167
0 0.558750 0.690833 0.071250 0.088333
0 0.107188 0.385000 0.075625 0.091667
0 0.855313 0.437083 0.059375 0.094167
0 0.106250 0.739583 0.065000 0.092500
0 0.780937 0.797500 0.078125 0.080000
0 0.397188 0.819583 0.066875 0.089167
0 0.504062 0.285417 0.064375 0.085833
0 0.279375 0.075417 0.080000 0.102500
0 0.901875 0.082917 0.062500 0.075833
0 0.405938 0.193750 0.066875 0.095833
0 0.956875 0.728750 0.073750 0.087500
0 0.574063 0.191250 0.063125 0.087500
0 0.267188 0.631250 0.059375 0.077500
0 0.159688 0.496250 0.068125 0.087500
0 0.285313 0.437500 0.070625 0.076667
0 0.362187 0.744583 0.066875 0.090833
0 0.622812 0.274167 0.069375 0.073333
0 0.469375 0.498333 0.061250 0.083333
0 0.909375 0.854583 0.076250 0.102500
0 0.440937 0.209167 0.068125 0.090000
0 0.566250 0.759583 0.073750 0.075833
0 0.905000 0.177917 0.070000 0.089167
0 0.848750 0.125833 0.063750 0.080000
0 0.459688 0.671250 0.064375 0.090833
0 0.825625 0.230000 0.067500 0.081667
0 0.284062 0.385833 0.079375 0.091667
0 0.686250 0.164583 0.057500 0.069167
0 0.360000 0.915000 0.068750 0.091667
0 0.670000 0.232083 0.063750 0.072500
0 0.667813 0.410000 0.070625 0.093333
0 0.810937 0.159583 0.070625 0.080833
0 0.668438 0.529583 0.053125 0.079167
0 0.699688 0.420833 0.063125 0.081667
0 0.808438 0.063333 0.071875 0.103333
0 0.678125 0.056250 0.072500 0.100833
0 0.305312 0.892917 0.059375 0.070833
0 0.832812 0.503333 0.074375 0.101667
0 0.224375 0.667500 0.080000 0.080000
0 0.112812 0.642083 0.064375 0.085833
0 0.276562 0.515000 0.069375 0.081667
0 0.720000 0.544167 0.067500 0.088333
0 0.204687 0.572083 0.066875 0.085833
0 0.365312 0.409583 0.059375 0.084167
0 0.475938 0.649167 0.071875 0.106667
0 0.350000 0.351250 0.062500 0.085833
0 0.234687 0.521250 0.068125 0.094167
0 0.226250 0.387083 0.062500 0.089167
0 0.609375 0.106250 0.061250 0.077500
0 0.650625 0.950000 0.081250 0.098333
0 0.093438 0.488750 0.069375 0.092500
0 0.932813 0.302917 0.064375 0.065833
1 0.425625 0.451667 0.076250 0.083333
1 0.253437 0.925417 0.091875 0.085833
0 0.623750 0.530417 0.060000 0.090833
0 0.723750 0.503750 0.055000 0.065833
0 0.344062 0.951250 0.068125 0.070833
0 0.139063 0.694583 0.059375 0.090833
0 0.149688 0.575000 0.069375 0.083333
0 0.762188 0.523750 0.064375 0.085833
0 0.854375 0.045417 0.063750 0.072500
0 0.607500 0.175417 0.057500 0.084167
0 0.507812 0.245000 0.066875 0.101667
0 0.785312 0.724583 0.063125 0.094167
0 0.031563 0.657500 0.063125 0.081667
