0 0.638750 0.759583 0.078750 0.087500
0 0.210938 0.606250 0.064375 0.077500
0 0.832812 0.351250 0.079375 0.102500
0 0.609688 0.902083 0.060625 0.084167
0 0.185938 0.097917 0.075625 0.097500
0 0.432500 0.553750 0.075000 0.104167
0 0.576562 0.662083 0.066875 0.089167
0 0.912813 0.632500 0.066875 0.081667
0 0.455000 0.672917 0.061250 0.089167
0 0.115000 0.715000 0.068750 0.085000
0 0.547188 0.827917 0.078125 0.092500
0 0.083437 0.564167 0.084375 0.106667
0 0.348438 0.559167 0.073125 0.083333
0 0.285313 0.444167 0.071875 0.083333
0 0.219375 0.508750 0.068750 0.094167
0 0.282500 0.750833 0.066250 0.085000
0 0.512813 0.783750 0.073125 0.092500
0 0.677813 0.954167 0.064375 0.083333
0 0.905937 0.827917 0.060625 0.084167
0 0.077188 0.680833 0.066875 0.078333
0 0.897500 0.712500 0.066250 0.093333
0 0.066875 0.419583 0.061250 0.079167
0 0.283438 0.542500 0.068125 0.073333
0 0.856563 0.773750 0.076875 0.099167
0 0.962500 0.929583 0.073750 0.099167
0 0.545937 0.558750 0.069375 0.084167
0 0.554375 0.923333 0.068750 0.088333
0 0.163125 0.763750 0.067500 0.087500
0 0.835625 0.862917 0.065000 0.082500
0 0.351562 0.197917 0.075625 0.097500
0 0.196250 0.192083 0.075000 0.097500
0 0.668438 0.285417 0.066875 0.092500
0 0.901875 0.510417 0.071250 0.092500
0 0.367812 0.497917 0.056875 0.082500
0 0.503750 0.886250 0.058750 0.074167
0 0.395625 0.700000 0.067500 0.080000
0 0.388750 0.641250 0.066250 0.084167
0 0.637813 0.677083 0.063125 0.085833
0 0.951875 0.752917 0.075000 0.107500
0 0.440312 0.058333 0.074375 0.105000
0 0.157188 0.884583 0.056875 0.080833
0 0.839063 0.672917 0.060625 0.092500
0 0.117188 0.190833 0.081875 0.108333
0 0.768750 0.949583 0.070000 0.095833
0 0.337813 0.399583 0.075625 0.092500
0 0.824688 0.917083 0.073125 0.084167
0 0.277500 0.338750 0.067500 0.100833
0 0.050625 0.138333 0.073750 0.108333
0 0.399375 0.853333 0.073750 0.100000
0 0.431250 0.208333 0.062500 0.083333
0 0.853125 0.594167 0.060000 0.078333
0 0.370000 0.748750 0.073750 0.092500
0 0.571875 0.228333 0.067500 0.095000
0 0.789062 0.646667 0.063125 0.076667
0 0.422500 0.461250 0.070000 0.085833
0 0.268125 0.669167 0.065000 0.086667
0 0.282500 0.615417 0.063750 0.067500
0 0.726250 0.901250 0.076250 0.085833
0 0.437812 0.856250 0.070625 0.092500
0 0.772813 0.062917 0.078125 0.102500
0 0.722500 0.806667 0.080000 0.111667
0 0.520000 0.267083 0.067500 0.100833
0 0.326250 0.661250 0.058750 0.092500
0 0.319375 0.835833 0.077500 0.091667
0 0.496563 0.226250 0.074375 0.099167
0 0.429688 0.943333 0.069375 0.096667
0 0.959063 0.687083 0.065625 0.097500
1 0.097500 0.889583 0.080000 0.117500
1 0.305312 0.891250 0.086875 0.082500
0 0.180938 0.717083 0.070625 0.090833
0 0.230937 0.729167 0.068125 0.068333
0 0.327500 0.797500 0.061250 0.080000
0 0.739062 0.166250 0.088125 0.082500
0 0.366875 0.939167 0.055000 0.075000
0 0.694375 0.183750 0.057500 0.092500
0 0.292187 0.223750 0.054375 0.075833
0 0.287813 0.299583 0.068125 0.085833
0 0.885625 0.967083 0.055000 0.065833
0 0.816250 0.512083 0.065000 0.090833
0 0.785312 0.553333 0.065625 0.098333
0 0.650937 0.604583 0.071875 0.092500
0 0.409062 0.143750 0.071875 0.094167
0 0.691875 0.583750 0.073750 0.100833
0 0.345625 0.675833 0.055000 0.081667
0 0.565937 0.425833 0.070625 0.103333
0 0.568438 0.476667 0.069375 0.073333
