0 0.530312 0.722083 0.059375 0.082500
0 0.278750 0.561250 0.068750 0.095833
0 0.650625 0.842083 0.062500 0.082500
0 0.888437 0.555000 0.064375 0.085000
0 0.597500 0.588333 0.072500 0.098333
0 0.170625 0.846250 0.070000 0.092500
0 0.842500 0.900417 0.063750 0.082500
0 0.350313 0.556250 0.054375 0.080833
0 0.215000 0.184583 0.062500 0.087500
0 0.881875 0.803750 0.066250 0.095833
1 0.386875 0.122083 0.081250 0.109167
0 0.935312 0.088333 0.069375 0.086667
0 0.079687 0.660833 0.059375 0.091667
0 0.783438 0.499583 0.061875 0.092500
0 0.074688 0.117500 0.074375 0.105000
0 0.075938 0.522917 0.068125 0.090833
0 0.057188 0.432500 0.056875 0.081667
0 0.229063 0.761250 0.065625 0.080833
0 0.211562 0.480417 0.059375 0.080833
0 0.285938 0.048333 0.071875 0.086667
0 0.526250 0.333333 0.070000 0.095000
0 0.807187 0.062500 0.069375 0.101667
0 0.856250 0.136667 0.068750 0.090000
0 0.351250 0.353750 0.053750 0.082500
0 0.351875 0.798750 0.068750 0.104167
0 0.406875 0.660833 0.056250 0.081667
0 0.583125 0.938750 0.072500 0.105833
0 0.971875 0.660417 0.048750 0.077500
0 0.464062 0.295417 0.058125 0.095833
0 0.883437 0.291667 0.065625 0.091667
0 0.644687 0.684167 0.055625 0.078333
0 0.731875 0.845833 0.066250 0.066667
0 0.745313 0.058750 0.060625 0.107500
0 0.933125 0.464583 0.053750 0.072500
0 0.774375 0.590417 0.053750 0.084167
0 0.171875 0.477917 0.066250 0.090833
0 0.776250 0.317500 0.063750 0.075000
0 0.956875 0.337500 0.072500 0.100000
0 0.943438 0.825417 0.059375 0.109167
0 0.820312 0.367500 0.069375 0.086667
0 0.130312 0.252083 0.054375 0.090833
0 0.742500 0.270833 0.066250 0.075000
0 0.649375 0.302500 0.090000 0.090000
0 0.249688 0.316667 0.064375 0.075000
1 0.139687 0.649167 0.080625 0.090000
0 0.113437 0.167083 0.060625 0.080833
0 0.705000 0.177083 0.061250 0.104167
0 0.350000 0.910417 0.050000 0.072500
0 0.703438 0.676250 0.068125 0.082500
0 0.168750 0.700000 0.057500 0.098333
0 0.641563 0.953333 0.060625 0.090000
0 0.216875 0.288750 0.055000 0.079167
3 0.635938 0.217083 0.083125 0.135833
0 0.731875 0.230417 0.082500 0.087500
