0 0.438125 0.067500 0.078750 0.095000
0 0.225000 0.599583 0.070000 0.089167
0 0.216875 0.516667 0.073750 0.096667
0 0.767813 0.780833 0.075625 0.096667
0 0.040938 0.541667 0.066875 0.085000
0 0.073125 0.677083 0.063750 0.067500
0 0.103125 0.592083 0.076250 0.084167
0 0.037500 0.280417 0.065000 0.087500
0 0.253437 0.427917 0.073125 0.092500
0 0.810625 0.874167 0.055000 0.083333
0 0.478438 0.309167 0.068125 0.085000
0 0.835000 0.624167 0.081250 0.101667
0 0.571250 0.687917 0.081250 0.099167
0 0.557813 0.896667 0.074375 0.091667
0 0.945937 0.442083 0.080625 0.105833
0 0.163750 0.625417 0.075000 0.089167
0 0.865938 0.898750 0.069375 0.094167
0 0.046250 0.453333 0.080000 0.085000
0 0.283438 0.250833 0.063125 0.073333
0 0.606875 0.230000 0.063750 0.081667
0 0.724063 0.485833 0.075625 0.093333
0 0.708125 0.739167 0.066250 0.083333
0 0.157188 0.720417 0.070625 0.092500
0 0.933438 0.265833 0.065625 0.081667
0 0.924375 0.922083 0.058750 0.075833
0 0.674375 0.238333 0.071250 0.103333
0 0.605313 0.814583 0.069375 0.092500
0 0.224375 0.206667 0.080000 0.098333
0 0.893750 0.511250 0.071250 0.087500
0 0.500000 0.237500 0.070000 0.081667
0 0.566875 0.169583 0.065000 0.079167
0 0.202813 0.351667 0.058125 0.066667
0 0.915312 0.810000 0.048125 0.088333
0 0.090000 0.871250 0.060000 0.080833
0 0.124063 0.545417 0.075625 0.097500
0 0.552500 0.585000 0.081250 0.108333
0 0.617500 0.098750 0.067500 0.095833
0 0.543125 0.777500 0.060000 0.080000
0 0.141563 0.418750 0.068125 0.089167
0 0.491250 0.644583 0.070000 0.090833
0 0.733750 0.209583 0.076250 0.102500
0 0.944063 0.752500 0.064375 0.088333
0 0.422500 0.395000 0.076250 0.098333
0 0.695000 0.071250 0.060000 0.092500
0 0.813750 0.186250 0.070000 0.087500
0 0.323750 0.105833 0.076250 0.101667
0 0.195625 0.438750 0.061250 0.084167
0 0.350625 0.225000 0.072500 0.093333
0 0.059375 0.414583 0.057500 0.092500
0 0.260313 0.871667 0.070625 0.100000
0 0.115312 0.797083 0.064375 0.082500
0 0.463750 0.724583 0.070000 0.087500
0 0.259375 0.674583 0.061250 0.085833
0 0.190938 0.281250 0.069375 0.080833
1 0.502812 0.150000 0.083125 0.113333
0 0.282500 0.736667 0.070000 0.093333
0 0.590000 0.071667 0.073750 0.081667
0 0.777500 0.312917 0.066250 0.100833
0 0.615313 0.550833 0.069375 0.100000
0 0.900312 0.576667 0.055625 0.085000
0 0.148125 0.800417 0.067500 0.099167
0 0.283750 0.792917 0.063750 0.070833
1 0.650625 0.512083 0.088750 0.110833
0 0.367188 0.317083 0.065625 0.090833
1 0.054688 0.140417 0.080625 0.122500
1 0.130938 0.185833 0.098125 0.096667
1 0.147187 0.326667 0.079375 0.083333
1 0.364063 0.406667 0.073125 0.156667
1 0.649375 0.510000 0.088750 0.110000
5 0.869687 0.185833 0.061875 0.096667
5 0.925625 0.202083 0.052500 0.087500
0 0.626875 0.613750 0.066250 0.097500
0 0.635938 0.679167 0.065625 0.111667
0 0.687813 0.106667 0.066875 0.081667
0 0.858125 0.252917 0.065000 0.075833
0 0.269062 0.062500 0.065625 0.086667
0 0.280625 0.143333 0.076250 0.086667
0 0.854688 0.322917 0.066875 0.082500
0 0.604688 0.782917 0.068125 0.089167
0 0.248438 0.817500 0.060625 0.086667
0 0.415625 0.340000 0.075000 0.101667
0 0.372500 0.242500 0.060000 0.088333
