0 0.530312 0.820000 0.070625 0.101667
0 0.853750 0.222083 0.070000 0.097500
0 0.898438 0.511250 0.061875 0.099167
0 0.192188 0.148750 0.069375 0.099167
0 0.243750 0.208750 0.067500 0.080833
0 0.459062 0.867917 0.073125 0.089167
0 0.121875 0.278333 0.061250 0.080000
0 0.364375 0.190833 0.067500 0.093333
0 0.096250 0.853333 0.070000 0.098333
0 0.715938 0.484167 0.063125 0.080000
0 0.681562 0.212083 0.073125 0.089167
0 0.739062 0.811250 0.064375 0.080833
0 0.931875 0.361250 0.053750 0.070833
0 0.915937 0.630000 0.066875 0.086667
0 0.797813 0.455833 0.069375 0.078333
0 0.533750 0.568750 0.076250 0.089167
0 0.912188 0.155417 0.068125 0.097500
0 0.274375 0.387917 0.053750 0.084167
0 0.238125 0.489583 0.062500 0.072500
0 0.193750 0.271667 0.067500 0.090000
0 0.184062 0.554167 0.063125 0.080000
0 0.791875 0.930000 0.066250 0.073333
0 0.299063 0.530000 0.065625 0.088333
0 0.767500 0.204583 0.082500 0.085833
0 0.126562 0.684583 0.076875 0.109167
0 0.668438 0.687083 0.070625 0.097500
0 0.792813 0.362083 0.064375 0.102500
0 0.063750 0.215417 0.062500 0.080833
0 0.661250 0.529167 0.070000 0.073333
0 0.938750 0.908750 0.071250 0.105833
0 0.494688 0.484583 0.055625 0.077500
0 0.513125 0.942083 0.062500 0.100833
0 0.416875 0.750000 0.045000 0.090000
0 0.733750 0.621250 0.065000 0.087500
0 0.913125 0.305000 0.060000 0.083333
0 0.197187 0.402083 0.051875 0.082500
0 0.869687 0.949167 0.071875 0.098333
0 0.273750 0.614167 0.071250 0.090000
0 0.793438 0.753750 0.069375 0.107500
0 0.541562 0.259167 0.071875 0.086667
0 0.497500 0.423750 0.066250 0.092500
0 0.356250 0.581667 0.091250 0.091667
0 0.170937 0.872083 0.061875 0.075833
0 0.598750 0.715000 0.060000 0.086667
0 0.228437 0.068333 0.079375 0.088333
0 0.429375 0.501667 0.066250 0.085000
0 0.371250 0.442083 0.057500 0.080833
0 0.405938 0.143750 0.054375 0.075833
0 0.632188 0.597083 0.069375 0.074167
0 0.855313 0.110417 0.060625 0.077500
0 0.363438 0.810833 0.070625 0.096667
0 0.728750 0.092500 0.065000 0.085000
0 0.410000 0.608333 0.060000 0.093333
0 0.894062 0.405000 0.054375 0.081667
0 0.320000 0.855000 0.068750 0.086667
0 0.194688 0.683750 0.061875 0.090833
0 0.095625 0.509583 0.065000 0.082500
0 0.954375 0.577083 0.057500 0.074167
0 0.338750 0.661667 0.060000 0.078333
0 0.917813 0.720417 0.075625 0.087500
0 0.839688 0.853333 0.049375 0.091667
0 0.463125 0.142083 0.062500 0.080833
0 0.831250 0.541250 0.063750 0.072500
0 0.358750 0.952083 0.066250 0.094167
0 0.512500 0.732917 0.067500 0.075833
0 0.047813 0.787500 0.066875 0.098333
0 0.723750 0.352500 0.061250 0.101667
0 0.242500 0.707917 0.075000 0.102500
0 0.070625 0.372083 0.056250 0.070833
0 0.722500 0.940417 0.060000 0.080833
0 0.321250 0.100833 0.062500 0.076667
0 0.450937 0.329583 0.069375 0.102500
0 0.095937 0.644167 0.065625 0.101667
0 0.363750 0.863333 0.063750 0.086667
0 0.782188 0.707083 0.073125 0.094167
0 0.467500 0.055833 0.070000 0.090000
0 0.791562 0.276250 0.065625 0.084167
0 0.840625 0.635417 0.066250 0.084167
0 0.204375 0.835000 0.068750 0.091667
0 0.642813 0.117917 0.079375 0.089167
0 0.770625 0.599583 0.071250 0.084167
0 0.070312 0.726250 0.080625 0.089167
0 0.114375 0.147500 0.068750 0.093333
0 0.643125 0.463750 0.076250 0.079167
0 0.474062 0.680833 0.058125 0.081667
0 0.166563 0.492500 0.070625 0.083333
0 0.477187 0.257500 0.060625 0.075000
0 0.953125 0.442917 0.061250 0.075833
0 0.669687 0.861250 0.075625 0.102500
0 0.965313 0.817083 0.066875 0.079167
0 0.050000 0.365000 0.077500 0.096667
0 0.294375 0.291667 0.057500 0.083333
0 0.487187 0.202083 0.075625 0.079167
0 0.500625 0.090417 0.066250 0.120833
0 0.265313 0.746250 0.088125 0.094167
0 0.671875 0.418750 0.057500 0.080833
4 0.562187 0.152500 0.070625 0.076667
0 0.592187 0.888750 0.066875 0.089167
0 0.072813 0.471250 0.059375 0.077500
0 0.603125 0.473333 0.071250 0.086667
0 0.350938 0.113333 0.055625 0.085000
0 0.242188 0.080833 0.055625 0.066667
0 0.091250 0.100833 0.062500 0.080000
0 0.037812 0.177083 0.070625 0.072500
0 0.969375 0.106667 0.058750 0.080000
0 0.700625 0.282917 0.070000 0.094167
0 0.566562 0.096667 0.058125 0.080000
0 0.661250 0.088750 0.062500 0.077500
0 0.866563 0.403750 0.066875 0.084167
0 0.640312 0.723750 0.065625 0.087500
0 0.533750 0.946667 0.058750 0.073333
0 0.387813 0.903750 0.061875 0.077500
0 0.256250 0.943333 0.067500 0.080000
0 0.037187 0.810000 0.065625 0.093333
0 0.747188 0.848750 0.059375 0.074167
0 0.665312 0.811250 0.064375 0.072500
0 0.845000 0.813750 0.045000 0.099167
0 0.942813 0.852500 0.068125 0.090000
0 0.960938 0.726667 0.064375 0.085000
0 0.841250 0.587500 0.060000 0.085000
0 0.814063 0.621250 0.054375 0.087500
0 0.608750 0.605000 0.062500 0.081667
0 0.576562 0.731667 0.044375 0.083333
0 0.447188 0.474583 0.071875 0.084167
0 0.171563 0.409583 0.054375 0.084167
0 0.039375 0.444167 0.056250 0.068333
0 0.604375 0.841250 0.066250 0.100833
0 0.505313 0.695417 0.064375 0.075833
0 0.441563 0.611667 0.063125 0.080000
0 0.365938 0.393333 0.063125 0.078333
0 0.517188 0.467500 0.059375 0.081667
0 0.568750 0.454167 0.060000 0.070000
0 0.733437 0.453333 0.055625 0.076667
0 0.918750 0.280833 0.060000 0.078333
0 0.790625 0.318333 0.056250 0.103333
0 0.300625 0.112083 0.063750 0.099167
0 0.240000 0.457917 0.057500 0.074167
0 0.308750 0.652500 0.057500 0.085000
0 0.310312 0.762083 0.065625 0.064167
0 0.180000 0.950417 0.057500 0.075833
0 0.059375 0.598750 0.061250 0.089167
0 0.275625 0.758750 0.066250 0.070833
0 0.786250 0.893333 0.052500 0.061667
0 0.477187 0.318750 0.059375 0.085833
0 0.268437 0.312500 0.071875 0.076667
0 0.102813 0.388333 0.063125 0.068333
0 0.323125 0.284583 0.060000 0.074167
0 0.130000 0.308750 0.057500 0.084167
0 0.316250 0.255833 0.067500 0.081667
0 0.116562 0.107917 0.061875 0.089167
0 0.538438 0.091250 0.063125 0.072500
0 0.586875 0.215417 0.071250 0.069167
0 0.447188 0.280833 0.060625 0.093333
0 0.711250 0.314167 0.057500 0.080000
