0 0.332188 0.524167 0.064375 0.086667
0 0.369375 0.317500 0.061250 0.078333
0 0.323750 0.879583 0.062500 0.075833
0 0.375937 0.776250 0.069375 0.094167
0 0.080312 0.195000 0.068125 0.083333
0 0.052187 0.823333 0.063125 0.090000
0 0.335625 0.693750 0.068750 0.089167
0 0.071875 0.076667 0.071250 0.088333
0 0.757812 0.541667 0.075625 0.080000
0 0.854062 0.261250 0.065625 0.089167
0 0.540312 0.687917 0.070625 0.092500
0 0.075938 0.512083 0.075625 0.095833
0 0.283125 0.337917 0.066250 0.104167
0 0.440937 0.752500 0.065625 0.081667
0 0.675625 0.883750 0.075000 0.092500
0 0.822187 0.762500 0.075625 0.091667
0 0.217188 0.730417 0.063125 0.082500
0 0.214375 0.444583 0.062500 0.104167
0 0.184375 0.874167 0.063750 0.088333
0 0.086563 0.624167 0.071875 0.093333
0 0.662500 0.208750 0.067500 0.097500
0 0.477500 0.177500 0.070000 0.090000
0 0.691562 0.352500 0.070625 0.080000
0 0.157500 0.240417 0.053750 0.087500
0 0.419687 0.212917 0.061875 0.080833
0 0.359375 0.946667 0.071250 0.093333
0 0.543125 0.936667 0.070000 0.090000
0 0.459062 0.279167 0.058125 0.076667
0 0.531563 0.321250 0.068125 0.082500
0 0.841250 0.705000 0.077500 0.078333
0 0.514687 0.612500 0.076875 0.088333
0 0.212500 0.321667 0.053750 0.073333
0 0.569063 0.469167 0.055625 0.076667
0 0.146563 0.792083 0.061875 0.085833
0 0.276875 0.740417 0.058750 0.072500
0 0.607812 0.655833 0.065625 0.110000
0 0.845625 0.383750 0.062500 0.097500
0 0.268750 0.048333 0.070000 0.088333
6 0.885312 0.886667 0.081875 0.080000
0 0.303438 0.200417 0.061875 0.070833
0 0.280313 0.469583 0.074375 0.110833
0 0.542500 0.132083 0.068750 0.097500
0 0.940312 0.754583 0.074375 0.097500
0 0.617500 0.129583 0.057500 0.080833
0 0.875313 0.659167 0.061875 0.075000
0 0.751875 0.934583 0.068750 0.089167
0 0.962187 0.278333 0.064375 0.081667
0 0.694375 0.676250 0.052500 0.069167
0 0.626563 0.791250 0.061875 0.077500
0 0.140313 0.501667 0.055625 0.065000
0 0.924687 0.938333 0.066875 0.098333
1 0.164375 0.639583 0.082500 0.100833
0 0.150000 0.716250 0.062500 0.067500
0 0.662813 0.049167 0.061875 0.073333
0 0.914375 0.476667 0.055000 0.086667
0 0.106563 0.443333 0.051875 0.073333
0 0.594688 0.253750 0.051875 0.065833
0 0.257812 0.670833 0.061875 0.073333
0 0.456875 0.353750 0.051250 0.074167
0 0.267500 0.909167 0.053750 0.076667
0 0.125625 0.925417 0.051250 0.070833
1 0.914375 0.358750 0.071250 0.090833
0 0.798438 0.480000 0.054375 0.078333
0 0.579063 0.187083 0.058125 0.065833
0 0.395313 0.184167 0.056875 0.088333
0 0.036250 0.414167 0.051250 0.066667
0 0.424375 0.122917 0.057500 0.069167
0 0.410000 0.044167 0.067500 0.086667
0 0.865000 0.576667 0.071250 0.070000
0 0.073750 0.368750 0.057500 0.074167
1 0.909687 0.212500 0.078125 0.096667
0 0.690625 0.607500 0.051250 0.061667
0 0.041875 0.248333 0.067500 0.061667
0 0.751250 0.881250 0.062500 0.080833
0 0.075938 0.893750 0.049375 0.067500
0 0.635625 0.731667 0.052500 0.073333
0 0.157188 0.421250 0.058125 0.075833
0 0.038125 0.313750 0.055000 0.067500
0 0.737812 0.810000 0.066875 0.071667
0 0.119375 0.372917 0.037500 0.075833
0 0.954375 0.361250 0.048750 0.065833
0 0.822500 0.535833 0.042500 0.075000
0 0.365625 0.628750 0.056250 0.060833
0 0.318750 0.963333 0.056250 0.070000
0 0.665625 0.959583 0.053750 0.062500
0 0.524062 0.527917 0.045625 0.077500
0 0.891250 0.817083 0.051250 0.064167
0 0.961250 0.787917 0.070000 0.080833
0 0.970000 0.915833 0.052500 0.061667
