0 0.560937 0.327083 0.080625 0.094167
0 0.131250 0.687500 0.085000 0.101667
0 0.544063 0.833333 0.071875 0.098333
0 0.119375 0.122917 0.071250 0.089167
0 0.499375 0.166250 0.076250 0.094167
0 0.134375 0.524583 0.078750 0.100833
0 0.900312 0.129167 0.079375 0.105000
0 0.048125 0.942083 0.071250 0.094167
0 0.489687 0.945833 0.071875 0.095000
0 0.421563 0.460000 0.083125 0.108333
0 0.946562 0.479167 0.074375 0.110000
0 0.960000 0.348750 0.078750 0.119167
0 0.893437 0.812500 0.083125 0.111667
0 0.300625 0.181250 0.080000 0.107500
0 0.932813 0.700417 0.081875 0.105833
0 0.388750 0.203333 0.070000 0.095000
0 0.569375 0.732500 0.068750 0.106667
2 0.746563 0.864167 0.091875 0.121667
0 0.699688 0.765833 0.084375 0.108333
0 0.185312 0.795833 0.079375 0.111667
0 0.516250 0.437500 0.066250 0.105000
0 0.811875 0.681250 0.075000 0.105833
0 0.675312 0.097083 0.090625 0.107500
0 0.054062 0.488333 0.078125 0.100000
0 0.709375 0.200833 0.072500 0.110000
0 0.945625 0.206667 0.078750 0.095000
0 0.317812 0.286250 0.085625 0.104167
0 0.086563 0.882083 0.078125 0.090833
3 0.340938 0.118750 0.086875 0.135833
0 0.082812 0.780417 0.078125 0.107500
0 0.657813 0.685833 0.084375 0.105000
0 0.126250 0.217083 0.081250 0.089167
0 0.194062 0.051667 0.078125 0.098333
0 0.608750 0.194167 0.083750 0.111667
0 0.825000 0.219167 0.080000 0.105000
0 0.387188 0.337500 0.089375 0.113333
0 0.072500 0.280833 0.080000 0.096667
0 0.856250 0.487083 0.085000 0.110833
0 0.047500 0.120000 0.073750 0.120000
0 0.486563 0.765833 0.080625 0.111667
0 0.044687 0.685000 0.071875 0.100000
0 0.215938 0.123333 0.076875 0.095000
0 0.869375 0.672917 0.061250 0.107500
0 0.702500 0.672917 0.072500 0.099167
