0 0.528438 0.665000 0.064375 0.093333
0 0.476250 0.401250 0.063750 0.085833
0 0.518750 0.327917 0.062500 0.085833
0 0.859062 0.329583 0.058125 0.084167
0 0.308437 0.417917 0.061875 0.087500
0 0.285938 0.145000 0.066875 0.086667
0 0.591562 0.276250 0.060625 0.087500
0 0.315000 0.599583 0.061250 0.094167
0 0.655312 0.277083 0.061875 0.085833
0 0.540312 0.185000 0.059375 0.080000
0 0.803750 0.069583 0.060000 0.082500
0 0.186562 0.316667 0.064375 0.103333
0 0.908438 0.187917 0.060625 0.087500
0 0.835938 0.172500 0.061875 0.088333
0 0.584063 0.614167 0.063125 0.083333
0 0.383750 0.879583 0.060000 0.087500
0 0.288438 0.286667 0.060625 0.088333
0 0.144375 0.420417 0.060000 0.077500
0 0.886563 0.513750 0.056875 0.087500
0 0.477812 0.134167 0.073125 0.093333
0 0.444688 0.879167 0.060625 0.095000
0 0.740000 0.791250 0.070000 0.095833
0 0.125938 0.315000 0.060625 0.083333
0 0.457500 0.492500 0.068750 0.100000
0 0.390937 0.460417 0.065625 0.100833
0 0.710938 0.511667 0.066875 0.085000
0 0.867500 0.629167 0.062500 0.086667
0 0.899062 0.257083 0.060625 0.097500
0 0.409062 0.800000 0.056875 0.081667
0 0.498125 0.732083 0.068750 0.094167
0 0.738750 0.307500 0.072500 0.090000
0 0.337187 0.680417 0.056875 0.077500
0 0.071875 0.267917 0.057500 0.079167
0 0.916250 0.869583 0.053750 0.074167
0 0.157500 0.593750 0.061250 0.079167
0 0.171875 0.680000 0.072500 0.093333
0 0.551562 0.418750 0.076875 0.104167
0 0.357812 0.319583 0.078125 0.084167
0 0.678125 0.182917 0.057500 0.082500
0 0.335938 0.930417 0.068125 0.070833
0 0.512813 0.567917 0.068125 0.087500
0 0.827187 0.237917 0.059375 0.099167
0 0.335313 0.074583 0.064375 0.087500
0 0.953438 0.098750 0.064375 0.090833
0 0.954375 0.781667 0.060000 0.085000
0 0.939063 0.567500 0.054375 0.083333
0 0.694063 0.413333 0.071875 0.093333
0 0.060625 0.876667 0.065000 0.085000
0 0.642500 0.122500 0.053750 0.078333
0 0.835000 0.436667 0.071250 0.098333
0 0.056875 0.484167 0.066250 0.080000
0 0.214375 0.426667 0.056250 0.080000
0 0.450625 0.222917 0.065000 0.087500
0 0.684375 0.837083 0.063750 0.079167
0 0.200625 0.916667 0.056250 0.083333
0 0.446250 0.060000 0.056250 0.075000
0 0.939375 0.335000 0.055000 0.073333
0 0.948125 0.662500 0.056250 0.085000
0 0.120938 0.523333 0.064375 0.086667
0 0.172187 0.158750 0.060625 0.089167
0 0.565312 0.085417 0.066875 0.104167
0 0.150938 0.225417 0.064375 0.079167
0 0.193438 0.517083 0.061875 0.082500
0 0.731250 0.919583 0.066250 0.085833
0 0.125000 0.841250 0.081250 0.089167
0 0.419063 0.429583 0.068125 0.087500
0 0.359375 0.535000 0.061250 0.088333
0 0.180000 0.061667 0.065000 0.090000
0 0.531875 0.875417 0.061250 0.074167
0 0.417812 0.315000 0.059375 0.096667
0 0.103438 0.109167 0.064375 0.093333
0 0.909687 0.764167 0.056875 0.080000
0 0.955313 0.236667 0.063125 0.090000
0 0.375312 0.642917 0.060625 0.097500
0 0.688438 0.916250 0.060625 0.075833
0 0.646250 0.762083 0.058750 0.072500
0 0.734688 0.597500 0.068125 0.090000
0 0.533750 0.817917 0.067500 0.095833
0 0.873437 0.416250 0.071875 0.082500
0 0.274062 0.674583 0.065625 0.087500
0 0.658125 0.565833 0.065000 0.088333
0 0.862187 0.057083 0.075625 0.084167
0 0.705000 0.094167 0.063750 0.088333
0 0.226875 0.193750 0.057500 0.072500
0 0.759062 0.127083 0.055625 0.077500
0 0.916562 0.396667 0.073125 0.090000
0 0.332813 0.843333 0.068125 0.083333
0 0.199375 0.809167 0.067500 0.098333
0 0.063125 0.711667 0.065000 0.078333
0 0.608750 0.819167 0.057500 0.080000
0 0.285938 0.504167 0.063125 0.098333
0 0.612187 0.497500 0.073125 0.100000
0 0.375937 0.240833 0.055625 0.076667
0 0.899062 0.059167 0.058125 0.078333
0 0.684375 0.687083 0.053750 0.085833
0 0.786250 0.860833 0.058750 0.071667
0 0.385625 0.042500 0.063750 0.085000
0 0.434375 0.704583 0.078750 0.102500
0 0.511250 0.034583 0.063750 0.069167
0 0.034688 0.130417 0.055625 0.094167
0 0.788125 0.648750 0.061250 0.070833
0 0.037187 0.394167 0.060625 0.080000
0 0.965938 0.475417 0.059375 0.070833
0 0.850000 0.760417 0.057500 0.092500
0 0.774062 0.719167 0.063125 0.078333
0 0.661563 0.507083 0.075625 0.094167
0 0.130938 0.933750 0.059375 0.070833
0 0.752500 0.171250 0.060000 0.090833
0 0.877188 0.958750 0.075625 0.080833
0 0.592187 0.930417 0.061875 0.062500
1 0.600938 0.402500 0.124375 0.158333
0 0.963750 0.354167 0.052500 0.080000
0 0.925937 0.671250 0.056875 0.077500
0 0.900625 0.792500 0.047500 0.091667
0 0.759687 0.570000 0.065625 0.080000
0 0.818438 0.634583 0.056875 0.075833
0 0.801250 0.682500 0.057500 0.078333
0 0.820000 0.718333 0.057500 0.083333
0 0.820625 0.763750 0.063750 0.080833
0 0.824375 0.862917 0.057500 0.084167
0 0.845625 0.858333 0.046250 0.066667
0 0.926250 0.895417 0.070000 0.084167
0 0.703438 0.891250 0.058125 0.090833
0 0.672188 0.736667 0.069375 0.080000
0 0.518750 0.902917 0.060000 0.095833
0 0.575000 0.720000 0.047500 0.071667
0 0.455937 0.679583 0.063125 0.087500
0 0.580000 0.805833 0.073750 0.080000
0 0.593437 0.914583 0.073125 0.060833
0 0.417812 0.673333 0.064375 0.075000
0 0.324062 0.497083 0.056875 0.075833
0 0.241563 0.407917 0.051875 0.084167
0 0.386250 0.626667 0.067500 0.068333
0 0.311250 0.830417 0.062500 0.079167
0 0.240000 0.940833 0.066250 0.080000
0 0.105000 0.945417 0.058750 0.070833
0 0.089375 0.825417 0.058750 0.059167
0 0.095000 0.720833 0.061250 0.075000
0 0.126875 0.719167 0.068750 0.085000
0 0.249062 0.676667 0.066875 0.066667
0 0.209375 0.041667 0.058750 0.076667
0 0.094062 0.148750 0.065625 0.090833
0 0.052812 0.166667 0.060625 0.081667
0 0.377812 0.162917 0.046875 0.070833
0 0.356250 0.161250 0.052500 0.070833
0 0.571562 0.049583 0.068125 0.069167
0 0.962187 0.067917 0.055625 0.074167
0 0.690000 0.078750 0.055000 0.070833
0 0.628437 0.091250 0.056875 0.090833
0 0.768437 0.182917 0.056875 0.080833
0 0.479063 0.226667 0.055625 0.076667
0 0.224062 0.228333 0.043125 0.091667
0 0.435625 0.330417 0.057500 0.077500
0 0.639375 0.585833 0.067500 0.081667
0 0.216250 0.767500 0.052500 0.068333
0 0.129375 0.480000 0.050000 0.086667
0 0.053125 0.369167 0.061250 0.091667
0 0.190625 0.134167 0.058750 0.063333
0 0.069687 0.460833 0.059375 0.065000
0 0.072500 0.395417 0.060000 0.077500
0 0.692187 0.662500 0.058125 0.065000
0 0.586562 0.736667 0.055625 0.066667
0 0.121563 0.658333 0.056875 0.051667
0 0.789062 0.538750 0.064375 0.075833
