0 0.784687 0.321667 0.071875 0.086667
0 0.888125 0.166250 0.072500 0.094167
0 0.595000 0.619583 0.072500 0.097500
0 0.723437 0.626250 0.068125 0.072500
0 0.570625 0.075417 0.072500 0.097500
0 0.650625 0.358333 0.073750 0.078333
0 0.160312 0.307083 0.076875 0.075833
0 0.386875 0.100417 0.072500 0.094167
0 0.779062 0.403333 0.075625 0.088333
0 0.895312 0.787917 0.074375 0.097500
0 0.074688 0.191667 0.073125 0.108333
0 0.150312 0.094167 0.075625 0.096667
0 0.184375 0.755833 0.075000 0.108333
0 0.311563 0.073750 0.069375 0.099167
0 0.458125 0.083333 0.067500 0.095000
0 0.920625 0.890417 0.080000 0.087500
0 0.828750 0.124583 0.062500 0.104167
0 0.395625 0.173750 0.068750 0.092500
0 0.123750 0.231667 0.057500 0.075000
0 0.785937 0.785833 0.084375 0.093333
0 0.775000 0.218333 0.068750 0.111667
0 0.770000 0.122500 0.077500 0.100000
0 0.227187 0.661250 0.065625 0.102500
0 0.145937 0.162083 0.073125 0.095833
0 0.496250 0.109583 0.070000 0.100833
0 0.385313 0.786250 0.079375 0.097500
0 0.348438 0.543750 0.066875 0.070833
0 0.704688 0.125000 0.075625 0.088333
0 0.473438 0.345000 0.064375 0.103333
0 0.646875 0.465417 0.061250 0.112500
0 0.409375 0.399167 0.076250 0.105000
0 0.948438 0.480417 0.065625 0.114167
0 0.052812 0.412500 0.076875 0.098333
0 0.409062 0.619167 0.056875 0.108333
0 0.589063 0.710000 0.063125 0.103333
0 0.251563 0.863750 0.076875 0.079167
0 0.683750 0.717500 0.083750 0.096667
0 0.652500 0.582083 0.075000 0.092500
0 0.502188 0.776667 0.085625 0.060000
0 0.942500 0.605833 0.071250 0.098333
0 0.893125 0.280417 0.080000 0.067500
0 0.826250 0.484583 0.085000 0.097500
0 0.334375 0.495833 0.080000 0.105000
0 0.065625 0.316250 0.077500 0.104167
0 0.392500 0.305833 0.062500 0.101667
0 0.528750 0.573333 0.066250 0.108333
0 0.883125 0.414583 0.076250 0.100833
0 0.079687 0.472917 0.079375 0.107500
0 0.411562 0.908750 0.075625 0.080833
0 0.683438 0.923333 0.078125 0.115000
0 0.108750 0.716250 0.078750 0.099167
0 0.508125 0.950417 0.085000 0.097500
0 0.422187 0.266250 0.081875 0.079167
0 0.556562 0.874167 0.093125 0.095000
0 0.279062 0.804583 0.069375 0.104167
0 0.519687 0.475833 0.078125 0.098333
0 0.072813 0.799583 0.055625 0.104167
0 0.646875 0.806667 0.071250 0.105000
0 0.242812 0.471250 0.071875 0.082500
0 0.485938 0.692083 0.066875 0.092500
0 0.101250 0.647500 0.060000 0.085000
0 0.415000 0.827083 0.071250 0.089167
0 0.055625 0.660417 0.073750 0.094167
0 0.685312 0.546667 0.075625 0.083333
0 0.792500 0.702500 0.067500 0.098333
0 0.541875 0.714583 0.065000 0.110833
0 0.262813 0.911250 0.064375 0.104167
0 0.897813 0.698750 0.064375 0.087500
0 0.777500 0.741667 0.081250 0.071667
0 0.755000 0.920833 0.081250 0.103333
0 0.163438 0.540833 0.061875 0.103333
0 0.140313 0.501667 0.058125 0.110000
0 0.200625 0.407083 0.061250 0.084167
0 0.223438 0.537917 0.080625 0.109167
4 0.720938 0.233750 0.074375 0.127500
0 0.317812 0.903750 0.078125 0.100833
0 0.442812 0.362917 0.060625 0.082500
0 0.917188 0.672500 0.071875 0.095000
0 0.705625 0.510417 0.066250 0.132500
0 0.190625 0.487500 0.072500 0.121667
0 0.048125 0.725833 0.078750 0.076667
0 0.496563 0.582083 0.075625 0.112500
0 0.495937 0.646667 0.083125 0.116667
