0 0.712500 0.119583 0.065000 0.089167
0 0.615313 0.160000 0.063125 0.065000
0 0.175000 0.485833 0.060000 0.095000
0 0.701562 0.778750 0.076875 0.089167
0 0.454375 0.842917 0.068750 0.105833
0 0.254375 0.927917 0.068750 0.089167
0 0.389688 0.125833 0.075625 0.075000
0 0.280000 0.102083 0.072500 0.107500
0 0.492500 0.753750 0.083750 0.085833
0 0.651250 0.693750 0.076250 0.102500
0 0.420312 0.685417 0.071875 0.099167
0 0.174687 0.252083 0.073125 0.099167
0 0.067187 0.355000 0.074375 0.113333
0 0.921250 0.370833 0.061250 0.095000
0 0.949063 0.425000 0.064375 0.111667
0 0.571875 0.666667 0.078750 0.071667
0 0.192188 0.820417 0.086875 0.097500
0 0.623750 0.761250 0.085000 0.085833
0 0.668438 0.270417 0.071875 0.090833
0 0.537813 0.202917 0.064375 0.089167
0 0.719375 0.250833 0.072500 0.093333
0 0.650312 0.558750 0.073125 0.094167
0 0.322188 0.950417 0.084375 0.097500
0 0.310000 0.221250 0.068750 0.104167
0 0.393125 0.514167 0.068750 0.080000
0 0.187500 0.366667 0.061250 0.131667
0 0.351250 0.598333 0.071250 0.095000
0 0.146250 0.722083 0.081250 0.072500
0 0.686875 0.480417 0.073750 0.094167
0 0.958750 0.878750 0.063750 0.094167
0 0.796875 0.802917 0.078750 0.094167
0 0.857812 0.165000 0.079375 0.083333
0 0.089375 0.214583 0.078750 0.094167
0 0.219688 0.564167 0.069375 0.105000
0 0.830937 0.772500 0.073125 0.086667
0 0.449062 0.434583 0.058125 0.087500
0 0.818438 0.717500 0.065625 0.090000
0 0.369688 0.718333 0.073125 0.095000
0 0.911250 0.695417 0.071250 0.095833
0 0.847187 0.320833 0.065625 0.131667
0 0.447188 0.597083 0.054375 0.105833
0 0.933438 0.128333 0.064375 0.096667
0 0.304063 0.799167 0.073125 0.075000
0 0.298750 0.676667 0.083750 0.093333
0 0.909375 0.289583 0.076250 0.079167
0 0.467500 0.197083 0.087500 0.102500
0 0.320000 0.424583 0.058750 0.107500
0 0.767188 0.743333 0.065625 0.101667
0 0.114687 0.152083 0.066875 0.110833
0 0.294375 0.585000 0.058750 0.106667
0 0.129062 0.578750 0.044375 0.125833
0 0.309375 0.347917 0.075000 0.114167
0 0.323750 0.740833 0.087500 0.080000
0 0.226875 0.475833 0.045000 0.110000
0 0.223750 0.666667 0.063750 0.133333
0 0.100625 0.446667 0.052500 0.150000
0 0.455937 0.934167 0.073125 0.093333
0 0.615000 0.366667 0.051250 0.126667
0 0.768750 0.396250 0.072500 0.122500
0 0.834063 0.613750 0.086875 0.089167
0 0.964688 0.235833 0.063125 0.105000
0 0.859688 0.054583 0.073125 0.097500
0 0.569688 0.536667 0.046875 0.133333
0 0.067812 0.687083 0.089375 0.104167
0 0.577500 0.807917 0.096250 0.075833
0 0.734375 0.452083 0.068750 0.095833
0 0.544687 0.364583 0.058125 0.115833
0 0.841562 0.950417 0.080625 0.097500
0 0.942813 0.643750 0.064375 0.105833
0 0.883437 0.241250 0.076875 0.080833
0 0.453125 0.362083 0.080000 0.092500
0 0.038750 0.745000 0.071250 0.083333
0 0.756563 0.063333 0.103125 0.091667
0 0.760625 0.904583 0.061250 0.095833
0 0.520000 0.417500 0.068750 0.091667
0 0.256250 0.376250 0.052500 0.119167
0 0.791562 0.277083 0.065625 0.115833
0 0.593125 0.514167 0.053750 0.126667
0 0.356250 0.410833 0.062500 0.093333
0 0.479063 0.555000 0.076875 0.085000
0 0.271562 0.452083 0.075625 0.104167
0 0.547813 0.580417 0.073125 0.085833
0 0.371250 0.313333 0.070000 0.111667
0 0.033438 0.454167 0.064375 0.105000
0 0.047813 0.543750 0.069375 0.094167
0 0.933125 0.715417 0.080000 0.077500
0 0.910000 0.593333 0.066250 0.100000
0 0.861563 0.537083 0.043125 0.164167
0 0.949375 0.542917 0.061250 0.114167
0 0.905937 0.537917 0.054375 0.115833
0 0.778750 0.195000 0.088750 0.105000
0 0.452813 0.297083 0.074375 0.084167
0 0.885625 0.155417 0.077500 0.109167
0 0.918438 0.080833 0.065625 0.090000
0 0.517813 0.631250 0.086875 0.082500
0 0.178750 0.637500 0.057500 0.135000
0 0.092813 0.556250 0.048125 0.149167
0 0.229063 0.376250 0.055625 0.097500
0 0.632812 0.541250 0.048125 0.155833
0 0.332188 0.599167 0.070625 0.131667
0 0.455625 0.472500 0.068750 0.098333
