0 0.578438 0.283750 0.064375 0.077500
0 0.064062 0.926250 0.069375 0.087500
0 0.479375 0.128333 0.062500 0.078333
0 0.782813 0.649167 0.074375 0.086667
0 0.574375 0.729167 0.073750 0.093333
0 0.640000 0.240417 0.063750 0.077500
0 0.188438 0.665417 0.073125 0.094167
0 0.164687 0.798750 0.079375 0.109167
0 0.812813 0.075000 0.084375 0.101667
0 0.559688 0.812083 0.059375 0.079167
0 0.438750 0.532083 0.066250 0.084167
0 0.414687 0.922500 0.048125 0.080000
0 0.480625 0.439167 0.066250 0.083333
0 0.134687 0.946250 0.071875 0.085833
0 0.955000 0.427917 0.077500 0.104167
0 0.870625 0.337500 0.077500 0.093333
0 0.548125 0.397917 0.077500 0.095833
0 0.721250 0.355833 0.056250 0.091667
0 0.463438 0.221667 0.068125 0.095000
0 0.270625 0.586667 0.053750 0.070000
0 0.207187 0.573750 0.070625 0.100833
0 0.348438 0.292500 0.076875 0.095000
0 0.749062 0.472917 0.054375 0.082500
0 0.330937 0.562500 0.066875 0.128333
0 0.381875 0.821667 0.066250 0.090000
0 0.509062 0.771667 0.065625 0.078333
0 0.642813 0.312500 0.068125 0.086667
0 0.802500 0.554583 0.068750 0.082500
0 0.708125 0.264583 0.077500 0.089167
0 0.815312 0.476250 0.075625 0.097500
0 0.585000 0.939167 0.075000 0.085000
0 0.824063 0.890833 0.054375 0.076667
0 0.839063 0.407917 0.055625 0.077500
0 0.075000 0.432500 0.076250 0.103333
0 0.126250 0.187917 0.076250 0.097500
0 0.806562 0.794167 0.079375 0.101667
0 0.711562 0.639167 0.058125 0.070000
0 0.968125 0.623750 0.062500 0.084167
0 0.396250 0.695417 0.075000 0.117500
0 0.259375 0.097083 0.061250 0.069167
0 0.496250 0.620000 0.077500 0.100000
0 0.442188 0.781250 0.075625 0.080833
0 0.116562 0.314167 0.079375 0.086667
0 0.726250 0.811667 0.068750 0.091667
0 0.591562 0.888333 0.070625 0.103333
0 0.749375 0.578750 0.053750 0.077500
0 0.924687 0.735000 0.074375 0.093333
0 0.365312 0.245000 0.078125 0.101667
0 0.128125 0.655417 0.065000 0.085833
0 0.224688 0.746250 0.066875 0.094167
0 0.154375 0.897500 0.080000 0.098333
0 0.610000 0.076667 0.060000 0.093333
0 0.940312 0.829583 0.065625 0.084167
0 0.239375 0.786667 0.077500 0.095000
0 0.423438 0.179583 0.064375 0.080833
0 0.947187 0.185000 0.083125 0.106667
0 0.867812 0.717500 0.056875 0.083333
0 0.782188 0.390417 0.078125 0.117500
0 0.479063 0.857083 0.078125 0.109167
0 0.112812 0.460833 0.074375 0.101667
1 0.661875 0.912083 0.087500 0.105833
0 0.859375 0.660417 0.066250 0.084167
0 0.661563 0.105833 0.068125 0.083333
0 0.336562 0.930000 0.064375 0.080000
0 0.207500 0.147500 0.078750 0.090000
0 0.141563 0.119167 0.078125 0.096667
0 0.491563 0.222917 0.065625 0.095833
0 0.614062 0.779583 0.053125 0.070833
0 0.168437 0.411667 0.061875 0.081667
0 0.417187 0.055000 0.059375 0.070000
0 0.438750 0.280833 0.076250 0.101667
0 0.901875 0.228750 0.078750 0.094167
0 0.503125 0.939583 0.070000 0.104167
0 0.780000 0.924167 0.066250 0.080000
0 0.218750 0.255417 0.063750 0.067500
0 0.800000 0.162083 0.072500 0.080833
0 0.659687 0.817917 0.061875 0.080833
0 0.700937 0.161250 0.059375 0.075833
0 0.652500 0.658333 0.062500 0.086667
0 0.826250 0.319167 0.077500 0.100000
0 0.594375 0.641250 0.052500 0.077500
0 0.845938 0.207917 0.066875 0.087500
0 0.524687 0.474167 0.050625 0.071667
0 0.122188 0.040417 0.058125 0.075833
0 0.318125 0.162917 0.073750 0.105833
0 0.484063 0.360417 0.068125 0.069167
0 0.596875 0.124167 0.062500 0.085000
0 0.270000 0.186667 0.068750 0.081667
0 0.226250 0.522917 0.077500 0.114167
0 0.888125 0.074583 0.066250 0.074167
0 0.307188 0.850417 0.061875 0.090833
0 0.545312 0.094167 0.063125 0.078333
0 0.521875 0.303333 0.072500 0.086667
0 0.081562 0.547500 0.074375 0.106667
0 0.150938 0.522083 0.073125 0.082500
0 0.539687 0.154583 0.066875 0.070833
0 0.723437 0.947083 0.056875 0.075833
0 0.281250 0.275417 0.067500 0.079167
0 0.656563 0.407500 0.065625 0.091667
0 0.575625 0.507083 0.067500 0.092500
0 0.521563 0.557083 0.069375 0.077500
0 0.279062 0.866250 0.065625 0.080833
0 0.677813 0.694583 0.061875 0.069167
0 0.064687 0.068750 0.068125 0.072500
5 0.363438 0.057083 0.066875 0.070833
0 0.643750 0.172917 0.055000 0.070833
0 0.755313 0.123750 0.053125 0.080833
0 0.730000 0.197917 0.075000 0.079167
0 0.782188 0.251250 0.069375 0.074167
0 0.703438 0.504167 0.069375 0.081667
4 0.687500 0.562500 0.077500 0.095000
1 0.608125 0.445833 0.110000 0.075000
0 0.855000 0.631250 0.068750 0.085833
0 0.210000 0.213333 0.063750 0.080000
0 0.277187 0.226250 0.068125 0.070833
0 0.181250 0.451667 0.062500 0.083333
0 0.393750 0.582500 0.073750 0.078333
0 0.447813 0.636250 0.066875 0.092500
0 0.355000 0.906250 0.065000 0.084167
0 0.374063 0.787083 0.066875 0.084167
0 0.595000 0.592083 0.077500 0.089167
0 0.630313 0.373333 0.060625 0.095000
0 0.632812 0.511250 0.063125 0.067500
0 0.694375 0.341667 0.055000 0.073333
0 0.494688 0.306667 0.066875 0.078333
0 0.793438 0.737917 0.076875 0.095833
0 0.887188 0.926667 0.070625 0.078333
0 0.907500 0.803750 0.058750 0.092500
0 0.897188 0.867500 0.066875 0.073333
0 0.846250 0.791250 0.072500 0.095833
0 0.298125 0.041250 0.066250 0.080833
