0 0.389688 0.667917 0.060625 0.080833
0 0.775312 0.857500 0.069375 0.091667
0 0.806875 0.221250 0.066250 0.084167
0 0.277187 0.129167 0.074375 0.093333
0 0.137500 0.115833 0.063750 0.083333
0 0.082812 0.058750 0.061875 0.082500
0 0.535625 0.888750 0.075000 0.094167
0 0.283125 0.486250 0.070000 0.095833
4 0.634375 0.335000 0.072500 0.115000
0 0.073750 0.135833 0.071250 0.083333
0 0.533438 0.439167 0.078125 0.100000
0 0.841562 0.410417 0.063125 0.100833
0 0.413438 0.941250 0.068125 0.087500
0 0.261562 0.590000 0.065625 0.085000
0 0.536250 0.786667 0.066250 0.096667
0 0.263750 0.818333 0.065000 0.085000
0 0.365625 0.409583 0.081250 0.099167
0 0.818750 0.706667 0.058750 0.085000
0 0.489375 0.542083 0.067500 0.095833
0 0.638125 0.572083 0.060000 0.097500
0 0.908750 0.634583 0.056250 0.082500
0 0.040938 0.784583 0.063125 0.104167
0 0.873750 0.161250 0.065000 0.094167
0 0.064375 0.231667 0.076250 0.108333
0 0.738750 0.706667 0.070000 0.086667
4 0.530000 0.086250 0.081250 0.097500
0 0.815625 0.565000 0.067500 0.091667
0 0.765625 0.469583 0.063750 0.094167
0 0.859062 0.645833 0.058125 0.086667
0 0.855625 0.538333 0.062500 0.086667
0 0.909062 0.823750 0.059375 0.084167
0 0.648438 0.225833 0.069375 0.093333
0 0.866563 0.795417 0.060625 0.092500
0 0.545000 0.493750 0.066250 0.089167
0 0.222812 0.736250 0.068125 0.089167
0 0.568125 0.566250 0.070000 0.085833
0 0.279375 0.663750 0.071250 0.087500
0 0.065312 0.353333 0.066875 0.093333
0 0.963437 0.531250 0.053125 0.085833
0 0.247812 0.662917 0.080625 0.082500
0 0.049688 0.381667 0.065625 0.106667
