0 0.353438 0.171667 0.064375 0.088333
0 0.436250 0.334167 0.076250 0.103333
0 0.645625 0.767500 0.073750 0.096667
0 0.287813 0.850833 0.071875 0.095000
0 0.666562 0.655833 0.080625 0.108333
0 0.257812 0.372083 0.065625 0.085833
0 0.517500 0.899583 0.072500 0.094167
0 0.295000 0.232917 0.065000 0.092500
0 0.354063 0.917500 0.075625 0.098333
0 0.781563 0.637500 0.069375 0.095000
0 0.647188 0.533333 0.074375 0.098333
0 0.185938 0.452083 0.075625 0.095833
0 0.670000 0.243750 0.071250 0.107500
0 0.325937 0.475417 0.071875 0.102500
0 0.540312 0.311250 0.074375 0.094167
0 0.487812 0.499167 0.064375 0.091667
0 0.035000 0.866250 0.060000 0.079167
0 0.248125 0.131667 0.067500 0.105000
0 0.109063 0.729583 0.060625 0.089167
0 0.319375 0.054167 0.075000 0.100000
0 0.664687 0.921250 0.060625 0.082500
0 0.859062 0.900000 0.063125 0.083333
0 0.520625 0.774583 0.078750 0.090833
0 0.065312 0.368750 0.066875 0.100833
0 0.909375 0.162500 0.071250 0.090000
0 0.395000 0.448333 0.082500 0.101667
0 0.183750 0.713750 0.067500 0.085833
0 0.742500 0.737917 0.065000 0.089167
0 0.188438 0.301250 0.065625 0.092500
0 0.435625 0.672917 0.078750 0.102500
0 0.561250 0.115833 0.072500 0.101667
0 0.158750 0.954167 0.058750 0.083333
0 0.643750 0.425417 0.078750 0.094167
0 0.835313 0.115000 0.080625 0.075000
0 0.691875 0.875833 0.075000 0.095000
0 0.356563 0.287083 0.061875 0.079167
0 0.238125 0.775417 0.057500 0.090833
0 0.522188 0.683750 0.070625 0.084167
0 0.938125 0.627083 0.067500 0.085833
0 0.560937 0.438333 0.075625 0.100000
0 0.496563 0.236250 0.078125 0.075833
0 0.513750 0.147917 0.077500 0.099167
0 0.124688 0.297083 0.076875 0.105833
0 0.155312 0.195000 0.064375 0.083333
0 0.182500 0.795000 0.063750 0.085000
0 0.317188 0.532500 0.069375 0.093333
0 0.919687 0.783333 0.061875 0.086667
0 0.551250 0.624583 0.071250 0.087500
0 0.579375 0.587917 0.072500 0.095833
0 0.765312 0.100833 0.074375 0.101667
0 0.950000 0.873750 0.068750 0.094167
0 0.777500 0.197917 0.091250 0.074167
0 0.078125 0.439167 0.075000 0.096667
0 0.800312 0.808333 0.055625 0.083333
0 0.758125 0.383333 0.072500 0.096667
0 0.745313 0.304583 0.079375 0.090833
0 0.712187 0.342500 0.058125 0.066667
3 0.261250 0.589583 0.088750 0.124167
3 0.814375 0.449583 0.100000 0.129167
0 0.201875 0.175000 0.070000 0.121667
0 0.780937 0.043750 0.084375 0.087500
0 0.738750 0.770417 0.071250 0.089167
