0 0.453437 0.771667 0.066875 0.093333
0 0.186562 0.134583 0.076875 0.065833
0 0.593437 0.795000 0.076875 0.101667
0 0.393125 0.428750 0.072500 0.074167
0 0.724375 0.224583 0.065000 0.094167
0 0.414687 0.492917 0.073125 0.090833
0 0.350313 0.627500 0.070625 0.093333
0 0.505625 0.837500 0.065000 0.080000
0 0.245312 0.351667 0.064375 0.088333
0 0.291875 0.672083 0.061250 0.087500
0 0.350938 0.716667 0.055625 0.088333
0 0.596250 0.560417 0.058750 0.082500
0 0.567187 0.892083 0.063125 0.089167
0 0.067187 0.883333 0.063125 0.096667
0 0.073125 0.293333 0.071250 0.080000
0 0.381563 0.788333 0.068125 0.098333
0 0.420625 0.622500 0.076250 0.091667
0 0.165000 0.790833 0.055000 0.090000
0 0.288750 0.912500 0.073750 0.103333
0 0.627188 0.918750 0.078125 0.104167
0 0.536563 0.478750 0.068125 0.079167
0 0.550937 0.548333 0.064375 0.083333
0 0.886250 0.221667 0.066250 0.098333
0 0.064687 0.743333 0.070625 0.088333
0 0.611875 0.640833 0.077500 0.063333
0 0.783438 0.286250 0.078125 0.112500
0 0.228437 0.629167 0.076875 0.095000
0 0.901250 0.587500 0.086250 0.076667
0 0.466562 0.930417 0.068125 0.085833
0 0.320312 0.457083 0.068125 0.077500
0 0.230937 0.566667 0.066875 0.083333
0 0.152812 0.310833 0.078125 0.078333
0 0.044375 0.467917 0.067500 0.087500
0 0.248750 0.785000 0.088750 0.076667
0 0.304063 0.385833 0.071875 0.090000
0 0.921562 0.536250 0.074375 0.107500
0 0.205000 0.497500 0.055000 0.106667
0 0.379375 0.301667 0.076250 0.083333
0 0.107813 0.510833 0.064375 0.106667
0 0.748125 0.153750 0.077500 0.097500
0 0.714375 0.419167 0.066250 0.091667
0 0.934063 0.055000 0.063125 0.098333
0 0.064687 0.643333 0.064375 0.093333
0 0.064062 0.398750 0.075625 0.105833
0 0.196563 0.071667 0.073125 0.105000
0 0.823438 0.630833 0.108125 0.073333
0 0.155312 0.509167 0.063125 0.115000
0 0.268437 0.510000 0.070625 0.086667
0 0.486250 0.355417 0.090000 0.077500
0 0.105313 0.796250 0.073125 0.095833
0 0.191250 0.858333 0.076250 0.100000
0 0.525312 0.102917 0.089375 0.075833
0 0.602187 0.404167 0.073125 0.113333
0 0.780000 0.920833 0.075000 0.078333
0 0.723437 0.504583 0.074375 0.095833
0 0.188438 0.954167 0.070625 0.090000
0 0.277187 0.218333 0.068125 0.093333
0 0.438437 0.233333 0.076875 0.066667
0 0.728437 0.628750 0.079375 0.075833
0 0.782500 0.529167 0.091250 0.101667
0 0.362500 0.922083 0.073750 0.102500
0 0.650937 0.423750 0.064375 0.094167
0 0.795937 0.100833 0.076875 0.113333
0 0.423750 0.054583 0.063750 0.105833
0 0.437188 0.290417 0.063125 0.072500
0 0.055000 0.092917 0.083750 0.085833
0 0.680625 0.342500 0.076250 0.093333
0 0.644062 0.277083 0.063125 0.102500
0 0.219062 0.902083 0.064375 0.085833
0 0.529375 0.157083 0.078750 0.090833
0 0.777188 0.202917 0.074375 0.110833
0 0.203750 0.384167 0.096250 0.078333
0 0.874375 0.860833 0.093750 0.101667
0 0.234063 0.242917 0.074375 0.077500
0 0.343750 0.181667 0.070000 0.111667
0 0.495312 0.220417 0.094375 0.104167
0 0.956875 0.310417 0.075000 0.110833
0 0.691562 0.950833 0.079375 0.096667
0 0.190938 0.257917 0.084375 0.074167
0 0.494688 0.392917 0.085625 0.085833
0 0.681562 0.611667 0.065625 0.083333
0 0.481875 0.317917 0.070000 0.072500
0 0.105313 0.238750 0.098125 0.080833
0 0.951875 0.833750 0.071250 0.084167
0 0.748125 0.467500 0.075000 0.113333
0 0.468750 0.054583 0.090000 0.102500
1 0.712187 0.885833 0.069375 0.101667
0 0.601250 0.197917 0.072500 0.112500
0 0.348438 0.127500 0.074375 0.091667
0 0.309375 0.110417 0.078750 0.107500
0 0.302500 0.557500 0.070000 0.093333
0 0.908438 0.948750 0.068125 0.095833
0 0.671875 0.308750 0.081250 0.095833
0 0.943438 0.950000 0.075625 0.093333
