0 0.150625 0.509583 0.061250 0.082500
0 0.056563 0.850833 0.073125 0.105000
0 0.072188 0.440833 0.065625 0.083333
0 0.937500 0.405000 0.075000 0.095000
0 0.417187 0.315417 0.064375 0.074167
0 0.233437 0.361250 0.065625 0.094167
0 0.417187 0.132917 0.071875 0.087500
0 0.849375 0.184167 0.062500 0.083333
0 0.841875 0.855000 0.066250 0.080000
0 0.170625 0.169583 0.076250 0.105833
0 0.381250 0.468750 0.066250 0.080833
0 0.260000 0.092917 0.077500 0.092500
0 0.345938 0.267500 0.073125 0.086667
0 0.197187 0.412500 0.070625 0.085000
0 0.310625 0.560417 0.073750 0.092500
0 0.285625 0.281250 0.066250 0.085833
0 0.620000 0.439583 0.061250 0.077500
0 0.894062 0.706667 0.068125 0.088333
0 0.204375 0.250000 0.080000 0.108333
0 0.402500 0.220417 0.070000 0.079167
0 0.244062 0.585417 0.068125 0.084167
0 0.900625 0.786250 0.073750 0.095833
0 0.495625 0.089583 0.061250 0.084167
0 0.579688 0.412500 0.060625 0.076667
0 0.951875 0.883750 0.068750 0.079167
0 0.476250 0.805417 0.078750 0.102500
0 0.464375 0.156667 0.082500 0.101667
0 0.066562 0.647917 0.066875 0.082500
0 0.202187 0.056250 0.058125 0.072500
0 0.833750 0.694167 0.061250 0.081667
0 0.375625 0.587500 0.063750 0.081667
0 0.477500 0.296250 0.070000 0.092500
0 0.207187 0.860417 0.066875 0.085833
0 0.792188 0.755833 0.069375 0.083333
0 0.590938 0.566667 0.061875 0.066667
0 0.671562 0.337083 0.058125 0.075833
0 0.704688 0.950833 0.073125 0.091667
0 0.449688 0.417917 0.064375 0.084167
0 0.714375 0.841250 0.081250 0.095833
0 0.151562 0.657083 0.073125 0.080833
6 0.571875 0.292917 0.070000 0.107500
0 0.159688 0.599583 0.081875 0.102500
0 0.449062 0.240417 0.056875 0.072500
0 0.219688 0.529583 0.068125 0.082500
0 0.723125 0.745000 0.072500 0.090000
1 0.851250 0.610417 0.086250 0.110833
0 0.247812 0.946250 0.079375 0.104167
0 0.477812 0.500417 0.056875 0.077500
0 0.243125 0.322083 0.080000 0.082500
0 0.270000 0.500417 0.055000 0.064167
0 0.319063 0.711667 0.070625 0.100000
0 0.780937 0.372083 0.075625 0.100833
0 0.041563 0.569167 0.071875 0.106667
0 0.573750 0.139583 0.052500 0.102500
0 0.375937 0.695417 0.066875 0.084167
0 0.434375 0.673333 0.075000 0.096667
0 0.693125 0.791667 0.076250 0.076667
0 0.444063 0.389583 0.058125 0.075833
0 0.397500 0.405000 0.046250 0.073333
0 0.340625 0.663333 0.071250 0.103333
0 0.225938 0.725833 0.068125 0.086667
0 0.282187 0.420833 0.085625 0.090000
1 0.867188 0.922500 0.065625 0.133333
0 0.209375 0.490833 0.062500 0.080000
0 0.347500 0.553750 0.075000 0.087500
0 0.297500 0.397500 0.055000 0.090000
0 0.143750 0.065833 0.062500 0.093333
0 0.715938 0.312083 0.046875 0.064167
0 0.610938 0.202083 0.053125 0.059167
0 0.562187 0.229167 0.049375 0.055000
0 0.833750 0.060417 0.057500 0.082500
0 0.777500 0.040833 0.062500 0.081667
