0 0.882188 0.665000 0.066875 0.098333
0 0.303125 0.269583 0.066250 0.089167
0 0.186562 0.272917 0.061875 0.090833
0 0.117188 0.602083 0.060625 0.080833
0 0.132500 0.496667 0.071250 0.091667
0 0.400313 0.763750 0.071875 0.094167
0 0.355312 0.407083 0.070625 0.085833
0 0.815000 0.639583 0.073750 0.094167
0 0.707500 0.553333 0.071250 0.100000
0 0.627188 0.577500 0.073125 0.101667
0 0.088438 0.378750 0.068125 0.097500
0 0.499688 0.845833 0.068125 0.090000
0 0.110312 0.228750 0.071875 0.082500
0 0.754062 0.902917 0.080625 0.092500
0 0.576250 0.171667 0.061250 0.073333
0 0.876250 0.178333 0.077500 0.101667
0 0.490312 0.360000 0.073125 0.093333
0 0.607500 0.840417 0.053750 0.105833
0 0.250000 0.392500 0.082500 0.110000
0 0.807500 0.224583 0.076250 0.102500
0 0.568125 0.260000 0.065000 0.098333
0 0.500938 0.778750 0.055625 0.087500
6 0.108125 0.312917 0.076250 0.114167
