0 0.161250 0.704583 0.078750 0.092500
0 0.891563 0.376667 0.061875 0.088333
0 0.700313 0.507917 0.064375 0.090833
0 0.630625 0.934583 0.067500 0.087500
0 0.176250 0.782083 0.075000 0.087500
0 0.828125 0.715000 0.058750 0.090000
0 0.578750 0.794167 0.072500 0.081667
0 0.765312 0.068333 0.059375 0.110000
0 0.914375 0.323333 0.063750 0.086667
0 0.901563 0.520000 0.068125 0.098333
0 0.571250 0.518333 0.072500 0.078333
0 0.408125 0.101667 0.067500 0.098333
0 0.917813 0.895417 0.073125 0.109167
0 0.159062 0.075833 0.065625 0.091667
0 0.277500 0.437500 0.068750 0.101667
0 0.409375 0.597500 0.066250 0.073333
0 0.170937 0.186667 0.063125 0.086667
1 0.415000 0.513333 0.078750 0.105000
0 0.564375 0.471250 0.065000 0.117500
0 0.621563 0.297083 0.056875 0.079167
0 0.805937 0.367083 0.055625 0.109167
0 0.715625 0.635000 0.055000 0.121667
0 0.185312 0.644583 0.086875 0.099167
0 0.513125 0.958750 0.065000 0.075833
0 0.544687 0.874583 0.073125 0.089167
0 0.285625 0.266667 0.057500 0.130000
0 0.619375 0.415417 0.053750 0.097500
0 0.830000 0.933750 0.050000 0.117500
