0 0.117188 0.926250 0.079375 0.100833
0 0.367500 0.557500 0.082500 0.098333
0 0.547188 0.715000 0.078125 0.095000
0 0.692500 0.784583 0.085000 0.092500
0 0.471875 0.660000 0.085000 0.093333
0 0.669687 0.919167 0.075625 0.111667
0 0.704688 0.554167 0.085625 0.105000
0 0.877500 0.314167 0.077500 0.110000
0 0.617188 0.827083 0.075625 0.110833
0 0.312812 0.839583 0.081875 0.107500
0 0.956875 0.097500 0.075000 0.110000
0 0.086563 0.080833 0.088125 0.111667
0 0.554375 0.129583 0.078750 0.112500
0 0.661250 0.111250 0.078750 0.109167
0 0.442188 0.086250 0.090625 0.095833
0 0.929375 0.896250 0.101250 0.084167
0 0.233750 0.671667 0.085000 0.103333
1 0.462500 0.310833 0.101250 0.138333
0 0.205625 0.555000 0.090000 0.086667
0 0.800000 0.285833 0.071250 0.125000
1 0.162188 0.365833 0.113125 0.120000
0 0.623125 0.695000 0.070000 0.110000
0 0.683750 0.702083 0.077500 0.105833
0 0.768125 0.800833 0.091250 0.093333
0 0.198437 0.477917 0.099375 0.080833
