0 0.266875 0.239167 0.060000 0.080000
0 0.796562 0.072500 0.075625 0.088333
0 0.428125 0.309583 0.067500 0.085833
0 0.186875 0.858333 0.065000 0.090000
0 0.785000 0.454583 0.061250 0.082500
0 0.712812 0.410833 0.060625 0.085000
0 0.859375 0.851667 0.070000 0.093333
0 0.919687 0.811667 0.063125 0.075000
0 0.429063 0.872917 0.066875 0.090833
0 0.148750 0.717917 0.065000 0.082500
0 0.133437 0.283750 0.078125 0.094167
0 0.842812 0.340000 0.073125 0.083333
0 0.438750 0.181667 0.070000 0.095000
0 0.907813 0.550000 0.056875 0.085000
0 0.604062 0.826667 0.073125 0.090000
0 0.057813 0.298333 0.073125 0.105000
0 0.320937 0.373333 0.061875 0.073333
0 0.380000 0.393750 0.062500 0.085833
0 0.709375 0.661250 0.063750 0.084167
0 0.096875 0.807500 0.067500 0.083333
0 0.362500 0.889583 0.078750 0.079167
0 0.293125 0.124583 0.068750 0.097500
0 0.469375 0.766667 0.070000 0.088333
0 0.474687 0.259167 0.059375 0.080000
0 0.564063 0.632500 0.060625 0.093333
0 0.539062 0.261667 0.069375 0.085000
0 0.565937 0.494167 0.076875 0.076667
0 0.713437 0.218750 0.061875 0.102500
0 0.848125 0.530000 0.056250 0.071667
0 0.428750 0.130417 0.063750 0.085833
0 0.060937 0.445833 0.070625 0.086667
0 0.094375 0.537917 0.055000 0.077500
0 0.112812 0.367500 0.075625 0.086667
0 0.393437 0.754583 0.063125 0.079167
0 0.463438 0.478750 0.060625 0.079167
0 0.170625 0.405000 0.063750 0.075000
3 0.063750 0.712083 0.106250 0.089167
0 0.344375 0.607083 0.067500 0.079167
0 0.655000 0.227500 0.061250 0.083333
0 0.264062 0.725833 0.071875 0.090000
0 0.810625 0.792083 0.056250 0.072500
0 0.781563 0.179583 0.070625 0.070833
0 0.312188 0.538333 0.068125 0.080000
0 0.244375 0.615417 0.061250 0.085833
0 0.573125 0.330000 0.052500 0.085000
0 0.592500 0.240417 0.070000 0.084167
0 0.825937 0.161250 0.068125 0.087500
0 0.215625 0.742917 0.070000 0.089167
0 0.877812 0.660833 0.068125 0.100000
0 0.174375 0.520833 0.056250 0.068333
0 0.179375 0.937917 0.066250 0.080833
3 0.794687 0.850833 0.064375 0.101667
0 0.092813 0.850000 0.061875 0.080000
0 0.234063 0.117917 0.054375 0.099167
0 0.163125 0.050000 0.075000 0.086667
0 0.345625 0.175000 0.062500 0.070000
0 0.849375 0.717917 0.043750 0.077500
1 0.104063 0.204583 0.074375 0.097500
0 0.630000 0.895417 0.058750 0.069167
0 0.824688 0.592917 0.054375 0.102500
0 0.690312 0.041667 0.058125 0.073333
0 0.460000 0.061250 0.085000 0.109167
0 0.202813 0.461667 0.054375 0.066667
0 0.212500 0.675417 0.063750 0.064167
3 0.387188 0.246667 0.083125 0.126667
0 0.265625 0.911667 0.053750 0.078333
0 0.863750 0.066250 0.053750 0.069167
0 0.884375 0.133750 0.052500 0.067500
0 0.796250 0.242917 0.055000 0.072500
0 0.533750 0.389583 0.051250 0.077500
0 0.403125 0.665833 0.050000 0.096667
0 0.793750 0.612917 0.055000 0.082500
0 0.935000 0.336667 0.053750 0.095000
0 0.487500 0.808750 0.063750 0.100833
0 0.470625 0.939167 0.056250 0.075000
0 0.675312 0.164167 0.060625 0.081667
0 0.966875 0.564583 0.056250 0.069167
0 0.964375 0.048333 0.066250 0.068333
1 0.745313 0.798333 0.068125 0.185000
3 0.902500 0.732083 0.066250 0.112500
3 0.055625 0.190833 0.071250 0.126667
0 0.072500 0.920000 0.053750 0.073333
0 0.268750 0.820417 0.048750 0.060833
0 0.508125 0.905000 0.053750 0.075000
0 0.184688 0.780833 0.058125 0.073333
0 0.177187 0.878333 0.064375 0.090000
0 0.122813 0.905000 0.065625 0.083333
0 0.154062 0.153750 0.049375 0.085833
0 0.092500 0.084583 0.061250 0.082500
0 0.278125 0.063333 0.056250 0.073333
0 0.580625 0.166667 0.062500 0.083333
0 0.569063 0.227917 0.058125 0.082500
0 0.504687 0.327917 0.071875 0.057500
0 0.191562 0.106667 0.060625 0.058333
0 0.807187 0.292083 0.063125 0.089167
0 0.734375 0.489167 0.052500 0.068333
0 0.419375 0.456250 0.046250 0.059167
0 0.672500 0.587500 0.052500 0.071667
0 0.683438 0.642500 0.058125 0.076667
0 0.622188 0.708750 0.050625 0.059167
0 0.641563 0.763333 0.046875 0.068333
0 0.757500 0.343750 0.052500 0.085833
0 0.748750 0.278750 0.058750 0.080833
0 0.731563 0.297917 0.058125 0.069167
0 0.762500 0.909583 0.052500 0.065833
0 0.939375 0.682083 0.051250 0.080833
0 0.952500 0.744583 0.052500 0.080833
0 0.760625 0.705833 0.051250 0.068333
0 0.799375 0.740833 0.052500 0.076667
0 0.105000 0.139167 0.051250 0.066667
0 0.723437 0.574167 0.061875 0.073333
0 0.744375 0.604167 0.053750 0.071667
