0 0.786563 0.420417 0.071875 0.087500
0 0.264688 0.743750 0.060625 0.080833
0 0.423750 0.707083 0.061250 0.080833
0 0.287813 0.116667 0.063125 0.076667
0 0.668750 0.908750 0.060000 0.075833
0 0.191250 0.436667 0.057500 0.078333
0 0.796562 0.315000 0.068125 0.080000
0 0.372500 0.849583 0.058750 0.070833
0 0.557500 0.442500 0.063750 0.078333
0 0.799375 0.644583 0.062500 0.080833
0 0.781875 0.228750 0.058750 0.080833
0 0.532500 0.234167 0.065000 0.095000
0 0.183125 0.222917 0.065000 0.077500
0 0.718125 0.632083 0.070000 0.080833
0 0.950937 0.539167 0.060625 0.081667
0 0.618437 0.230000 0.069375 0.086667
0 0.544375 0.592083 0.075000 0.094167
0 0.745000 0.563333 0.065000 0.076667
0 0.699375 0.112500 0.063750 0.085000
0 0.673125 0.542917 0.061250 0.087500
0 0.199375 0.824167 0.060000 0.086667
0 0.907188 0.685000 0.065625 0.090000
0 0.703750 0.270000 0.066250 0.083333
0 0.885938 0.347917 0.071875 0.085833
0 0.636875 0.606250 0.062500 0.079167
0 0.356563 0.071667 0.070625 0.091667
0 0.898125 0.578333 0.073750 0.093333
0 0.458437 0.421667 0.061875 0.086667
0 0.358438 0.639583 0.071875 0.080833
4 0.551875 0.344583 0.081250 0.099167
0 0.596875 0.696667 0.075000 0.076667
0 0.565000 0.144167 0.060000 0.088333
0 0.516563 0.950833 0.059375 0.081667
0 0.374688 0.274167 0.078125 0.090000
0 0.492500 0.495833 0.065000 0.080000
0 0.176250 0.139583 0.060000 0.080833
0 0.183125 0.912917 0.068750 0.094167
0 0.411875 0.335417 0.087500 0.089167
0 0.118438 0.870417 0.073125 0.092500
0 0.872188 0.175417 0.070625 0.092500
0 0.173437 0.506250 0.055625 0.082500
0 0.312812 0.404583 0.068125 0.072500
0 0.396250 0.366667 0.067500 0.086667
0 0.477812 0.564167 0.080625 0.080000
0 0.039688 0.324167 0.065625 0.100000
0 0.098437 0.841667 0.065625 0.081667
0 0.140625 0.152917 0.067500 0.092500
0 0.964375 0.076250 0.070000 0.105833
0 0.229687 0.491667 0.069375 0.096667
0 0.617188 0.157083 0.068125 0.067500
0 0.359063 0.712500 0.059375 0.071667
0 0.287813 0.345000 0.070625 0.066667
0 0.846562 0.245000 0.068125 0.081667
0 0.213750 0.042917 0.071250 0.084167
0 0.090313 0.285417 0.073125 0.079167
0 0.356875 0.581250 0.060000 0.080833
0 0.143437 0.485417 0.063125 0.082500
1 0.735625 0.800833 0.075000 0.143333
