0 0.625000 0.833750 0.071250 0.094167
0 0.584375 0.092917 0.077500 0.097500
0 0.226250 0.907500 0.081250 0.101667
0 0.314688 0.054583 0.061875 0.079167
0 0.483750 0.810833 0.065000 0.083333
0 0.477500 0.322083 0.073750 0.099167
0 0.269375 0.217917 0.068750 0.092500
0 0.864062 0.551667 0.064375 0.085000
0 0.667813 0.586250 0.061875 0.082500
0 0.580313 0.380000 0.075625 0.093333
0 0.256875 0.642500 0.057500 0.086667
0 0.142813 0.099583 0.063125 0.109167
0 0.451562 0.133750 0.076875 0.104167
0 0.375312 0.597500 0.061875 0.081667
0 0.671562 0.106667 0.073125 0.101667
0 0.667813 0.751250 0.078125 0.105833
0 0.198750 0.760833 0.075000 0.095000
0 0.519687 0.631667 0.089375 0.106667
0 0.048125 0.337083 0.063750 0.107500
0 0.565000 0.240417 0.060000 0.094167
0 0.358438 0.677917 0.066875 0.089167
0 0.151875 0.196667 0.073750 0.088333
0 0.386875 0.460000 0.076250 0.098333
0 0.217500 0.137083 0.071250 0.112500
0 0.949375 0.431250 0.070000 0.105833
0 0.079687 0.090000 0.060625 0.108333
0 0.128750 0.529583 0.085000 0.110833
0 0.306875 0.392917 0.072500 0.092500
0 0.616875 0.622917 0.048750 0.060833
0 0.954375 0.660000 0.068750 0.090000
0 0.823750 0.350000 0.071250 0.120000
0 0.765312 0.197083 0.076875 0.097500
0 0.200937 0.334167 0.059375 0.075000
3 0.480000 0.508750 0.095000 0.117500
