0 0.534375 0.250833 0.072500 0.090000
0 0.380000 0.587500 0.062500 0.081667
0 0.124375 0.227500 0.058750 0.081667
0 0.902813 0.532500 0.063125 0.081667
0 0.400000 0.205833 0.060000 0.085000
0 0.312188 0.690833 0.059375 0.086667
0 0.879375 0.056250 0.060000 0.080833
0 0.143437 0.852083 0.071875 0.097500
0 0.735313 0.414583 0.059375 0.089167
0 0.156250 0.337917 0.071250 0.085833
0 0.808750 0.084583 0.071250 0.090833
1 0.750938 0.912083 0.083125 0.105833
0 0.340938 0.528750 0.056875 0.077500
0 0.387188 0.814583 0.059375 0.079167
0 0.353750 0.270417 0.066250 0.092500
0 0.809063 0.557083 0.056875 0.095833
0 0.200937 0.627917 0.064375 0.075833
0 0.332500 0.191250 0.063750 0.080833
0 0.125000 0.746667 0.066250 0.103333
0 0.508437 0.685417 0.065625 0.079167
0 0.965000 0.135417 0.062500 0.095833
0 0.748125 0.273750 0.067500 0.092500
0 0.895312 0.840833 0.059375 0.093333
0 0.637188 0.657083 0.065625 0.079167
0 0.755000 0.585833 0.060000 0.080000
0 0.743750 0.191250 0.062500 0.080833
0 0.365000 0.914583 0.085000 0.115833
0 0.261875 0.152917 0.060000 0.092500
0 0.658438 0.497917 0.053125 0.079167
0 0.945312 0.598333 0.071875 0.110000
0 0.556562 0.873750 0.060625 0.094167
0 0.048125 0.469167 0.072500 0.096667
1 0.204375 0.113333 0.071250 0.136667
0 0.294063 0.113333 0.061875 0.081667
0 0.908750 0.715000 0.052500 0.085000
3 0.269062 0.752083 0.071875 0.107500
0 0.257188 0.666250 0.058125 0.084167
0 0.851250 0.719167 0.061250 0.086667
0 0.675937 0.126667 0.054375 0.093333
0 0.266250 0.537500 0.066250 0.080000
0 0.684688 0.887500 0.058125 0.108333
0 0.416563 0.746667 0.058125 0.088333
0 0.191875 0.533333 0.055000 0.091667
5 0.475938 0.774167 0.094375 0.140000
0 0.876250 0.639583 0.071250 0.092500
0 0.297187 0.595000 0.055625 0.076667
1 0.146875 0.089167 0.067500 0.123333
0 0.293750 0.243333 0.053750 0.090000
0 0.644062 0.427083 0.058125 0.084167
0 0.959375 0.092917 0.071250 0.089167
0 0.835000 0.870417 0.057500 0.077500
0 0.644375 0.280833 0.052500 0.088333
0 0.625938 0.100000 0.059375 0.076667
0 0.615313 0.925417 0.065625 0.079167
0 0.956875 0.866250 0.066250 0.104167
1 0.051875 0.246250 0.073750 0.137500
1 0.705625 0.276667 0.056250 0.116667
0 0.685937 0.401667 0.041875 0.115000
