0 0.140937 0.107500 0.069375 0.091667
0 0.137500 0.820417 0.065000 0.087500
0 0.117813 0.246250 0.068125 0.089167
0 0.705937 0.786667 0.070625 0.073333
0 0.457188 0.910000 0.080625 0.091667
0 0.630000 0.347083 0.085000 0.095833
0 0.179375 0.201250 0.070000 0.089167
0 0.768750 0.053333 0.077500 0.098333
0 0.335313 0.632500 0.068125 0.093333
0 0.256875 0.581667 0.077500 0.103333
0 0.371250 0.571250 0.057500 0.075833
0 0.448750 0.496667 0.088750 0.103333
0 0.538438 0.059583 0.078125 0.095833
0 0.030937 0.282083 0.060625 0.075833
0 0.429375 0.210000 0.066250 0.091667
0 0.475000 0.145000 0.075000 0.083333
0 0.580313 0.489583 0.083125 0.099167
0 0.275938 0.186250 0.076875 0.087500
0 0.910625 0.117917 0.072500 0.095833
0 0.196250 0.275833 0.096250 0.061667
5 0.225625 0.363750 0.106250 0.112500
