0 0.940000 0.483333 0.062500 0.091667
0 0.342813 0.140833 0.079375 0.091667
0 0.292187 0.750833 0.075625 0.100000
0 0.100312 0.219583 0.079375 0.107500
0 0.109375 0.525000 0.071250 0.078333
0 0.419063 0.282917 0.075625 0.084167
0 0.636875 0.235000 0.066250 0.091667
0 0.769687 0.504167 0.068125 0.090000
0 0.499688 0.385833 0.069375 0.103333
0 0.340000 0.057500 0.063750 0.088333
0 0.950937 0.666667 0.054375 0.078333
0 0.433125 0.603750 0.075000 0.085833
0 0.543125 0.822083 0.078750 0.085833
0 0.684688 0.740000 0.059375 0.103333
0 0.933750 0.326250 0.072500 0.092500
0 0.140000 0.410833 0.071250 0.091667
0 0.569375 0.321250 0.070000 0.092500
0 0.939688 0.191250 0.060625 0.082500
0 0.543125 0.750833 0.077500 0.085000
0 0.220938 0.604583 0.071875 0.085833
0 0.589063 0.067917 0.084375 0.085833
0 0.546562 0.500833 0.061875 0.096667
0 0.448437 0.344167 0.071875 0.090000
0 0.650937 0.340417 0.076875 0.094167
0 0.448437 0.901667 0.058125 0.085000
0 0.062187 0.741250 0.070625 0.087500
0 0.564375 0.162500 0.082500 0.101667
0 0.451250 0.528333 0.068750 0.078333
0 0.434063 0.462500 0.081875 0.085000
0 0.864375 0.677917 0.070000 0.100833
0 0.696562 0.902500 0.073125 0.086667
0 0.844063 0.109167 0.059375 0.093333
0 0.799687 0.735000 0.091875 0.105000
0 0.667813 0.922500 0.066875 0.088333
0 0.492188 0.553750 0.068125 0.080833
0 0.767500 0.122917 0.073750 0.082500
0 0.594375 0.701667 0.080000 0.076667
0 0.785625 0.092500 0.086250 0.086667
