0 0.320312 0.623750 0.071875 0.099167
0 0.745938 0.785833 0.073125 0.096667
0 0.080625 0.052917 0.086250 0.105833
0 0.842187 0.815000 0.081875 0.103333
0 0.627812 0.242500 0.079375 0.103333
0 0.383125 0.270833 0.083750 0.093333
0 0.814688 0.320000 0.086875 0.110000
0 0.039062 0.574167 0.074375 0.096667
0 0.918125 0.933750 0.081250 0.099167
0 0.589688 0.370417 0.078125 0.097500
0 0.510625 0.947500 0.080000 0.101667
0 0.527188 0.558750 0.078125 0.117500
0 0.669375 0.341250 0.076250 0.094167
0 0.616563 0.609583 0.083125 0.112500
0 0.527500 0.271667 0.075000 0.105000
0 0.701250 0.242500 0.070000 0.088333
0 0.664687 0.777917 0.073125 0.104167
0 0.115937 0.309167 0.071875 0.086667
0 0.561562 0.144583 0.061875 0.092500
0 0.529375 0.719167 0.080000 0.100000
2 0.129375 0.175417 0.093750 0.115833
0 0.278125 0.100833 0.085000 0.101667
0 0.871875 0.488750 0.083750 0.107500
0 0.883437 0.692917 0.081875 0.114167
0 0.114375 0.454167 0.088750 0.103333
0 0.430312 0.150417 0.075625 0.097500
0 0.347813 0.535000 0.073125 0.090000
0 0.206875 0.605833 0.082500 0.111667
0 0.195937 0.918750 0.076875 0.112500
0 0.816250 0.078333 0.080000 0.111667
0 0.358125 0.893333 0.068750 0.093333
0 0.737812 0.560417 0.088125 0.104167
0 0.451562 0.586667 0.073125 0.093333
0 0.169063 0.665833 0.090625 0.110000
0 0.821562 0.740833 0.089375 0.093333
0 0.966875 0.201667 0.066250 0.116667
