0 0.284375 0.375417 0.067500 0.074167
0 0.577187 0.798750 0.061875 0.084167
0 0.515938 0.128750 0.064375 0.087500
0 0.727187 0.639583 0.080625 0.102500
0 0.779687 0.886667 0.070625 0.105000
0 0.526875 0.293333 0.070000 0.100000
0 0.235625 0.670833 0.073750 0.095000
0 0.864688 0.868333 0.065625 0.080000
0 0.245938 0.837500 0.059375 0.081667
0 0.089063 0.164167 0.071875 0.096667
0 0.949375 0.790000 0.057500 0.083333
0 0.683438 0.898333 0.080625 0.106667
0 0.509062 0.511250 0.061875 0.085833
0 0.632500 0.121250 0.073750 0.099167
0 0.172187 0.114583 0.060625 0.080833
0 0.044062 0.654583 0.069375 0.092500
0 0.911875 0.425833 0.070000 0.086667
0 0.642813 0.318750 0.066875 0.092500
0 0.416875 0.929167 0.072500 0.101667
0 0.155625 0.402083 0.073750 0.104167
0 0.258437 0.472500 0.069375 0.095000
0 0.290938 0.929167 0.079375 0.116667
0 0.406250 0.323333 0.080000 0.093333
0 0.594688 0.261667 0.061875 0.088333
0 0.441563 0.154167 0.063125 0.071667
0 0.400000 0.066667 0.070000 0.100000
0 0.653438 0.512500 0.063125 0.091667
0 0.585313 0.914167 0.063125 0.075000
0 0.181250 0.356667 0.080000 0.101667
0 0.072813 0.862500 0.076875 0.100000
0 0.950000 0.523750 0.080000 0.102500
0 0.198437 0.912917 0.063125 0.109167
0 0.919063 0.229583 0.065625 0.090833
0 0.402187 0.454583 0.068125 0.084167
0 0.315625 0.643750 0.071250 0.080833
0 0.097500 0.706667 0.076250 0.081667
0 0.117500 0.786667 0.078750 0.096667
0 0.807500 0.574583 0.078750 0.085833
0 0.645312 0.606667 0.069375 0.093333
0 0.032500 0.473333 0.065000 0.091667
0 0.815625 0.488750 0.066250 0.072500
0 0.725625 0.438333 0.063750 0.106667
0 0.316250 0.530417 0.081250 0.092500
0 0.408438 0.780000 0.074375 0.100000
0 0.147187 0.234167 0.074375 0.116667
0 0.752500 0.280000 0.062500 0.143333
0 0.847812 0.046250 0.074375 0.092500
0 0.970313 0.899167 0.058125 0.086667
0 0.039688 0.912083 0.079375 0.109167
2 0.586562 0.505000 0.078125 0.133333
0 0.219688 0.563333 0.081875 0.093333
