0 0.383125 0.913750 0.062500 0.087500
0 0.455313 0.730000 0.064375 0.086667
0 0.550312 0.810833 0.074375 0.096667
2 0.267813 0.170000 0.074375 0.100000
0 0.833750 0.646250 0.070000 0.084167
0 0.669687 0.471667 0.066875 0.088333
0 0.915937 0.493333 0.069375 0.086667
0 0.458437 0.250417 0.068125 0.089167
0 0.752188 0.419583 0.065625 0.082500
0 0.341562 0.585000 0.060625 0.078333
0 0.480625 0.158333 0.072500 0.093333
0 0.159375 0.140000 0.067500 0.080000
0 0.051250 0.903750 0.071250 0.092500
0 0.388437 0.758750 0.069375 0.092500
0 0.940312 0.289583 0.059375 0.075833
0 0.333125 0.361250 0.060000 0.114167
0 0.593750 0.385833 0.058750 0.080000
0 0.296563 0.652083 0.065625 0.080833
0 0.673750 0.167500 0.066250 0.080000
0 0.948125 0.581250 0.063750 0.085833
0 0.271875 0.428750 0.052500 0.079167
0 0.641875 0.553750 0.058750 0.079167
0 0.339375 0.103750 0.060000 0.079167
0 0.466875 0.642917 0.070000 0.087500
0 0.530937 0.709167 0.054375 0.075000
0 0.655000 0.056250 0.063750 0.087500
0 0.047500 0.348750 0.067500 0.074167
0 0.410938 0.127083 0.060625 0.080833
0 0.098750 0.320417 0.058750 0.077500
0 0.956875 0.660833 0.053750 0.085000
0 0.325000 0.508333 0.060000 0.076667
0 0.629375 0.327500 0.058750 0.080000
0 0.693438 0.385833 0.066875 0.080000
0 0.230000 0.788333 0.062500 0.085000
0 0.765938 0.072083 0.063125 0.075833
0 0.895312 0.617083 0.054375 0.070833
0 0.045937 0.255833 0.059375 0.076667
0 0.399062 0.271250 0.053125 0.074167
0 0.954375 0.389583 0.063750 0.085833
0 0.757500 0.914167 0.066250 0.085000
0 0.740000 0.751667 0.070000 0.088333
0 0.146875 0.379583 0.066250 0.080833
0 0.670625 0.865833 0.053750 0.071667
0 0.290312 0.564583 0.059375 0.077500
0 0.285000 0.827083 0.063750 0.060833
0 0.478750 0.532917 0.071250 0.077500
0 0.545625 0.415833 0.060000 0.083333
0 0.085938 0.591667 0.056875 0.073333
0 0.374063 0.635000 0.063125 0.083333
0 0.299375 0.753750 0.053750 0.074167
0 0.147187 0.483333 0.058125 0.081667
0 0.504062 0.042500 0.071875 0.085000
0 0.534687 0.220417 0.056875 0.069167
0 0.087813 0.220833 0.050625 0.070000
0 0.670625 0.957083 0.062500 0.084167
0 0.151562 0.227917 0.066875 0.092500
0 0.617500 0.907500 0.057500 0.073333
0 0.286562 0.271250 0.055625 0.075833
0 0.176250 0.240417 0.056250 0.072500
0 0.117813 0.400417 0.070625 0.087500
0 0.602187 0.686667 0.059375 0.063333
0 0.602812 0.489167 0.066875 0.076667
0 0.862812 0.306250 0.074375 0.077500
0 0.322188 0.915000 0.068125 0.078333
0 0.733437 0.847500 0.055625 0.075000
0 0.140937 0.565417 0.065625 0.072500
0 0.367500 0.173333 0.067500 0.071667
0 0.568438 0.632083 0.056875 0.075833
0 0.814063 0.347917 0.049375 0.070833
0 0.879375 0.832083 0.077500 0.074167
0 0.412187 0.639583 0.065625 0.079167
0 0.785000 0.126667 0.051250 0.068333
0 0.570000 0.312500 0.062500 0.065000
0 0.489687 0.457500 0.053125 0.075000
0 0.861563 0.345833 0.048125 0.071667
0 0.073125 0.511667 0.056250 0.075000
0 0.222812 0.100000 0.064375 0.085000
0 0.196563 0.679167 0.053125 0.078333
0 0.433750 0.477917 0.057500 0.075833
0 0.025000 0.182500 0.050000 0.068333
3 0.208437 0.069167 0.064375 0.113333
1 0.225938 0.593333 0.099375 0.103333
1 0.247812 0.680833 0.063125 0.068333
0 0.243438 0.743750 0.061875 0.064167
0 0.584063 0.566250 0.055625 0.064167
0 0.615625 0.621250 0.053750 0.062500
0 0.665312 0.722500 0.053125 0.075000
0 0.710938 0.735000 0.045625 0.075000
0 0.456250 0.450000 0.055000 0.093333
0 0.418438 0.518750 0.046875 0.069167
0 0.372188 0.500833 0.045625 0.080000
0 0.210313 0.397917 0.058125 0.064167
0 0.477812 0.909583 0.046875 0.080833
0 0.565937 0.940000 0.048125 0.080000
0 0.548125 0.970417 0.052500 0.059167
0 0.906875 0.357500 0.055000 0.076667
0 0.872188 0.418333 0.050625 0.073333
0 0.918125 0.424167 0.058750 0.073333
0 0.720938 0.199583 0.060625 0.084167
0 0.915312 0.038333 0.051875 0.075000
0 0.860313 0.081667 0.064375 0.063333
0 0.888437 0.151667 0.056875 0.116667
0 0.848750 0.134167 0.066250 0.090000
0 0.346875 0.258333 0.048750 0.068333
0 0.125000 0.490417 0.053750 0.102500
0 0.179688 0.608333 0.063125 0.116667
0 0.165937 0.892500 0.046875 0.071667
0 0.268750 0.908333 0.048750 0.096667
