0 0.580625 0.667500 0.065000 0.085000
0 0.351875 0.417083 0.082500 0.105833
0 0.900625 0.274167 0.068750 0.096667
0 0.130000 0.797083 0.057500 0.089167
0 0.200313 0.737917 0.068125 0.080833
0 0.576875 0.565000 0.075000 0.110000
0 0.918125 0.854583 0.078750 0.104167
0 0.756250 0.285417 0.065000 0.089167
0 0.363750 0.506250 0.070000 0.084167
0 0.169375 0.518750 0.070000 0.090833
0 0.054375 0.649583 0.078750 0.099167
0 0.245625 0.308750 0.065000 0.089167
0 0.268437 0.496667 0.074375 0.096667
0 0.431250 0.578750 0.073750 0.095833
0 0.068125 0.818333 0.065000 0.078333
0 0.850625 0.905417 0.083750 0.105833
0 0.154062 0.620833 0.066875 0.086667
0 0.051875 0.743333 0.075000 0.086667
0 0.755313 0.615000 0.079375 0.105000
0 0.463125 0.657500 0.065000 0.090000
0 0.796875 0.362083 0.081250 0.099167
0 0.149688 0.214167 0.069375 0.081667
0 0.787813 0.509583 0.071875 0.104167
0 0.230313 0.617917 0.073125 0.100833
0 0.493125 0.520000 0.071250 0.086667
0 0.698750 0.123750 0.078750 0.100833
0 0.546250 0.477083 0.078750 0.087500
0 0.323437 0.760833 0.075625 0.095000
0 0.315937 0.192917 0.081875 0.107500
0 0.836562 0.277917 0.049375 0.074167
0 0.898438 0.085833 0.066875 0.103333
0 0.092813 0.925000 0.070625 0.096667
0 0.561250 0.173750 0.082500 0.104167
0 0.297187 0.527083 0.069375 0.090833
0 0.570312 0.781667 0.068125 0.101667
0 0.719688 0.469583 0.068125 0.077500
0 0.149375 0.902917 0.060000 0.080833
0 0.557813 0.889583 0.058125 0.079167
0 0.212188 0.921667 0.061875 0.075000
0 0.107813 0.708750 0.068125 0.097500
0 0.605938 0.257500 0.071875 0.085000
0 0.525625 0.732917 0.062500 0.082500
0 0.859062 0.804583 0.075625 0.102500
0 0.856875 0.422917 0.068750 0.090833
0 0.283750 0.085417 0.065000 0.085833
0 0.129062 0.664167 0.078125 0.095000
0 0.328125 0.173750 0.065000 0.087500
0 0.344062 0.055833 0.065625 0.093333
0 0.148750 0.094583 0.073750 0.090833
0 0.686250 0.548333 0.076250 0.101667
0 0.227500 0.827917 0.077500 0.090833
0 0.096875 0.150000 0.065000 0.100000
0 0.830000 0.713750 0.087500 0.107500
0 0.263437 0.743333 0.066875 0.078333
0 0.726875 0.397083 0.063750 0.092500
0 0.538125 0.068333 0.070000 0.078333
0 0.611875 0.155833 0.052500 0.075000
0 0.842187 0.474167 0.066875 0.090000
0 0.677188 0.228333 0.065625 0.098333
0 0.808750 0.813750 0.083750 0.095833
0 0.916562 0.445417 0.068125 0.097500
0 0.810312 0.125417 0.069375 0.087500
0 0.455625 0.142917 0.070000 0.097500
0 0.513437 0.378750 0.080625 0.080833
0 0.434063 0.472500 0.060625 0.098333
0 0.262188 0.825833 0.073125 0.093333
0 0.408750 0.097917 0.086250 0.089167
0 0.792813 0.158333 0.059375 0.096667
0 0.211250 0.235000 0.053750 0.081667
0 0.143437 0.537500 0.065625 0.080000
0 0.148125 0.446667 0.056250 0.070000
0 0.162500 0.362917 0.062500 0.084167
0 0.130312 0.359583 0.058125 0.090833
0 0.175000 0.291250 0.058750 0.084167
1 0.474375 0.444583 0.096250 0.084167
1 0.114062 0.281667 0.089375 0.150000
1 0.102188 0.465000 0.060625 0.150000
1 0.857187 0.115833 0.066875 0.106667
0 0.947812 0.350000 0.061875 0.080000
0 0.649062 0.159583 0.063125 0.090833
0 0.698750 0.264583 0.076250 0.084167
0 0.504062 0.860000 0.078125 0.080000
0 0.425625 0.882500 0.060000 0.085000
0 0.957187 0.437500 0.069375 0.080000
0 0.848125 0.202500 0.052500 0.080000
0 0.824688 0.199583 0.064375 0.099167
0 0.724688 0.551667 0.069375 0.095000
0 0.899062 0.534167 0.063125 0.098333
