0 0.651250 0.811250 0.057500 0.082500
0 0.670625 0.313333 0.071250 0.093333
0 0.188750 0.721667 0.073750 0.100000
0 0.529687 0.667500 0.058125 0.085000
0 0.223125 0.561250 0.061250 0.082500
0 0.562813 0.393333 0.065625 0.096667
0 0.289687 0.914167 0.060625 0.081667
0 0.508750 0.901667 0.071250 0.091667
0 0.747188 0.372083 0.075625 0.100833
0 0.495625 0.360417 0.076250 0.097500
0 0.316250 0.360000 0.061250 0.090000
0 0.232187 0.125833 0.065625 0.110000
1 0.360625 0.899167 0.082500 0.105000
0 0.423750 0.559167 0.073750 0.093333
0 0.433750 0.934167 0.072500 0.090000
0 0.813750 0.404583 0.065000 0.099167
0 0.553438 0.509167 0.069375 0.100000
0 0.488125 0.596667 0.073750 0.100000
0 0.623125 0.532500 0.067500 0.090000
0 0.204375 0.485417 0.075000 0.082500
0 0.098750 0.120000 0.071250 0.088333
0 0.863750 0.293333 0.075000 0.095000
0 0.492188 0.273333 0.063125 0.080000
0 0.377500 0.812083 0.053750 0.072500
0 0.451250 0.475833 0.068750 0.085000
0 0.943750 0.590417 0.076250 0.087500
0 0.294687 0.220417 0.068125 0.075833
0 0.818750 0.129583 0.062500 0.092500
0 0.144375 0.857917 0.062500 0.087500
0 0.681562 0.579167 0.059375 0.076667
0 0.295938 0.453750 0.059375 0.075833
0 0.733125 0.463333 0.055000 0.081667
1 0.879687 0.729583 0.086875 0.104167
0 0.163750 0.555417 0.062500 0.060833
0 0.197813 0.287500 0.059375 0.073333
1 0.328125 0.527500 0.077500 0.100000
0 0.368750 0.132500 0.068750 0.091667
0 0.589063 0.725417 0.066875 0.082500
0 0.913438 0.889583 0.076875 0.092500
0 0.361563 0.424167 0.066875 0.091667
0 0.254688 0.281667 0.058125 0.083333
0 0.374375 0.726667 0.076250 0.073333
0 0.927500 0.140833 0.060000 0.078333
0 0.883125 0.552917 0.075000 0.095833
0 0.963750 0.065417 0.063750 0.090833
0 0.634687 0.119167 0.061875 0.076667
0 0.773438 0.900000 0.063125 0.063333
0 0.859375 0.952500 0.073750 0.076667
0 0.162812 0.166667 0.079375 0.086667
4 0.185312 0.903750 0.074375 0.109167
0 0.733437 0.235417 0.078125 0.077500
0 0.434063 0.178750 0.061875 0.095833
0 0.495000 0.190833 0.067500 0.080000
0 0.677813 0.423750 0.064375 0.080833
0 0.845000 0.092917 0.066250 0.094167
0 0.474687 0.717500 0.058125 0.070000
6 0.446562 0.072917 0.070625 0.100833
0 0.955625 0.817500 0.061250 0.075000
0 0.908125 0.654167 0.045000 0.096667
0 0.780625 0.195417 0.067500 0.089167
0 0.283438 0.672917 0.058125 0.077500
0 0.672188 0.955417 0.061875 0.085833
0 0.896250 0.045417 0.050000 0.067500
0 0.855625 0.656667 0.052500 0.066667
1 0.925937 0.223750 0.101875 0.102500
0 0.390000 0.069583 0.061250 0.075833
3 0.108750 0.264167 0.086250 0.113333
0 0.494688 0.115000 0.061875 0.076667
0 0.135000 0.770000 0.052500 0.073333
0 0.678125 0.193750 0.063750 0.069167
0 0.713125 0.481250 0.060000 0.079167
0 0.400625 0.427083 0.072500 0.084167
0 0.147187 0.443750 0.055625 0.069167
0 0.334062 0.175000 0.053125 0.073333
0 0.683750 0.707083 0.045000 0.080833
0 0.351250 0.644583 0.061250 0.080833
0 0.213438 0.211667 0.060625 0.075000
0 0.320625 0.802083 0.055000 0.080833
0 0.944688 0.958333 0.064375 0.075000
0 0.915312 0.513750 0.060625 0.087500
0 0.088750 0.221250 0.058750 0.080833
0 0.656875 0.109583 0.050000 0.085833
0 0.050625 0.040000 0.058750 0.080000
1 0.465000 0.793750 0.083750 0.114167
0 0.036250 0.278750 0.061250 0.069167
0 0.178750 0.405000 0.067500 0.061667
0 0.096875 0.913750 0.056250 0.057500
0 0.130625 0.953750 0.051250 0.060833
0 0.602187 0.899583 0.064375 0.060833
