0 0.881563 0.496667 0.059375 0.090000
0 0.729688 0.602917 0.059375 0.090833
0 0.109687 0.139167 0.061875 0.095000
0 0.698438 0.735833 0.058125 0.091667
0 0.346562 0.656667 0.068125 0.100000
0 0.395625 0.925833 0.072500 0.091667
0 0.049688 0.194167 0.063125 0.090000
0 0.590313 0.430417 0.064375 0.095833
0 0.253125 0.308750 0.056250 0.080833
0 0.313750 0.165000 0.066250 0.090000
0 0.410625 0.100000 0.061250 0.078333
0 0.320000 0.929583 0.065000 0.080833
0 0.821250 0.632917 0.075000 0.102500
0 0.143437 0.525833 0.069375 0.081667
0 0.573750 0.631667 0.067500 0.098333
0 0.569063 0.129583 0.063125 0.087500
0 0.505000 0.564167 0.067500 0.085000
0 0.321562 0.430417 0.069375 0.097500
0 0.898125 0.231250 0.068750 0.100833
0 0.534062 0.480417 0.066875 0.080833
0 0.895000 0.400417 0.068750 0.102500
0 0.147187 0.623333 0.069375 0.096667
0 0.255937 0.381667 0.063125 0.081667
0 0.943750 0.637917 0.070000 0.090833
0 0.215625 0.441250 0.060000 0.094167
0 0.487500 0.914583 0.065000 0.094167
0 0.168125 0.830833 0.077500 0.110000
0 0.426875 0.725833 0.063750 0.096667
0 0.495000 0.175000 0.060000 0.095000
0 0.958750 0.217917 0.068750 0.102500
0 0.703125 0.068333 0.070000 0.090000
0 0.880625 0.807917 0.071250 0.102500
0 0.585313 0.725833 0.061875 0.076667
0 0.211250 0.602917 0.066250 0.095833
0 0.803750 0.272917 0.082500 0.104167
0 0.312812 0.852083 0.065625 0.079167
0 0.949063 0.438333 0.069375 0.098333
0 0.545312 0.877500 0.069375 0.090000
0 0.806250 0.099583 0.058750 0.097500
0 0.884062 0.678750 0.070625 0.097500
0 0.455625 0.213750 0.067500 0.092500
0 0.470938 0.362917 0.063125 0.064167
0 0.349062 0.207917 0.064375 0.104167
0 0.398438 0.181667 0.061875 0.085000
0 0.285000 0.781250 0.075000 0.090833
0 0.522813 0.757083 0.068125 0.094167
0 0.536875 0.798333 0.076250 0.093333
0 0.483125 0.781250 0.065000 0.125833
0 0.926250 0.746667 0.065000 0.141667
0 0.265625 0.182917 0.046250 0.135833
