0 0.741250 0.491667 0.060000 0.086667
0 0.922813 0.252083 0.064375 0.080833
0 0.892500 0.506667 0.056250 0.080000
0 0.152812 0.507083 0.059375 0.084167
0 0.255000 0.815833 0.068750 0.088333
0 0.638437 0.928750 0.061875 0.080833
0 0.679375 0.227083 0.063750 0.082500
1 0.728125 0.647917 0.075000 0.110833
0 0.799687 0.734167 0.065625 0.083333
0 0.378125 0.282917 0.067500 0.100833
0 0.830000 0.503333 0.061250 0.088333
0 0.428750 0.483333 0.065000 0.103333
0 0.288125 0.144167 0.052500 0.078333
0 0.810625 0.429583 0.061250 0.087500
0 0.309063 0.933750 0.056875 0.079167
0 0.490625 0.174583 0.068750 0.109167
0 0.221875 0.396667 0.061250 0.095000
0 0.867500 0.769167 0.063750 0.091667
0 0.667188 0.496667 0.069375 0.086667
0 0.817187 0.099167 0.065625 0.091667
0 0.606250 0.848750 0.062500 0.100833
0 0.372812 0.875833 0.065625 0.081667
0 0.245625 0.922917 0.063750 0.082500
0 0.765000 0.280417 0.073750 0.105833
0 0.862500 0.678333 0.055000 0.083333
0 0.219688 0.547083 0.063125 0.089167
0 0.299687 0.061667 0.075625 0.093333
0 0.365625 0.772500 0.055000 0.075000
0 0.088438 0.719583 0.071875 0.094167
0 0.267500 0.332917 0.075000 0.100833
0 0.605625 0.159167 0.077500 0.081667
0 0.369688 0.142917 0.058125 0.089167
0 0.778125 0.810417 0.063750 0.075833
0 0.205000 0.189167 0.060000 0.085000
0 0.105000 0.345833 0.063750 0.106667
0 0.383437 0.415417 0.064375 0.084167
0 0.367812 0.585833 0.073125 0.093333
0 0.884375 0.887500 0.067500 0.088333
0 0.504687 0.926667 0.075625 0.083333
0 0.821250 0.248333 0.070000 0.095000
0 0.212188 0.648333 0.059375 0.088333
0 0.603437 0.233750 0.058125 0.080833
0 0.498125 0.445417 0.075000 0.094167
0 0.320937 0.618750 0.051875 0.095833
0 0.352812 0.696250 0.063125 0.077500
0 0.781563 0.168333 0.069375 0.103333
0 0.300312 0.526250 0.061875 0.077500
0 0.773125 0.865000 0.071250 0.100000
0 0.614062 0.537500 0.059375 0.075000
0 0.648750 0.093750 0.063750 0.104167
0 0.220938 0.097917 0.071875 0.085833
0 0.324688 0.390417 0.063125 0.079167
0 0.407813 0.745000 0.055625 0.083333
0 0.250625 0.472917 0.053750 0.100833
0 0.184688 0.950833 0.083125 0.083333
0 0.611875 0.309583 0.065000 0.092500
0 0.245938 0.245833 0.065625 0.081667
0 0.440937 0.190417 0.066875 0.105833
0 0.271875 0.609167 0.053750 0.096667
0 0.381875 0.227500 0.071250 0.076667
0 0.798125 0.650417 0.057500 0.085833
0 0.653750 0.607083 0.073750 0.087500
1 0.647813 0.688333 0.080625 0.108333
0 0.167187 0.411250 0.060625 0.095833
0 0.051875 0.278333 0.063750 0.093333
0 0.503750 0.532500 0.063750 0.098333
0 0.172187 0.312917 0.064375 0.092500
0 0.113750 0.283333 0.073750 0.110000
0 0.924375 0.650833 0.052500 0.075000
1 0.072500 0.796250 0.078750 0.080833
0 0.971562 0.357500 0.051875 0.083333
0 0.372500 0.513333 0.067500 0.075000
0 0.685000 0.137500 0.061250 0.070000
1 0.146250 0.212500 0.072500 0.100000
0 0.899375 0.936667 0.060000 0.100000
0 0.421250 0.146667 0.056250 0.093333
0 0.385313 0.958750 0.065625 0.079167
0 0.484687 0.515417 0.049375 0.075833
0 0.720313 0.175000 0.061875 0.091667
0 0.650625 0.829583 0.056250 0.064167
0 0.922500 0.607083 0.055000 0.082500
0 0.036250 0.212500 0.061250 0.076667
0 0.975313 0.220833 0.049375 0.083333
