0 0.275313 0.672917 0.049375 0.074167
0 0.919063 0.581667 0.060625 0.083333
0 0.199063 0.445000 0.065625 0.096667
0 0.094375 0.325417 0.073750 0.094167
0 0.335000 0.843750 0.062500 0.075833
0 0.564688 0.802917 0.079375 0.097500
0 0.564375 0.244583 0.063750 0.084167
0 0.119688 0.446250 0.069375 0.084167
0 0.431875 0.331250 0.063750 0.072500
0 0.719688 0.907083 0.071875 0.092500
0 0.846250 0.536250 0.077500 0.090833
0 0.599688 0.354167 0.068125 0.095000
0 0.850000 0.770833 0.070000 0.076667
0 0.069375 0.790417 0.071250 0.087500
0 0.597187 0.721667 0.066875 0.098333
0 0.340625 0.472083 0.073750 0.092500
0 0.950313 0.888750 0.056875 0.077500
0 0.461562 0.535000 0.060625 0.078333
0 0.233437 0.841667 0.071875 0.091667
0 0.162500 0.257083 0.077500 0.099167
0 0.364687 0.349167 0.066875 0.081667
0 0.921562 0.750000 0.070625 0.088333
0 0.762188 0.315000 0.076875 0.086667
0 0.121563 0.728750 0.064375 0.089167
0 0.856563 0.319583 0.061875 0.072500
0 0.448437 0.107500 0.055625 0.086667
0 0.942500 0.165000 0.060000 0.088333
0 0.607812 0.132083 0.059375 0.080833
0 0.635938 0.596667 0.070625 0.101667
0 0.220312 0.343333 0.060625 0.080000
0 0.045937 0.613333 0.064375 0.073333
0 0.368437 0.730000 0.056875 0.078333
2 0.748125 0.228750 0.070000 0.092500
0 0.573438 0.587917 0.063125 0.082500
0 0.400000 0.643333 0.070000 0.090000
0 0.890938 0.460000 0.059375 0.078333
0 0.824063 0.845833 0.061875 0.085000
0 0.269375 0.318750 0.057500 0.074167
0 0.446250 0.195833 0.058750 0.075000
0 0.855000 0.407083 0.067500 0.080833
0 0.365000 0.385000 0.072500 0.093333
0 0.818125 0.705000 0.073750 0.098333
0 0.534062 0.083333 0.053125 0.071667
0 0.681250 0.656667 0.062500 0.093333
0 0.346562 0.563333 0.073125 0.088333
0 0.325937 0.653750 0.056875 0.075833
0 0.508125 0.717917 0.057500 0.072500
0 0.260937 0.108750 0.063125 0.077500
0 0.454375 0.715417 0.050000 0.064167
0 0.197500 0.574583 0.063750 0.074167
0 0.643750 0.460833 0.067500 0.088333
0 0.695625 0.283750 0.057500 0.079167
0 0.353438 0.142083 0.063125 0.087500
0 0.732187 0.825000 0.060625 0.073333
0 0.819063 0.276667 0.045625 0.073333
0 0.523438 0.432083 0.063125 0.085833
0 0.571250 0.949583 0.076250 0.080833
0 0.738750 0.447500 0.070000 0.076667
0 0.148125 0.735000 0.062500 0.100000
0 0.652813 0.900000 0.058125 0.083333
0 0.771250 0.796667 0.060000 0.073333
0 0.475000 0.807917 0.060000 0.067500
0 0.122188 0.897500 0.045625 0.081667
1 0.483750 0.886667 0.095000 0.093333
0 0.218750 0.175417 0.060000 0.104167
0 0.035000 0.182500 0.062500 0.088333
0 0.130938 0.103750 0.069375 0.089167
0 0.460313 0.454167 0.064375 0.080000
0 0.546562 0.504167 0.056875 0.070000
0 0.682500 0.597917 0.068750 0.089167
0 0.384062 0.150000 0.056875 0.078333
0 0.141250 0.576250 0.055000 0.069167
0 0.658125 0.710417 0.057500 0.062500
0 0.419375 0.770000 0.045000 0.090000
0 0.741563 0.558750 0.055625 0.070833
0 0.675625 0.507083 0.062500 0.074167
0 0.409687 0.058750 0.056875 0.064167
0 0.921875 0.339583 0.071250 0.095833
0 0.485625 0.101667 0.051250 0.080000
0 0.961875 0.419167 0.051250 0.068333
0 0.916250 0.952083 0.063750 0.074167
0 0.268125 0.903750 0.052500 0.062500
0 0.670000 0.417917 0.058750 0.077500
0 0.306875 0.722917 0.060000 0.067500
0 0.064375 0.099167 0.053750 0.068333
0 0.242812 0.740833 0.051875 0.066667
0 0.771563 0.624583 0.081875 0.060833
0 0.908750 0.861250 0.058750 0.085833
0 0.031875 0.854583 0.063750 0.077500
0 0.935625 0.369583 0.066250 0.077500
0 0.885000 0.908333 0.053750 0.070000
0 0.318750 0.557083 0.065000 0.067500
0 0.225938 0.242083 0.066875 0.064167
0 0.260625 0.176667 0.048750 0.073333
0 0.310312 0.032083 0.050625 0.064167
0 0.034063 0.046250 0.065625 0.077500
0 0.182812 0.915833 0.048125 0.075000
0 0.781875 0.512083 0.045000 0.079167
0 0.715938 0.487500 0.049375 0.098333
0 0.765625 0.408750 0.063750 0.089167
0 0.733125 0.397500 0.066250 0.085000
0 0.776250 0.730000 0.065000 0.066667
0 0.441250 0.260417 0.050000 0.064167
0 0.280313 0.782917 0.048125 0.059167
0 0.250937 0.451250 0.048125 0.049167
0 0.506250 0.172083 0.043750 0.079167
1 0.111875 0.170833 0.098750 0.100000
1 0.546875 0.375833 0.087500 0.116667
