4 0.240937 0.172917 0.076875 0.105833
4 0.640938 0.484167 0.071875 0.095000
0 0.950000 0.207083 0.067500 0.100833
0 0.839688 0.590417 0.069375 0.097500
0 0.358438 0.084583 0.061875 0.094167
0 0.652813 0.155000 0.079375 0.093333
0 0.591562 0.848333 0.081875 0.091667
0 0.611563 0.743333 0.070625 0.100000
0 0.549375 0.580833 0.073750 0.103333
0 0.487812 0.291667 0.071875 0.096667
0 0.895625 0.422083 0.068750 0.095833
0 0.164375 0.532917 0.060000 0.084167
0 0.102813 0.881667 0.079375 0.106667
0 0.459062 0.920417 0.071875 0.097500
0 0.184375 0.319583 0.067500 0.095833
0 0.234687 0.745833 0.070625 0.095000
0 0.707500 0.606667 0.077500 0.086667
0 0.058750 0.263333 0.076250 0.078333
0 0.665312 0.352500 0.081875 0.090000
0 0.393750 0.715417 0.081250 0.092500
0 0.823125 0.451250 0.060000 0.090833
4 0.695937 0.892083 0.085625 0.104167
0 0.727812 0.501667 0.064375 0.101667
0 0.797188 0.210417 0.070625 0.117500
0 0.785937 0.748333 0.085625 0.093333
0 0.549687 0.059167 0.080625 0.100000
0 0.447500 0.771667 0.081250 0.090000
0 0.488125 0.171667 0.080000 0.096667
0 0.090000 0.335833 0.075000 0.098333
0 0.417500 0.148750 0.075000 0.102500
