0 0.714063 0.153750 0.071875 0.094167
0 0.097500 0.102917 0.070000 0.085833
0 0.062500 0.273333 0.063750 0.098333
0 0.872812 0.294167 0.068125 0.111667
0 0.717187 0.380833 0.069375 0.111667
0 0.766250 0.560000 0.081250 0.101667
0 0.620625 0.680833 0.070000 0.101667
0 0.879375 0.132500 0.071250 0.101667
0 0.335313 0.062083 0.064375 0.082500
0 0.668750 0.439167 0.066250 0.070000
0 0.450000 0.718750 0.046250 0.100833
0 0.778125 0.177917 0.072500 0.097500
0 0.845000 0.176250 0.067500 0.097500
0 0.787813 0.891250 0.064375 0.095833
0 0.111562 0.875000 0.061875 0.110000
0 0.105000 0.502917 0.067500 0.110833
0 0.876250 0.783750 0.070000 0.089167
0 0.201250 0.588750 0.065000 0.102500
0 0.957812 0.763333 0.063125 0.070000
0 0.044375 0.359167 0.081250 0.101667
0 0.191250 0.129167 0.071250 0.080000
0 0.383750 0.867917 0.053750 0.085833
0 0.113437 0.314583 0.066875 0.109167
0 0.693750 0.519583 0.075000 0.109167
0 0.394688 0.564167 0.064375 0.088333
0 0.658438 0.346250 0.085625 0.094167
0 0.392813 0.661667 0.069375 0.105000
0 0.803750 0.757917 0.058750 0.084167
0 0.919687 0.438750 0.074375 0.097500
0 0.060312 0.738750 0.075625 0.100833
0 0.815625 0.255417 0.077500 0.090833
0 0.152188 0.393333 0.090625 0.096667
0 0.633750 0.802083 0.052500 0.099167
0 0.555000 0.778750 0.061250 0.087500
0 0.809375 0.372500 0.081250 0.078333
0 0.231875 0.058333 0.070000 0.096667
0 0.077500 0.645833 0.072500 0.101667
0 0.094062 0.802917 0.081875 0.082500
0 0.708438 0.280833 0.076875 0.098333
0 0.453437 0.151667 0.061875 0.091667
0 0.867188 0.680833 0.060625 0.105000
0 0.156875 0.926667 0.065000 0.093333
0 0.145313 0.738333 0.084375 0.076667
0 0.329375 0.672500 0.050000 0.125000
0 0.229063 0.515833 0.078125 0.098333
0 0.733125 0.783333 0.071250 0.085000
0 0.506250 0.710833 0.062500 0.123333
0 0.799063 0.503750 0.078125 0.100833
0 0.163750 0.805833 0.058750 0.091667
0 0.948438 0.119167 0.063125 0.085000
0 0.176875 0.690417 0.072500 0.085833
0 0.520625 0.532917 0.076250 0.099167
0 0.550937 0.271250 0.073125 0.089167
0 0.918125 0.227500 0.052500 0.140000
0 0.551875 0.347917 0.063750 0.074167
0 0.568125 0.637500 0.071250 0.100000
0 0.323125 0.771667 0.076250 0.091667
0 0.875313 0.613333 0.075625 0.106667
0 0.742500 0.689583 0.070000 0.079167
0 0.321562 0.858333 0.074375 0.115000
0 0.498750 0.605417 0.085000 0.097500
0 0.063750 0.945417 0.067500 0.100833
0 0.258750 0.909167 0.080000 0.070000
0 0.706250 0.934583 0.085000 0.105833
0 0.524375 0.443333 0.071250 0.086667
0 0.169687 0.890417 0.066875 0.092500
0 0.749375 0.042083 0.076250 0.082500
0 0.719375 0.845000 0.103750 0.063333
0 0.934063 0.661667 0.083125 0.090000
0 0.385625 0.732083 0.086250 0.079167
0 0.270000 0.818333 0.066250 0.096667
0 0.285000 0.182083 0.075000 0.100833
0 0.811562 0.642500 0.060625 0.090000
0 0.156562 0.044167 0.066875 0.086667
0 0.737812 0.239583 0.085625 0.084167
0 0.307500 0.936667 0.085000 0.063333
0 0.786563 0.331250 0.084375 0.084167
0 0.244688 0.697083 0.064375 0.100833
0 0.348125 0.150833 0.070000 0.091667
0 0.634375 0.292500 0.087500 0.091667
0 0.838125 0.049583 0.096250 0.089167
0 0.224375 0.221250 0.075000 0.122500
0 0.437188 0.097083 0.071875 0.090833
0 0.553125 0.956250 0.070000 0.085833
0 0.956250 0.600833 0.076250 0.090000
0 0.945937 0.070417 0.103125 0.080833
0 0.430625 0.847500 0.058750 0.098333
0 0.285000 0.676667 0.057500 0.118333
0 0.469062 0.933750 0.086875 0.072500
0 0.652813 0.765000 0.056875 0.078333
0 0.538438 0.707917 0.063125 0.100833
0 0.578438 0.594167 0.076875 0.088333
0 0.594063 0.564583 0.085625 0.130833
0 0.400938 0.798333 0.073125 0.091667
0 0.581875 0.776250 0.058750 0.112500
0 0.807187 0.705833 0.080625 0.096667
0 0.737187 0.749583 0.076875 0.085833
0 0.947187 0.704167 0.100625 0.093333
