0 0.448750 0.595000 0.077500 0.090000
0 0.210000 0.500417 0.070000 0.092500
0 0.576250 0.192500 0.061250 0.090000
0 0.634375 0.087500 0.070000 0.095000
0 0.774687 0.347917 0.073125 0.082500
0 0.649687 0.195833 0.066875 0.093333
0 0.946875 0.292083 0.065000 0.092500
0 0.608125 0.282917 0.057500 0.085833
0 0.237813 0.865000 0.063125 0.096667
0 0.300312 0.738333 0.065625 0.093333
0 0.164375 0.281250 0.067500 0.112500
0 0.285000 0.480417 0.067500 0.090833
0 0.876875 0.329583 0.062500 0.069167
0 0.062500 0.404167 0.067500 0.083333
0 0.519375 0.421667 0.053750 0.078333
0 0.115312 0.572917 0.060625 0.074167
0 0.659375 0.365833 0.055000 0.086667
0 0.506250 0.130417 0.066250 0.082500
0 0.685625 0.815833 0.063750 0.078333
0 0.326875 0.659167 0.066250 0.093333
0 0.863437 0.858333 0.081875 0.081667
0 0.468125 0.369167 0.057500 0.080000
0 0.828750 0.564583 0.056250 0.097500
0 0.084375 0.307083 0.066250 0.079167
0 0.090625 0.665417 0.055000 0.079167
0 0.158125 0.218333 0.070000 0.078333
0 0.936250 0.635833 0.062500 0.078333
0 0.060937 0.763333 0.068125 0.088333
0 0.557500 0.335833 0.068750 0.095000
0 0.522500 0.595000 0.056250 0.083333
0 0.593125 0.474167 0.048750 0.068333
0 0.720313 0.120000 0.060625 0.110000
0 0.559688 0.498333 0.066875 0.100000
0 0.907188 0.451667 0.059375 0.091667
0 0.155625 0.118333 0.060000 0.076667
0 0.345938 0.937083 0.076875 0.097500
0 0.187188 0.775417 0.059375 0.095833
0 0.566250 0.288750 0.058750 0.079167
0 0.701875 0.493750 0.066250 0.092500
0 0.715625 0.430833 0.081250 0.085000
0 0.069062 0.938333 0.063125 0.083333
0 0.745625 0.205833 0.060000 0.091667
0 0.899687 0.221250 0.068125 0.082500
0 0.730313 0.271250 0.063125 0.077500
0 0.722500 0.637917 0.065000 0.082500
0 0.470625 0.685833 0.071250 0.091667
0 0.157500 0.929583 0.065000 0.087500
0 0.281562 0.367083 0.059375 0.084167
0 0.771875 0.430000 0.067500 0.091667
0 0.044062 0.525417 0.065625 0.090833
0 0.899687 0.956667 0.059375 0.083333
0 0.421875 0.736250 0.057500 0.079167
0 0.315625 0.187083 0.056250 0.074167
0 0.610938 0.838333 0.069375 0.090000
0 0.786250 0.857083 0.065000 0.072500
0 0.057813 0.104167 0.081875 0.103333
0 0.399375 0.683750 0.055000 0.079167
0 0.150000 0.443333 0.066250 0.085000
0 0.858437 0.220833 0.058125 0.100000
0 0.350313 0.390417 0.064375 0.090833
0 0.229375 0.648333 0.068750 0.098333
0 0.828750 0.290000 0.056250 0.085000
0 0.931875 0.205000 0.065000 0.086667
0 0.138437 0.696667 0.061875 0.095000
0 0.104375 0.200000 0.063750 0.086667
0 0.490312 0.877500 0.054375 0.081667
0 0.563438 0.063750 0.055625 0.094167
0 0.840313 0.413750 0.046875 0.082500
0 0.825937 0.760417 0.063125 0.075833
0 0.824063 0.238750 0.066875 0.104167
0 0.616875 0.637500 0.067500 0.075000
0 0.746563 0.057500 0.059375 0.085000
0 0.912188 0.517083 0.066875 0.077500
0 0.811875 0.624583 0.058750 0.075833
0 0.240000 0.320833 0.078750 0.075000
0 0.224375 0.080000 0.060000 0.083333
0 0.400938 0.041667 0.073125 0.083333
0 0.266875 0.255833 0.048750 0.083333
0 0.205625 0.197500 0.066250 0.068333
0 0.437188 0.262083 0.061875 0.089167
0 0.547188 0.956250 0.055625 0.082500
0 0.950000 0.384583 0.060000 0.079167
0 0.465313 0.813750 0.061875 0.087500
0 0.573750 0.730833 0.058750 0.071667
0 0.528125 0.226250 0.065000 0.057500
0 0.630000 0.711667 0.051250 0.090000
0 0.462187 0.150000 0.061875 0.073333
0 0.331250 0.838750 0.052500 0.080833
0 0.070312 0.807917 0.060625 0.085833
0 0.658438 0.681250 0.059375 0.080833
0 0.773438 0.556667 0.044375 0.090000
0 0.820312 0.493750 0.059375 0.069167
0 0.524375 0.897083 0.057500 0.085833
0 0.132812 0.477083 0.063125 0.089167
0 0.245312 0.704167 0.053125 0.068333
0 0.503125 0.499167 0.068750 0.075000
0 0.490000 0.277500 0.077500 0.100000
0 0.365000 0.585833 0.052500 0.078333
0 0.220625 0.753333 0.071250 0.098333
0 0.483125 0.720000 0.060000 0.080000
0 0.294375 0.705833 0.066250 0.081667
0 0.336562 0.260833 0.069375 0.076667
0 0.946875 0.122500 0.065000 0.078333
0 0.936562 0.821667 0.069375 0.085000
0 0.545000 0.823750 0.047500 0.097500
0 0.403438 0.143333 0.060625 0.075000
0 0.381250 0.299167 0.057500 0.080000
4 0.537813 0.652083 0.064375 0.112500
0 0.152812 0.652500 0.059375 0.081667
0 0.785312 0.689583 0.066875 0.082500
0 0.233750 0.927917 0.082500 0.077500
0 0.566875 0.777500 0.067500 0.098333
0 0.493437 0.065000 0.060625 0.060000
0 0.950313 0.675417 0.061875 0.089167
0 0.296563 0.045417 0.061875 0.075833
0 0.665000 0.945833 0.056250 0.066667
0 0.163125 0.841250 0.053750 0.067500
0 0.368437 0.433333 0.056875 0.078333
0 0.106250 0.323750 0.061250 0.075833
0 0.085000 0.213333 0.061250 0.076667
0 0.140000 0.109583 0.057500 0.089167
0 0.305000 0.163333 0.047500 0.080000
0 0.246562 0.090417 0.055625 0.077500
0 0.485000 0.351250 0.050000 0.082500
0 0.501250 0.255417 0.057500 0.072500
0 0.468438 0.276250 0.056875 0.069167
0 0.403438 0.331250 0.058125 0.072500
0 0.494063 0.469583 0.063125 0.082500
0 0.470625 0.514167 0.063750 0.068333
0 0.337813 0.555417 0.058125 0.077500
0 0.312188 0.522917 0.061875 0.092500
0 0.232813 0.391250 0.048125 0.070833
0 0.047813 0.423750 0.053125 0.067500
0 0.712812 0.290417 0.056875 0.065833
0 0.625000 0.302917 0.047500 0.079167
0 0.600000 0.072083 0.068750 0.087500
0 0.913750 0.104583 0.061250 0.095833
0 0.726562 0.060833 0.058125 0.083333
0 0.185312 0.103750 0.055625 0.070833
0 0.238750 0.187500 0.062500 0.070000
0 0.321250 0.064583 0.051250 0.069167
0 0.287187 0.276250 0.065625 0.069167
0 0.377188 0.172500 0.051875 0.108333
0 0.355000 0.219167 0.052500 0.080000
0 0.575625 0.092083 0.053750 0.062500
0 0.895000 0.410417 0.050000 0.082500
0 0.870625 0.400000 0.067500 0.073333
0 0.790312 0.394583 0.065625 0.075833
0 0.842812 0.467500 0.056875 0.078333
0 0.966562 0.557083 0.064375 0.070833
0 0.896250 0.560417 0.052500 0.072500
0 0.911563 0.551667 0.054375 0.078333
0 0.833750 0.722917 0.061250 0.077500
0 0.791250 0.887500 0.051250 0.076667
0 0.946250 0.952500 0.061250 0.088333
0 0.913125 0.812083 0.060000 0.062500
0 0.823750 0.887917 0.058750 0.075833
0 0.811250 0.938750 0.060000 0.087500
0 0.875000 0.657917 0.058750 0.089167
0 0.955000 0.713750 0.063750 0.074167
0 0.905000 0.700000 0.058750 0.081667
0 0.838437 0.646667 0.056875 0.063333
0 0.640000 0.561250 0.085000 0.070833
0 0.674063 0.585000 0.043125 0.083333
0 0.759375 0.635833 0.061250 0.065000
0 0.708438 0.692500 0.054375 0.085000
0 0.594063 0.883750 0.056875 0.072500
0 0.590000 0.607083 0.062500 0.085833
0 0.617188 0.483750 0.045625 0.075833
0 0.618437 0.448750 0.056875 0.077500
0 0.706250 0.947083 0.058750 0.099167
0 0.661875 0.903333 0.050000 0.080000
0 0.188438 0.945833 0.056875 0.058333
0 0.345313 0.815833 0.055625 0.081667
0 0.507188 0.745417 0.054375 0.062500
0 0.420000 0.831667 0.062500 0.081667
0 0.406562 0.863750 0.064375 0.094167
0 0.183438 0.587083 0.058125 0.072500
0 0.382812 0.962917 0.063125 0.065833
0 0.426875 0.955417 0.060000 0.082500
0 0.164375 0.553333 0.057500 0.085000
0 0.111562 0.471667 0.054375 0.081667
0 0.064375 0.907500 0.046250 0.078333
0 0.080000 0.849583 0.051250 0.084167
0 0.255000 0.609167 0.065000 0.080000
0 0.286250 0.589167 0.058750 0.093333
0 0.367188 0.482917 0.054375 0.070833
0 0.436563 0.150833 0.073125 0.080000
0 0.072813 0.672500 0.051875 0.068333
0 0.496875 0.839167 0.060000 0.063333
0 0.613437 0.722500 0.058125 0.066667
0 0.348438 0.271250 0.054375 0.089167
0 0.159062 0.613333 0.064375 0.091667
0 0.453125 0.172917 0.040000 0.072500
0 0.360938 0.463750 0.053125 0.085833
