0 0.070625 0.497500 0.086250 0.096667
0 0.835938 0.895417 0.076875 0.100833
0 0.813125 0.360833 0.078750 0.098333
0 0.385313 0.319583 0.074375 0.107500
0 0.315312 0.562917 0.069375 0.090833
0 0.516250 0.428750 0.071250 0.104167
6 0.159688 0.465417 0.088125 0.119167
0 0.660000 0.451667 0.078750 0.098333
0 0.294687 0.404167 0.085625 0.111667
0 0.633437 0.570417 0.084375 0.094167
0 0.215625 0.084167 0.080000 0.113333
0 0.450625 0.386667 0.085000 0.121667
0 0.487812 0.567500 0.093125 0.098333
0 0.422187 0.647917 0.084375 0.109167
0 0.915000 0.297083 0.082500 0.115833
0 0.420000 0.487083 0.078750 0.107500
0 0.487500 0.142917 0.085000 0.104167
0 0.445625 0.934583 0.081250 0.117500
0 0.942500 0.801667 0.083750 0.100000
0 0.606563 0.497500 0.094375 0.093333
0 0.121563 0.566250 0.085625 0.112500
0 0.492188 0.651667 0.068125 0.090000
0 0.591250 0.411667 0.068750 0.091667
0 0.943750 0.449583 0.090000 0.092500
0 0.449375 0.730833 0.075000 0.095000
0 0.175313 0.200417 0.078125 0.112500
0 0.655937 0.352083 0.073125 0.112500
0 0.760000 0.795000 0.078750 0.110000
0 0.811562 0.070417 0.089375 0.104167
0 0.223125 0.818750 0.080000 0.109167
0 0.794375 0.950417 0.077500 0.099167
0 0.157812 0.810833 0.069375 0.140000
0 0.818438 0.752917 0.091875 0.149167
0 0.650000 0.138333 0.105000 0.111667
0 0.152500 0.907917 0.090000 0.119167
