0 0.851250 0.744167 0.057500 0.081667
0 0.382188 0.708750 0.065625 0.085833
4 0.757188 0.172917 0.078125 0.104167
0 0.592187 0.758750 0.064375 0.084167
4 0.257188 0.240833 0.079375 0.100000
0 0.477500 0.725000 0.075000 0.098333
0 0.501875 0.347083 0.078750 0.109167
0 0.635312 0.628750 0.070625 0.079167
0 0.352500 0.219167 0.073750 0.086667
0 0.116562 0.843750 0.069375 0.097500
0 0.860313 0.537500 0.071875 0.086667
0 0.460938 0.113333 0.065625 0.088333
0 0.783125 0.529167 0.061250 0.088333
0 0.232500 0.120000 0.055000 0.081667
0 0.817500 0.935417 0.080000 0.099167
0 0.886250 0.312083 0.063750 0.090833
0 0.730000 0.648750 0.060000 0.084167
0 0.376875 0.442500 0.068750 0.103333
0 0.095937 0.367500 0.065625 0.095000
0 0.876875 0.402083 0.065000 0.085833
0 0.845313 0.230000 0.070625 0.091667
0 0.100625 0.706667 0.067500 0.098333
0 0.680312 0.224167 0.069375 0.088333
0 0.907500 0.191250 0.058750 0.095833
0 0.941875 0.268750 0.071250 0.077500
0 0.657813 0.742917 0.061875 0.085833
0 0.132500 0.602083 0.066250 0.099167
0 0.798125 0.431667 0.072500 0.083333
0 0.404375 0.615833 0.066250 0.095000
0 0.165000 0.375417 0.065000 0.085833
0 0.160625 0.062917 0.070000 0.092500
0 0.903438 0.050000 0.064375 0.086667
0 0.954688 0.059583 0.056875 0.085833
0 0.090000 0.162083 0.092500 0.090833
0 0.219062 0.658750 0.070625 0.110833
0 0.814063 0.366667 0.068125 0.091667
0 0.213750 0.315833 0.063750 0.108333
0 0.725625 0.742500 0.072500 0.086667
0 0.967500 0.370417 0.062500 0.095833
0 0.734062 0.772500 0.065625 0.103333
0 0.034375 0.770417 0.067500 0.102500
0 0.031563 0.346667 0.061875 0.106667
