0 0.137187 0.253333 0.071875 0.076667
0 0.569375 0.242917 0.070000 0.077500
0 0.878437 0.913750 0.069375 0.079167
0 0.474062 0.610417 0.068125 0.084167
0 0.493750 0.130000 0.062500 0.088333
0 0.918125 0.342500 0.063750 0.078333
0 0.203125 0.594583 0.068750 0.094167
0 0.774062 0.828750 0.069375 0.092500
0 0.702187 0.377083 0.073125 0.089167
0 0.903125 0.803750 0.072500 0.102500
0 0.054688 0.134583 0.063125 0.095833
0 0.187188 0.865833 0.065625 0.091667
0 0.915625 0.419583 0.046250 0.080833
0 0.466875 0.413333 0.060000 0.096667
0 0.637188 0.593750 0.071875 0.089167
0 0.327500 0.909583 0.058750 0.087500
0 0.829375 0.761250 0.071250 0.087500
0 0.667188 0.458750 0.070625 0.089167
0 0.114062 0.176250 0.068125 0.090833
0 0.666562 0.714167 0.075625 0.076667
0 0.148750 0.809583 0.066250 0.087500
0 0.643750 0.810833 0.072500 0.101667
0 0.827187 0.846250 0.068125 0.074167
0 0.263125 0.237500 0.096250 0.096667
0 0.065937 0.225417 0.079375 0.100833
0 0.058125 0.829167 0.070000 0.093333
0 0.274062 0.392500 0.074375 0.100000
0 0.800937 0.531250 0.069375 0.114167
0 0.137187 0.095833 0.070625 0.096667
0 0.172187 0.367500 0.088125 0.101667
3 0.394375 0.429167 0.086250 0.113333
0 0.556562 0.478750 0.075625 0.100833
