0 0.756875 0.436667 0.081250 0.090000
0 0.538438 0.926250 0.079375 0.102500
0 0.351875 0.197500 0.073750 0.100000
0 0.837500 0.922083 0.078750 0.102500
0 0.067812 0.466667 0.076875 0.110000
0 0.680625 0.263750 0.073750 0.095833
0 0.571875 0.772917 0.073750 0.105833
0 0.733125 0.714583 0.073750 0.099167
0 0.766875 0.524583 0.076250 0.087500
0 0.885312 0.721667 0.070625 0.098333
0 0.167813 0.150000 0.073125 0.100000
0 0.164687 0.357917 0.079375 0.114167
0 0.813438 0.707917 0.070625 0.109167
0 0.339375 0.857083 0.076250 0.109167
0 0.582812 0.388750 0.070625 0.100833
0 0.640312 0.823750 0.071875 0.105833
0 0.700937 0.490417 0.065625 0.075833
0 0.891250 0.224583 0.072500 0.105833
0 0.523750 0.102083 0.066250 0.085833
0 0.929063 0.657083 0.081875 0.095833
0 0.214688 0.278750 0.074375 0.100833
0 0.950937 0.496250 0.066875 0.090833
0 0.585313 0.078333 0.066875 0.093333
0 0.454375 0.241250 0.071250 0.094167
0 0.660625 0.052500 0.088750 0.105000
0 0.640312 0.327917 0.075625 0.112500
0 0.519375 0.638333 0.071250 0.120000
0 0.393750 0.838333 0.066250 0.113333
0 0.741250 0.115417 0.077500 0.102500
0 0.711562 0.609583 0.085625 0.094167
0 0.229063 0.454167 0.070625 0.100000
0 0.477187 0.577500 0.064375 0.106667
0 0.650000 0.170417 0.082500 0.102500
0 0.592500 0.496667 0.061250 0.116667
2 0.535937 0.501250 0.066875 0.145833
