0 0.126250 0.924167 0.073750 0.090000
0 0.571562 0.195417 0.085625 0.109167
0 0.466250 0.183333 0.075000 0.106667
0 0.902813 0.249167 0.075625 0.100000
0 0.675000 0.088333 0.076250 0.091667
0 0.197813 0.470417 0.064375 0.090833
0 0.270313 0.822083 0.084375 0.102500
0 0.701562 0.530833 0.061875 0.086667
0 0.866875 0.141250 0.076250 0.104167
0 0.490312 0.785417 0.073125 0.109167
0 0.861250 0.411667 0.073750 0.091667
0 0.428750 0.708333 0.080000 0.085000
0 0.942187 0.658333 0.081875 0.106667
0 0.710313 0.212083 0.069375 0.102500
0 0.439063 0.602083 0.058125 0.095833
0 0.207500 0.780000 0.070000 0.090000
0 0.149688 0.045417 0.069375 0.085833
0 0.962500 0.204167 0.073750 0.101667
0 0.523438 0.575417 0.073125 0.110833
0 0.751250 0.586250 0.072500 0.100833
0 0.360625 0.481667 0.072500 0.108333
0 0.801250 0.533333 0.080000 0.103333
0 0.275000 0.907500 0.072500 0.103333
0 0.349062 0.080000 0.083125 0.100000
0 0.882812 0.338333 0.061875 0.083333
0 0.767188 0.167917 0.070625 0.080833
1 0.347500 0.235833 0.088750 0.101667
0 0.161562 0.841250 0.053125 0.070833
3 0.421875 0.515417 0.063750 0.092500
0 0.211875 0.162083 0.088750 0.094167
0 0.423750 0.310417 0.077500 0.107500
0 0.315000 0.498750 0.080000 0.099167
0 0.811250 0.100833 0.071250 0.105000
0 0.277813 0.053750 0.069375 0.100833
0 0.048438 0.067917 0.069375 0.095833
0 0.765938 0.489583 0.071875 0.109167
0 0.887500 0.502500 0.083750 0.101667
0 0.401875 0.208333 0.063750 0.085000
0 0.075938 0.362083 0.124375 0.075833
