0 0.903750 0.157500 0.075000 0.085000
0 0.746875 0.292500 0.073750 0.090000
0 0.213125 0.191667 0.065000 0.088333
0 0.835625 0.928750 0.066250 0.092500
0 0.749375 0.878333 0.060000 0.081667
0 0.556250 0.922917 0.067500 0.100833
0 0.584688 0.272500 0.063125 0.085000
0 0.512188 0.854583 0.065625 0.090833
0 0.407813 0.173333 0.068125 0.075000
0 0.750625 0.677083 0.065000 0.095833
0 0.427812 0.576667 0.060625 0.081667
0 0.496250 0.611250 0.065000 0.082500
0 0.704063 0.522500 0.061875 0.088333
0 0.896250 0.073750 0.068750 0.094167
0 0.060000 0.434583 0.070000 0.097500
0 0.252500 0.756250 0.072500 0.099167
0 0.096875 0.615417 0.073750 0.099167
0 0.272188 0.507500 0.060625 0.083333
0 0.296875 0.277083 0.065000 0.092500
0 0.226875 0.911667 0.065000 0.096667
0 0.630000 0.375000 0.071250 0.085000
0 0.168750 0.679583 0.070000 0.099167
0 0.227500 0.295417 0.051250 0.097500
0 0.480938 0.767500 0.063125 0.083333
0 0.287500 0.088750 0.062500 0.085833
0 0.864062 0.228333 0.065625 0.093333
0 0.411875 0.485417 0.065000 0.097500
0 0.043750 0.691667 0.062500 0.098333
0 0.043437 0.075000 0.065625 0.095000
0 0.151562 0.242083 0.066875 0.094167
0 0.161562 0.847083 0.063125 0.094167
0 0.410625 0.669167 0.062500 0.093333
0 0.076563 0.885000 0.065625 0.096667
0 0.602812 0.602917 0.061875 0.097500
0 0.909375 0.453750 0.065000 0.090833
0 0.797813 0.558750 0.066875 0.087500
0 0.849063 0.824167 0.070625 0.091667
0 0.906563 0.297083 0.061875 0.084167
0 0.168750 0.487500 0.072500 0.088333
0 0.510938 0.687500 0.070625 0.076667
0 0.468438 0.936667 0.071875 0.090000
0 0.748750 0.428333 0.073750 0.076667
0 0.482187 0.480833 0.060625 0.070000
0 0.571562 0.114583 0.058125 0.084167
0 0.382188 0.268750 0.069375 0.087500
0 0.681562 0.726250 0.063125 0.087500
0 0.228437 0.607083 0.064375 0.087500
0 0.202187 0.571667 0.066875 0.096667
0 0.780312 0.794167 0.064375 0.086667
0 0.340313 0.442083 0.063125 0.095833
0 0.370312 0.622917 0.063125 0.085833
0 0.504062 0.098750 0.061875 0.090833
0 0.271875 0.158333 0.063750 0.083333
0 0.628750 0.507917 0.067500 0.090833
0 0.188750 0.347500 0.065000 0.101667
0 0.627500 0.698333 0.060000 0.088333
0 0.465938 0.355000 0.056875 0.086667
0 0.104063 0.350000 0.064375 0.088333
0 0.789687 0.215417 0.071875 0.104167
0 0.071875 0.144167 0.075000 0.093333
0 0.426875 0.075833 0.073750 0.086667
0 0.866875 0.654167 0.063750 0.081667
0 0.106875 0.199167 0.058750 0.085000
0 0.542188 0.369583 0.070625 0.075833
0 0.412187 0.353750 0.063125 0.085833
0 0.419375 0.915833 0.068750 0.098333
0 0.778125 0.067500 0.077500 0.081667
0 0.564063 0.786250 0.071875 0.074167
0 0.337500 0.561250 0.058750 0.077500
0 0.503437 0.400833 0.058125 0.070000
0 0.310937 0.397083 0.061875 0.085833
0 0.287813 0.651667 0.069375 0.090000
0 0.810937 0.266667 0.061875 0.108333
0 0.633750 0.817083 0.073750 0.077500
0 0.671250 0.208750 0.057500 0.082500
0 0.628125 0.889583 0.070000 0.080833
0 0.803125 0.742917 0.062500 0.100833
0 0.083750 0.293333 0.062500 0.061667
1 0.568438 0.721250 0.056875 0.074167
0 0.055938 0.338333 0.063125 0.063333
0 0.790937 0.104583 0.046875 0.087500
0 0.933125 0.314583 0.060000 0.075833
0 0.670312 0.266667 0.054375 0.098333
0 0.485625 0.520417 0.068750 0.072500
0 0.626563 0.752500 0.053125 0.080000
0 0.889375 0.682500 0.063750 0.093333
0 0.761563 0.465000 0.054375 0.080000
0 0.893125 0.960000 0.060000 0.080000
0 0.654375 0.906667 0.077500 0.068333
0 0.967812 0.096250 0.061875 0.070833
