0 0.698750 0.348750 0.063750 0.085833
0 0.905937 0.264583 0.063125 0.094167
0 0.897500 0.146667 0.068750 0.088333
0 0.713750 0.230000 0.078750 0.100000
0 0.754062 0.150833 0.073125 0.100000
0 0.763125 0.828333 0.073750 0.090000
0 0.056563 0.722917 0.069375 0.089167
0 0.507188 0.292083 0.073125 0.087500
0 0.076563 0.514167 0.078125 0.106667
0 0.772813 0.894167 0.076875 0.093333
0 0.802500 0.270000 0.072500 0.121667
0 0.155938 0.244167 0.079375 0.108333
0 0.403750 0.787083 0.067500 0.084167
0 0.240625 0.690833 0.066250 0.105000
0 0.915000 0.411250 0.076250 0.097500
0 0.653750 0.172083 0.073750 0.102500
0 0.255625 0.376667 0.072500 0.100000
0 0.628125 0.843750 0.075000 0.107500
0 0.731250 0.742083 0.072500 0.099167
0 0.791875 0.380000 0.062500 0.096667
0 0.908750 0.877083 0.073750 0.130833
0 0.818125 0.210417 0.070000 0.087500
0 0.820312 0.120833 0.081875 0.103333
0 0.421563 0.355833 0.074375 0.105000
0 0.407500 0.382083 0.068750 0.092500
0 0.866563 0.821667 0.079375 0.095000
0 0.090625 0.361250 0.062500 0.092500
0 0.664687 0.095833 0.063125 0.075000
0 0.284062 0.616667 0.074375 0.105000
0 0.113750 0.870833 0.071250 0.083333
0 0.287813 0.113750 0.064375 0.104167
0 0.347187 0.422917 0.061875 0.079167
1 0.180000 0.381250 0.125000 0.079167
1 0.366875 0.630417 0.113750 0.120833
1 0.895938 0.496667 0.080625 0.098333
1 0.566562 0.847083 0.079375 0.095833
0 0.032813 0.236250 0.059375 0.094167
0 0.860625 0.101250 0.066250 0.089167
0 0.799687 0.405417 0.069375 0.092500
0 0.856875 0.429583 0.051250 0.074167
0 0.875313 0.587500 0.069375 0.086667
0 0.860313 0.550417 0.069375 0.077500
0 0.678438 0.785417 0.065625 0.094167
0 0.586250 0.682917 0.065000 0.092500
0 0.617500 0.769583 0.065000 0.089167
0 0.158750 0.807500 0.085000 0.073333
0 0.131875 0.764583 0.076250 0.105833
0 0.073750 0.445000 0.062500 0.096667
0 0.815937 0.769583 0.076875 0.074167
0 0.813750 0.721667 0.066250 0.086667
0 0.325625 0.395833 0.065000 0.081667
