0 0.764062 0.451667 0.065625 0.083333
0 0.718125 0.692500 0.062500 0.083333
0 0.914687 0.783750 0.066875 0.099167
0 0.123438 0.393333 0.065625 0.100000
0 0.233750 0.474167 0.065000 0.091667
0 0.483125 0.931667 0.068750 0.088333
0 0.328437 0.871250 0.059375 0.085833
0 0.944688 0.610417 0.066875 0.092500
0 0.579375 0.717917 0.066250 0.085833
0 0.635000 0.490833 0.063750 0.080000
0 0.674687 0.843750 0.080625 0.090833
0 0.533750 0.310000 0.066250 0.085000
0 0.688750 0.565833 0.065000 0.088333
0 0.432812 0.331250 0.060625 0.084167
0 0.499063 0.392083 0.064375 0.092500
0 0.399062 0.658333 0.064375 0.078333
0 0.456562 0.831250 0.070625 0.089167
0 0.371563 0.085833 0.071875 0.091667
0 0.362187 0.361667 0.063125 0.081667
0 0.106250 0.492917 0.067500 0.079167
0 0.853750 0.693750 0.061250 0.087500
0 0.115312 0.157500 0.060625 0.083333
0 0.212812 0.263750 0.068125 0.079167
0 0.483750 0.198333 0.070000 0.086667
0 0.141250 0.793750 0.066250 0.097500
0 0.767500 0.622083 0.065000 0.087500
0 0.656250 0.752083 0.067500 0.082500
0 0.619375 0.190833 0.063750 0.090000
0 0.390000 0.920000 0.065000 0.088333
0 0.645000 0.656250 0.062500 0.090833
0 0.801250 0.116250 0.065000 0.094167
0 0.888437 0.902083 0.060625 0.087500
0 0.783750 0.822083 0.065000 0.085833
0 0.898125 0.221667 0.070000 0.096667
0 0.283750 0.100000 0.062500 0.088333
0 0.851875 0.174167 0.076250 0.098333
0 0.424375 0.426250 0.058750 0.084167
0 0.834688 0.854167 0.065625 0.076667
0 0.569063 0.427917 0.068125 0.082500
0 0.865938 0.314167 0.065625 0.083333
0 0.733437 0.076250 0.064375 0.089167
0 0.550312 0.131667 0.069375 0.098333
0 0.272813 0.327083 0.061875 0.080833
0 0.289375 0.406667 0.062500 0.090000
0 0.916875 0.108750 0.072500 0.095833
0 0.888750 0.447083 0.071250 0.082500
0 0.347813 0.529167 0.066875 0.095000
0 0.191875 0.341667 0.067500 0.071667
0 0.543750 0.878750 0.058750 0.084167
0 0.354063 0.615000 0.080625 0.086667
0 0.545937 0.521667 0.059375 0.085000
0 0.131250 0.643750 0.062500 0.092500
0 0.131250 0.245833 0.065000 0.083333
0 0.475625 0.475833 0.061250 0.076667
0 0.041563 0.672500 0.063125 0.083333
0 0.613437 0.316250 0.069375 0.097500
0 0.188750 0.569167 0.068750 0.098333
0 0.743125 0.173750 0.062500 0.080833
0 0.401562 0.783750 0.071875 0.077500
0 0.048750 0.428750 0.067500 0.095833
0 0.267500 0.215000 0.065000 0.083333
0 0.783438 0.321250 0.064375 0.074167
0 0.116562 0.916667 0.065625 0.086667
0 0.442500 0.551667 0.065000 0.088333
0 0.775937 0.222083 0.065625 0.080833
0 0.285938 0.607083 0.049375 0.114167
0 0.353125 0.438750 0.062500 0.077500
0 0.505625 0.047083 0.071250 0.087500
0 0.309375 0.716667 0.055000 0.086667
0 0.825000 0.524583 0.063750 0.074167
0 0.959063 0.862500 0.066875 0.090000
0 0.668750 0.121250 0.067500 0.085833
0 0.634687 0.374583 0.058125 0.085833
0 0.099375 0.746250 0.075000 0.094167
0 0.675000 0.230417 0.061250 0.080833
0 0.458125 0.140417 0.068750 0.107500
0 0.812500 0.702500 0.060000 0.073333
0 0.340625 0.222500 0.063750 0.101667
0 0.071563 0.327917 0.068125 0.077500
0 0.693125 0.421667 0.060000 0.095000
0 0.056563 0.577500 0.061875 0.078333
0 0.565312 0.221250 0.065625 0.084167
0 0.969063 0.699167 0.060625 0.098333
0 0.081875 0.887500 0.082500 0.090000
0 0.229375 0.634167 0.060000 0.076667
0 0.092500 0.043750 0.066250 0.087500
0 0.235000 0.759583 0.058750 0.092500
0 0.700625 0.375000 0.053750 0.080000
0 0.357187 0.274167 0.073125 0.080000
0 0.848437 0.766667 0.066875 0.093333
0 0.935625 0.957500 0.060000 0.083333
0 0.410313 0.204583 0.066875 0.090833
0 0.488750 0.663333 0.055000 0.085000
0 0.892188 0.052083 0.060625 0.090833
0 0.484687 0.717500 0.071875 0.101667
0 0.744375 0.907500 0.062500 0.078333
0 0.209375 0.714583 0.071250 0.082500
0 0.223750 0.043333 0.063750 0.086667
1 0.244375 0.707083 0.062500 0.072500
0 0.055625 0.280000 0.057500 0.061667
0 0.877812 0.342083 0.053125 0.074167
0 0.795625 0.356250 0.062500 0.080833
0 0.691562 0.266667 0.068125 0.080000
0 0.803750 0.542917 0.067500 0.080833
0 0.573750 0.542083 0.058750 0.077500
0 0.550625 0.843750 0.067500 0.072500
0 0.419687 0.683333 0.048125 0.065000
0 0.203125 0.375000 0.051250 0.068333
0 0.772813 0.929583 0.059375 0.090833
0 0.087188 0.588333 0.065625 0.076667
