0 0.721562 0.890417 0.058125 0.080833
0 0.233125 0.241250 0.063750 0.084167
0 0.285000 0.069583 0.072500 0.095833
0 0.908125 0.657500 0.073750 0.086667
0 0.089688 0.832083 0.060625 0.092500
0 0.751250 0.617083 0.065000 0.095833
0 0.104688 0.142083 0.071875 0.107500
0 0.543438 0.739167 0.065625 0.106667
0 0.173437 0.375833 0.064375 0.083333
0 0.846562 0.829583 0.076875 0.100833
0 0.377188 0.800417 0.073125 0.092500
0 0.599375 0.316250 0.075000 0.105833
0 0.320000 0.362083 0.058750 0.087500
0 0.307812 0.236667 0.055625 0.091667
0 0.881563 0.243750 0.060625 0.089167
0 0.507500 0.830417 0.076250 0.105833
0 0.534375 0.559167 0.057500 0.083333
0 0.624375 0.199583 0.070000 0.120833
0 0.861250 0.946250 0.071250 0.092500
0 0.473438 0.572083 0.071875 0.094167
0 0.640938 0.882083 0.064375 0.089167
0 0.150625 0.700833 0.075000 0.091667
0 0.331562 0.922917 0.061875 0.087500
0 0.452188 0.427083 0.071875 0.095833
0 0.280313 0.682500 0.071875 0.095000
1 0.124063 0.468333 0.079375 0.108333
0 0.097500 0.644167 0.070000 0.100000
0 0.456875 0.298333 0.065000 0.083333
0 0.920625 0.291667 0.072500 0.095000
0 0.748125 0.767083 0.066250 0.079167
5 0.202187 0.599167 0.093125 0.125000
0 0.556562 0.914167 0.064375 0.083333
0 0.939375 0.890000 0.058750 0.071667
0 0.906875 0.436667 0.060000 0.095000
0 0.890625 0.162500 0.073750 0.083333
0 0.970000 0.785833 0.057500 0.108333
