0 0.489063 0.086667 0.080625 0.105000
0 0.821562 0.088750 0.076875 0.102500
0 0.743750 0.383333 0.071250 0.106667
0 0.610938 0.142083 0.076875 0.100833
3 0.865625 0.160000 0.100000 0.140000
0 0.254688 0.359167 0.078125 0.105000
0 0.848750 0.465000 0.081250 0.101667
0 0.280625 0.599583 0.080000 0.094167
0 0.836250 0.780417 0.072500 0.094167
0 0.645000 0.216250 0.071250 0.087500
0 0.898438 0.457500 0.076875 0.106667
0 0.539062 0.907500 0.069375 0.098333
0 0.125000 0.627917 0.061250 0.075833
0 0.589063 0.695833 0.084375 0.101667
0 0.697187 0.124583 0.061875 0.085833
0 0.331250 0.489167 0.087500 0.100000
0 0.426250 0.268750 0.072500 0.097500
0 0.290625 0.427917 0.086250 0.099167
0 0.320937 0.795417 0.070625 0.097500
0 0.261562 0.892917 0.074375 0.095833
0 0.145937 0.536667 0.080625 0.098333
0 0.051875 0.529583 0.072500 0.094167
0 0.436250 0.146667 0.080000 0.095000
0 0.534687 0.128750 0.078125 0.107500
0 0.812813 0.894583 0.078125 0.092500
0 0.744687 0.712500 0.076875 0.083333
0 0.527813 0.320417 0.071875 0.092500
0 0.848750 0.578333 0.068750 0.081667
0 0.935312 0.566250 0.073125 0.109167
0 0.545625 0.737083 0.073750 0.100833
0 0.528750 0.232500 0.070000 0.085000
0 0.738437 0.565833 0.083125 0.093333
0 0.728750 0.283333 0.076250 0.098333
0 0.526250 0.521667 0.082500 0.105000
0 0.115937 0.073750 0.074375 0.109167
0 0.895312 0.721667 0.080625 0.100000
3 0.638125 0.404167 0.090000 0.140000
0 0.448437 0.050000 0.066875 0.098333
0 0.222500 0.069583 0.080000 0.130833
0 0.775000 0.591250 0.067500 0.080833
0 0.368437 0.844167 0.069375 0.088333
0 0.345938 0.855833 0.088125 0.080000
0 0.546562 0.832917 0.078125 0.102500
0 0.757812 0.637083 0.075625 0.079167
0 0.680937 0.349583 0.059375 0.120833
