0 0.739375 0.688750 0.077500 0.095833
0 0.870313 0.337500 0.065625 0.090000
0 0.424375 0.294167 0.075000 0.111667
0 0.939375 0.592917 0.073750 0.095833
0 0.565000 0.882500 0.072500 0.105000
0 0.665625 0.487917 0.073750 0.104167
0 0.205313 0.308333 0.075625 0.098333
0 0.695937 0.751667 0.075625 0.110000
0 0.334688 0.126667 0.083125 0.095000
0 0.589688 0.521667 0.070625 0.105000
0 0.633125 0.205417 0.066250 0.110833
0 0.409375 0.447917 0.071250 0.105833
0 0.218750 0.397083 0.072500 0.090833
0 0.385313 0.367500 0.074375 0.098333
0 0.490312 0.449583 0.073125 0.104167
