0 0.248438 0.892083 0.073125 0.092500
0 0.632188 0.154167 0.069375 0.090000
0 0.281875 0.433750 0.076250 0.100833
0 0.655625 0.275000 0.076250 0.108333
0 0.085938 0.645417 0.064375 0.082500
0 0.528438 0.549583 0.080625 0.097500
0 0.585000 0.470417 0.076250 0.100833
0 0.292812 0.285000 0.085625 0.111667
0 0.565937 0.253333 0.074375 0.100000
0 0.870938 0.146667 0.071875 0.095000
0 0.728125 0.292083 0.078750 0.109167
0 0.082187 0.762083 0.070625 0.097500
0 0.415312 0.560000 0.079375 0.116667
0 0.888437 0.389167 0.079375 0.100000
0 0.485312 0.467500 0.071875 0.101667
0 0.223438 0.772083 0.068125 0.092500
0 0.409062 0.084583 0.070625 0.105833
1 0.169687 0.703333 0.070625 0.103333
0 0.474375 0.118333 0.073750 0.100000
0 0.338750 0.946667 0.057500 0.086667
0 0.453437 0.350000 0.064375 0.090000
0 0.850625 0.333333 0.080000 0.095000
0 0.705625 0.071250 0.076250 0.107500
0 0.807500 0.163750 0.076250 0.102500
0 0.620938 0.942917 0.070625 0.099167
0 0.515000 0.319583 0.068750 0.094167
0 0.325625 0.794167 0.073750 0.101667
0 0.401250 0.412083 0.072500 0.102500
0 0.795937 0.570000 0.071875 0.093333
0 0.852187 0.257917 0.063125 0.082500
0 0.813438 0.910417 0.076875 0.104167
0 0.912188 0.274583 0.058125 0.084167
0 0.289687 0.798333 0.070625 0.098333
0 0.554688 0.155000 0.064375 0.081667
0 0.733437 0.945417 0.070625 0.095833
0 0.065625 0.927917 0.061250 0.087500
0 0.335000 0.338750 0.071250 0.089167
0 0.166250 0.240833 0.070000 0.096667
0 0.360938 0.476250 0.071875 0.089167
0 0.132812 0.370833 0.068125 0.081667
0 0.185938 0.382083 0.071875 0.087500
0 0.220625 0.345833 0.058750 0.093333
0 0.655312 0.051667 0.069375 0.085000
0 0.168437 0.910833 0.061875 0.085000
0 0.851562 0.960000 0.061875 0.073333
0 0.424375 0.502083 0.065000 0.094167
0 0.775312 0.192500 0.069375 0.093333
0 0.793438 0.268333 0.063125 0.080000
0 0.731875 0.165000 0.062500 0.123333
0 0.538750 0.175417 0.067500 0.097500
0 0.833438 0.701250 0.068125 0.084167
0 0.808125 0.655000 0.073750 0.095000
0 0.340938 0.371667 0.061875 0.080000
