0 0.072813 0.182917 0.070625 0.102500
0 0.185312 0.202500 0.079375 0.091667
0 0.277187 0.290833 0.078125 0.098333
0 0.118438 0.263750 0.070625 0.094167
0 0.045312 0.270833 0.075625 0.103333
0 0.081250 0.357083 0.071250 0.099167
0 0.035937 0.452083 0.071875 0.099167
0 0.032500 0.554583 0.065000 0.092500
0 0.097187 0.557917 0.076875 0.095833
0 0.248750 0.415833 0.075000 0.101667
0 0.205625 0.497917 0.072500 0.100833
0 0.174375 0.589583 0.067500 0.095833
0 0.103438 0.645000 0.081875 0.081667
0 0.175937 0.713333 0.070625 0.093333
0 0.034375 0.797500 0.066250 0.091667
0 0.100312 0.702083 0.080625 0.092500
0 0.103438 0.742083 0.081875 0.095833
0 0.132812 0.782083 0.078125 0.102500
0 0.136563 0.886250 0.078125 0.102500
0 0.073438 0.949583 0.079375 0.097500
0 0.244688 0.915833 0.080625 0.101667
0 0.280938 0.897500 0.078125 0.100000
0 0.335313 0.913750 0.064375 0.105833
0 0.340313 0.956667 0.071875 0.083333
0 0.381563 0.217083 0.073125 0.107500
0 0.285938 0.587917 0.074375 0.105833
0 0.354687 0.526250 0.079375 0.104167
0 0.383437 0.606667 0.066875 0.098333
0 0.430937 0.631250 0.073125 0.109167
0 0.423750 0.693750 0.073750 0.115833
0 0.392188 0.775417 0.049375 0.099167
0 0.454688 0.847500 0.075625 0.086667
0 0.418750 0.850417 0.071250 0.100833
0 0.501250 0.778750 0.062500 0.089167
0 0.532500 0.921250 0.067500 0.099167
0 0.640625 0.796250 0.060000 0.099167
0 0.746875 0.928750 0.071250 0.110833
0 0.942813 0.836667 0.068125 0.080000
0 0.885938 0.940000 0.069375 0.098333
0 0.816562 0.834167 0.073125 0.106667
0 0.856563 0.790833 0.080625 0.078333
0 0.519687 0.672917 0.070625 0.105833
0 0.628750 0.701667 0.070000 0.083333
0 0.693438 0.724583 0.069375 0.105833
0 0.729375 0.657917 0.067500 0.097500
0 0.796562 0.610417 0.078125 0.092500
0 0.452500 0.053750 0.073750 0.090833
0 0.542500 0.073750 0.063750 0.099167
0 0.649375 0.077083 0.063750 0.099167
0 0.620313 0.136250 0.076875 0.099167
0 0.639375 0.182083 0.070000 0.097500
0 0.504375 0.197083 0.058750 0.099167
0 0.532813 0.249167 0.075625 0.098333
0 0.516875 0.313333 0.075000 0.106667
0 0.445312 0.358333 0.075625 0.116667
0 0.484375 0.409583 0.075000 0.097500
0 0.545625 0.427083 0.075000 0.097500
0 0.529375 0.532917 0.082500 0.104167
0 0.596250 0.503750 0.072500 0.100833
0 0.588437 0.618750 0.075625 0.095833
0 0.629687 0.605000 0.069375 0.085000
0 0.621563 0.321250 0.084375 0.097500
0 0.683125 0.345417 0.066250 0.097500
0 0.667813 0.508750 0.075625 0.097500
0 0.703750 0.537083 0.082500 0.105833
0 0.763437 0.457500 0.076875 0.110000
0 0.803125 0.483333 0.065000 0.078333
0 0.691562 0.246250 0.075625 0.104167
0 0.709688 0.059167 0.075625 0.090000
0 0.723437 0.117083 0.071875 0.099167
0 0.750938 0.146667 0.076875 0.091667
0 0.733125 0.209167 0.083750 0.095000
0 0.759687 0.287083 0.074375 0.095833
0 0.803438 0.282917 0.088125 0.100833
0 0.902813 0.131250 0.076875 0.095833
0 0.881563 0.163333 0.070625 0.090000
0 0.835938 0.183333 0.075625 0.120000
0 0.950000 0.201250 0.068750 0.107500
0 0.866563 0.226667 0.103125 0.078333
0 0.835938 0.386250 0.078125 0.099167
0 0.882812 0.472083 0.085625 0.107500
0 0.947812 0.536250 0.073125 0.104167
0 0.911563 0.565833 0.070625 0.093333
0 0.900312 0.608750 0.076875 0.095833
2 0.448125 0.197083 0.098750 0.119167
2 0.925312 0.264583 0.091875 0.102500
