0 0.590313 0.633333 0.074375 0.101667
0 0.439688 0.621667 0.083125 0.093333
0 0.867188 0.100000 0.080625 0.103333
0 0.500000 0.761667 0.082500 0.101667
0 0.186875 0.829167 0.076250 0.091667
0 0.636875 0.864167 0.067500 0.095000
0 0.220625 0.275417 0.071250 0.092500
0 0.168125 0.475417 0.070000 0.092500
0 0.940312 0.351667 0.070625 0.083333
0 0.346562 0.737083 0.076875 0.097500
0 0.299687 0.093750 0.080625 0.095833
0 0.158438 0.774167 0.068125 0.101667
0 0.313750 0.532083 0.078750 0.090833
0 0.648750 0.462500 0.085000 0.108333
0 0.087188 0.270833 0.063125 0.090000
0 0.346562 0.332500 0.073125 0.096667
0 0.857812 0.212917 0.075625 0.097500
0 0.894687 0.512083 0.084375 0.104167
0 0.719688 0.509583 0.066875 0.092500
0 0.721875 0.337917 0.076250 0.100833
0 0.946250 0.523333 0.066250 0.086667
0 0.643125 0.705833 0.068750 0.096667
0 0.042188 0.810417 0.065625 0.104167
0 0.801250 0.397500 0.067500 0.096667
0 0.554375 0.076667 0.080000 0.101667
0 0.359063 0.221250 0.084375 0.107500
0 0.945000 0.244583 0.081250 0.085833
0 0.879062 0.918750 0.074375 0.100833
0 0.430000 0.847500 0.070000 0.101667
0 0.451250 0.490000 0.071250 0.090000
0 0.478438 0.885417 0.074375 0.082500
0 0.651563 0.285000 0.073125 0.091667
0 0.885312 0.799583 0.064375 0.112500
0 0.050625 0.131667 0.071250 0.118333
0 0.173125 0.581667 0.060000 0.088333
0 0.309063 0.576250 0.070625 0.094167
0 0.410313 0.904583 0.073125 0.099167
0 0.868750 0.348333 0.071250 0.108333
0 0.646250 0.158750 0.068750 0.085833
0 0.124375 0.634167 0.072500 0.088333
0 0.952500 0.945000 0.065000 0.091667
0 0.307812 0.435833 0.086875 0.088333
0 0.548750 0.549583 0.075000 0.100833
0 0.087500 0.905417 0.067500 0.110833
0 0.089688 0.161250 0.073125 0.099167
0 0.236875 0.535000 0.073750 0.105000
0 0.226250 0.107917 0.068750 0.095833
0 0.150938 0.337083 0.063125 0.097500
0 0.749062 0.092083 0.076875 0.099167
0 0.264688 0.185000 0.074375 0.091667
0 0.041250 0.385000 0.067500 0.105000
0 0.124688 0.091667 0.076875 0.108333
0 0.422187 0.203750 0.064375 0.089167
0 0.447188 0.250833 0.074375 0.098333
0 0.430625 0.321250 0.071250 0.109167
0 0.200000 0.909583 0.068750 0.097500
0 0.888750 0.697500 0.073750 0.088333
0 0.339687 0.924167 0.068125 0.108333
0 0.105938 0.428333 0.061875 0.096667
0 0.300000 0.396667 0.067500 0.085000
0 0.126250 0.921667 0.076250 0.095000
0 0.609062 0.173333 0.064375 0.088333
0 0.036875 0.658750 0.072500 0.087500
0 0.075625 0.711250 0.072500 0.092500
0 0.235625 0.850833 0.075000 0.090000
0 0.100312 0.669583 0.069375 0.099167
0 0.450937 0.399583 0.064375 0.085833
2 0.492500 0.357917 0.076250 0.125833
0 0.160938 0.253750 0.075625 0.097500
0 0.161875 0.199167 0.058750 0.088333
