0 0.181250 0.254167 0.057500 0.076667
0 0.125625 0.343333 0.063750 0.091667
0 0.173750 0.612917 0.061250 0.085833
0 0.363750 0.185000 0.058750 0.086667
0 0.760000 0.156250 0.060000 0.087500
0 0.492812 0.747083 0.063125 0.082500
0 0.690000 0.188333 0.065000 0.076667
0 0.197187 0.137500 0.056875 0.081667
0 0.342813 0.917083 0.051875 0.069167
0 0.930000 0.439167 0.055000 0.076667
0 0.492500 0.832917 0.062500 0.099167
0 0.707812 0.282500 0.049375 0.073333
0 0.832812 0.697917 0.056875 0.079167
0 0.600313 0.730000 0.053125 0.073333
0 0.708438 0.099167 0.066875 0.076667
0 0.119688 0.655417 0.063125 0.077500
0 0.092813 0.056250 0.063125 0.094167
0 0.081875 0.233333 0.057500 0.086667
0 0.300938 0.727917 0.066875 0.087500
0 0.819688 0.195833 0.066875 0.078333
0 0.354063 0.838333 0.064375 0.080000
0 0.220000 0.870833 0.065000 0.086667
0 0.849063 0.299583 0.064375 0.092500
0 0.546562 0.725417 0.060625 0.082500
0 0.288125 0.102500 0.071250 0.086667
0 0.961562 0.694583 0.059375 0.080833
0 0.921875 0.202083 0.065000 0.087500
0 0.645312 0.283333 0.065625 0.100000
0 0.440312 0.802500 0.065625 0.080000
0 0.133750 0.734583 0.061250 0.082500
0 0.910000 0.540417 0.060000 0.085833
0 0.247500 0.606250 0.058750 0.069167
0 0.865625 0.772083 0.065000 0.095833
0 0.191562 0.697500 0.060625 0.080000
0 0.660625 0.797083 0.058750 0.089167
0 0.053437 0.592500 0.069375 0.088333
0 0.381875 0.514167 0.066250 0.091667
0 0.436563 0.514583 0.049375 0.079167
0 0.949688 0.766667 0.071875 0.091667
0 0.885625 0.673333 0.057500 0.076667
0 0.866563 0.419167 0.053125 0.090000
0 0.475000 0.939167 0.067500 0.076667
0 0.034688 0.957083 0.061875 0.077500
0 0.763437 0.851250 0.069375 0.094167
0 0.092500 0.447083 0.063750 0.089167
0 0.294063 0.625000 0.064375 0.105000
0 0.358125 0.761250 0.066250 0.067500
0 0.237813 0.950000 0.066875 0.085000
4 0.414375 0.863333 0.061250 0.080000
0 0.734062 0.947500 0.078125 0.105000
0 0.410313 0.590000 0.059375 0.078333
0 0.735313 0.724167 0.073125 0.091667
0 0.817187 0.561667 0.076875 0.095000
0 0.154375 0.815833 0.073750 0.076667
0 0.205000 0.491250 0.080000 0.094167
0 0.139687 0.426667 0.059375 0.080000
0 0.864375 0.055000 0.073750 0.078333
0 0.906563 0.612500 0.069375 0.073333
0 0.813750 0.432083 0.057500 0.075833
0 0.442188 0.903333 0.060625 0.076667
0 0.763437 0.392917 0.061875 0.074167
0 0.035312 0.119167 0.055625 0.081667
0 0.755938 0.253333 0.054375 0.081667
0 0.758750 0.615833 0.062500 0.073333
0 0.692500 0.881667 0.073750 0.093333
0 0.113125 0.571667 0.052500 0.080000
0 0.262188 0.439583 0.064375 0.087500
0 0.310000 0.406667 0.070000 0.100000
0 0.748437 0.548750 0.063125 0.082500
1 0.233125 0.757500 0.080000 0.125000
0 0.970000 0.598333 0.052500 0.076667
0 0.813438 0.792917 0.054375 0.080833
0 0.761875 0.780417 0.065000 0.075833
0 0.323750 0.493333 0.058750 0.090000
0 0.779062 0.321667 0.065625 0.095000
0 0.535000 0.126667 0.065000 0.091667
0 0.616250 0.134167 0.072500 0.088333
0 0.651250 0.390833 0.066250 0.085000
0 0.319063 0.124167 0.059375 0.096667
0 0.595625 0.433333 0.060000 0.081667
0 0.922813 0.826250 0.068125 0.069167
0 0.366875 0.700417 0.048750 0.085833
0 0.704688 0.381667 0.061875 0.091667
0 0.040313 0.505000 0.066875 0.091667
0 0.953438 0.380833 0.063125 0.071667
0 0.874375 0.153333 0.068750 0.110000
1 0.324375 0.574167 0.111250 0.125000
1 0.481250 0.476667 0.066250 0.120000
1 0.939063 0.301250 0.089375 0.160833
1 0.769375 0.486667 0.050000 0.103333
0 0.450625 0.598333 0.061250 0.105000
0 0.574688 0.090000 0.050625 0.070000
0 0.631875 0.176250 0.060000 0.089167
0 0.778750 0.287083 0.068750 0.089167
0 0.896563 0.295000 0.049375 0.111667
0 0.030625 0.207500 0.058750 0.083333
0 0.858125 0.484167 0.061250 0.073333
0 0.916875 0.963333 0.061250 0.073333
0 0.956562 0.923333 0.075625 0.093333
0 0.596250 0.344167 0.061250 0.103333
0 0.094375 0.532083 0.062500 0.084167
0 0.216562 0.453750 0.071875 0.080833
0 0.508125 0.550000 0.056250 0.080000
0 0.550937 0.395833 0.053125 0.071667
0 0.536563 0.510417 0.051875 0.069167
0 0.536250 0.457083 0.056250 0.065833
