0 0.882500 0.166250 0.065000 0.082500
0 0.087813 0.401667 0.071875 0.091667
0 0.573438 0.775000 0.063125 0.088333
0 0.505313 0.176250 0.065625 0.084167
0 0.681250 0.789167 0.073750 0.085000
0 0.889062 0.563750 0.060625 0.075833
0 0.399687 0.322500 0.056875 0.081667
0 0.819375 0.552917 0.067500 0.102500
0 0.626563 0.077917 0.071875 0.087500
0 0.370937 0.234167 0.064375 0.086667
0 0.684063 0.458333 0.064375 0.086667
0 0.702187 0.904583 0.065625 0.079167
0 0.418438 0.830833 0.073125 0.085000
0 0.318437 0.761667 0.064375 0.090000
0 0.120938 0.320417 0.056875 0.089167
0 0.100000 0.494583 0.062500 0.090833
0 0.627812 0.729167 0.069375 0.091667
0 0.268125 0.282500 0.061250 0.091667
0 0.276875 0.626250 0.062500 0.085833
0 0.885938 0.414167 0.073125 0.085000
0 0.090000 0.167500 0.063750 0.080000
0 0.118438 0.089167 0.059375 0.085000
0 0.887500 0.850833 0.063750 0.088333
0 0.108438 0.715000 0.061875 0.083333
0 0.910625 0.492500 0.060000 0.078333
0 0.097500 0.868750 0.067500 0.097500
0 0.753437 0.836667 0.061875 0.086667
0 0.323437 0.403333 0.063125 0.085000
0 0.797813 0.778333 0.060625 0.086667
0 0.938750 0.220417 0.061250 0.077500
0 0.867188 0.259583 0.064375 0.095833
0 0.177187 0.274583 0.059375 0.084167
0 0.380312 0.429583 0.066875 0.082500
0 0.650000 0.167083 0.065000 0.090833
0 0.475938 0.700417 0.060625 0.080833
0 0.260625 0.464167 0.063750 0.085000
0 0.321250 0.151250 0.062500 0.104167
0 0.819063 0.148333 0.061875 0.083333
0 0.322813 0.547917 0.060625 0.079167
0 0.040938 0.699583 0.060625 0.082500
0 0.682187 0.696250 0.058125 0.089167
0 0.208750 0.161667 0.056250 0.081667
0 0.628125 0.887083 0.060000 0.082500
0 0.576875 0.363333 0.058750 0.080000
0 0.852500 0.739167 0.057500 0.083333
0 0.662500 0.575417 0.061250 0.075833
0 0.748750 0.325000 0.060000 0.083333
0 0.859688 0.642500 0.063125 0.086667
0 0.262813 0.862917 0.064375 0.070833
0 0.435000 0.087083 0.061250 0.099167
0 0.565000 0.060417 0.060000 0.080833
0 0.710625 0.137500 0.057500 0.083333
0 0.380312 0.517083 0.069375 0.077500
0 0.959375 0.603333 0.061250 0.090000
0 0.333750 0.313333 0.061250 0.080000
0 0.265937 0.182917 0.058125 0.089167
0 0.190312 0.478750 0.056875 0.080833
0 0.842187 0.444583 0.064375 0.085833
0 0.582500 0.483333 0.058750 0.076667
0 0.910000 0.772500 0.057500 0.081667
0 0.550937 0.243750 0.066875 0.090833
0 0.525937 0.859583 0.070625 0.084167
0 0.773125 0.683333 0.068750 0.073333
0 0.340313 0.669167 0.059375 0.086667
0 0.417812 0.926250 0.069375 0.095833
0 0.365625 0.063333 0.066250 0.066667
0 0.746875 0.421667 0.060000 0.078333
0 0.151562 0.802500 0.059375 0.085000
0 0.557187 0.919583 0.066875 0.089167
0 0.204063 0.069583 0.061875 0.080833
0 0.471250 0.542083 0.066250 0.075833
0 0.373437 0.120833 0.070625 0.103333
0 0.929063 0.317917 0.066875 0.092500
0 0.513750 0.500417 0.058750 0.082500
0 0.195937 0.568750 0.069375 0.084167
0 0.483750 0.619583 0.061250 0.075833
0 0.438750 0.407083 0.048750 0.100833
0 0.447813 0.271667 0.055625 0.080000
0 0.411250 0.594583 0.060000 0.080833
0 0.163750 0.630417 0.062500 0.077500
0 0.593125 0.255833 0.068750 0.080000
0 0.948438 0.892500 0.070625 0.086667
0 0.110937 0.238750 0.058125 0.075833
0 0.543750 0.590000 0.066250 0.083333
0 0.491563 0.316250 0.071875 0.069167
0 0.182188 0.715833 0.069375 0.080000
0 0.773438 0.112083 0.058125 0.092500
0 0.413750 0.701250 0.057500 0.080833
0 0.028125 0.205833 0.056250 0.091667
0 0.174063 0.373750 0.060625 0.085833
0 0.129688 0.552917 0.055625 0.077500
0 0.970000 0.454583 0.058750 0.090833
0 0.924063 0.921667 0.071875 0.093333
0 0.211562 0.958750 0.059375 0.080833
0 0.969063 0.693750 0.060625 0.067500
1 0.492188 0.410417 0.079375 0.135833
0 0.205625 0.397500 0.066250 0.081667
0 0.842187 0.049583 0.044375 0.095833
0 0.540625 0.708750 0.056250 0.060833
0 0.213438 0.727083 0.061875 0.074167
0 0.574375 0.567917 0.062500 0.072500
