0 0.166563 0.760833 0.078125 0.090000
0 0.215312 0.718333 0.076875 0.090000
0 0.415938 0.424583 0.078125 0.090833
0 0.599688 0.131250 0.066875 0.089167
0 0.198125 0.516250 0.068750 0.104167
0 0.363750 0.329583 0.080000 0.095833
0 0.783438 0.510000 0.075625 0.100000
0 0.690000 0.300000 0.071250 0.101667
0 0.503125 0.215000 0.075000 0.075000
0 0.129688 0.063750 0.068125 0.095833
0 0.275938 0.821250 0.066875 0.099167
0 0.872812 0.166667 0.063125 0.101667
0 0.943125 0.937083 0.073750 0.087500
0 0.560937 0.799583 0.068125 0.099167
0 0.322500 0.077917 0.077500 0.092500
0 0.449688 0.133333 0.076875 0.093333
0 0.089375 0.420417 0.078750 0.090833
0 0.191875 0.422083 0.076250 0.087500
0 0.625000 0.231250 0.073750 0.089167
0 0.275625 0.325833 0.078750 0.101667
0 0.511875 0.709583 0.077500 0.110833
0 0.663750 0.529583 0.081250 0.097500
0 0.123750 0.159583 0.078750 0.077500
0 0.132812 0.246667 0.083125 0.093333
0 0.780625 0.640833 0.068750 0.096667
0 0.570000 0.422500 0.078750 0.101667
0 0.852812 0.912500 0.085625 0.083333
0 0.904687 0.116667 0.063125 0.095000
0 0.615313 0.823750 0.076875 0.097500
0 0.445625 0.044167 0.068750 0.080000
0 0.090000 0.490833 0.073750 0.093333
0 0.419375 0.666667 0.066250 0.095000
0 0.876563 0.536250 0.075625 0.064167
0 0.839688 0.451250 0.070625 0.104167
0 0.343125 0.520417 0.090000 0.080833
0 0.638437 0.735000 0.069375 0.106667
0 0.318437 0.589583 0.084375 0.095833
0 0.705000 0.099167 0.072500 0.111667
0 0.705937 0.778333 0.079375 0.101667
0 0.751875 0.352917 0.071250 0.099167
0 0.718437 0.625417 0.070625 0.110833
0 0.331562 0.266250 0.078125 0.099167
0 0.306250 0.167500 0.101250 0.083333
0 0.055938 0.698333 0.058125 0.123333
0 0.462500 0.950417 0.080000 0.089167
0 0.846562 0.308333 0.074375 0.098333
0 0.929063 0.258333 0.064375 0.106667
0 0.500000 0.867500 0.088750 0.068333
0 0.806875 0.840000 0.071250 0.110000
0 0.634062 0.372917 0.080625 0.110833
0 0.970000 0.123333 0.058750 0.120000
0 0.511563 0.143333 0.079375 0.070000
0 0.340313 0.648750 0.079375 0.089167
0 0.133125 0.595000 0.090000 0.085000
0 0.880938 0.478333 0.071875 0.093333
0 0.344687 0.933333 0.066875 0.080000
0 0.684063 0.404583 0.083125 0.095833
0 0.516875 0.627917 0.065000 0.075833
0 0.900937 0.797083 0.071875 0.092500
0 0.333437 0.872500 0.083125 0.100000
0 0.104375 0.708333 0.076250 0.080000
0 0.523750 0.074167 0.078750 0.073333
0 0.787188 0.385000 0.086875 0.091667
0 0.195000 0.361250 0.086250 0.075833
0 0.792813 0.146667 0.071875 0.086667
0 0.419375 0.892500 0.081250 0.098333
0 0.525937 0.944583 0.068125 0.107500
0 0.470000 0.656250 0.056250 0.122500
0 0.858750 0.845417 0.077500 0.084167
0 0.765312 0.270417 0.070625 0.085833
0 0.926562 0.769583 0.075625 0.080833
0 0.866875 0.083333 0.066250 0.105000
0 0.125312 0.657500 0.084375 0.066667
0 0.952500 0.505000 0.083750 0.111667
0 0.599688 0.055000 0.074375 0.090000
0 0.724063 0.870417 0.086875 0.104167
0 0.795000 0.205000 0.101250 0.061667
4 0.240313 0.662500 0.104375 0.111667
0 0.788750 0.105833 0.100000 0.070000
0 0.818438 0.283750 0.071875 0.110833
0 0.186250 0.947500 0.070000 0.101667
