0 0.906250 0.952083 0.067500 0.095833
0 0.293125 0.584167 0.076250 0.103333
0 0.852500 0.437500 0.070000 0.098333
0 0.094062 0.607500 0.079375 0.098333
0 0.501563 0.465000 0.080625 0.098333
0 0.551875 0.747917 0.067500 0.109167
0 0.820625 0.376667 0.065000 0.095000
0 0.753750 0.370000 0.078750 0.105000
0 0.558125 0.263333 0.070000 0.091667
0 0.187812 0.275833 0.073125 0.100000
0 0.452813 0.126250 0.074375 0.099167
0 0.258437 0.334167 0.076875 0.103333
0 0.460625 0.811667 0.075000 0.101667
0 0.241563 0.161667 0.080625 0.100000
0 0.175313 0.809167 0.078125 0.101667
0 0.953438 0.735833 0.084375 0.091667
0 0.366250 0.581250 0.071250 0.094167
0 0.834688 0.651667 0.080625 0.100000
0 0.829063 0.057917 0.068125 0.105833
0 0.961875 0.548333 0.075000 0.113333
0 0.260625 0.684167 0.073750 0.088333
0 0.909687 0.049583 0.085625 0.097500
0 0.110312 0.064583 0.076875 0.095833
0 0.271875 0.244583 0.073750 0.094167
0 0.161250 0.689167 0.073750 0.096667
0 0.530312 0.135417 0.075625 0.104167
0 0.851875 0.242083 0.071250 0.097500
0 0.490938 0.604583 0.078125 0.099167
0 0.592812 0.431667 0.079375 0.103333
0 0.630625 0.145417 0.083750 0.104167
0 0.854062 0.772083 0.064375 0.089167
0 0.688750 0.713333 0.083750 0.103333
0 0.342187 0.926250 0.073125 0.107500
0 0.716250 0.852083 0.067500 0.095833
0 0.106875 0.421250 0.076250 0.097500
0 0.769375 0.707500 0.068750 0.110000
0 0.133125 0.939583 0.075000 0.104167
0 0.285625 0.850000 0.083750 0.108333
0 0.162500 0.341250 0.072500 0.102500
0 0.107500 0.845833 0.076250 0.095000
0 0.635938 0.306667 0.076875 0.093333
0 0.409687 0.670000 0.069375 0.098333
0 0.459375 0.638750 0.076250 0.097500
0 0.181250 0.099167 0.070000 0.111667
0 0.601562 0.637500 0.074375 0.101667
0 0.095937 0.320000 0.069375 0.095000
0 0.635312 0.785833 0.070625 0.090000
0 0.423438 0.376250 0.070625 0.105833
0 0.196250 0.450000 0.076250 0.096667
0 0.946562 0.439167 0.069375 0.103333
0 0.224375 0.600000 0.071250 0.096667
0 0.731875 0.111667 0.082500 0.101667
3 0.342813 0.775000 0.085625 0.146667
0 0.797188 0.860417 0.068125 0.094167
0 0.079062 0.500833 0.068125 0.098333
0 0.781250 0.888333 0.075000 0.106667
0 0.575937 0.462500 0.069375 0.093333
0 0.620938 0.805833 0.070625 0.101667
0 0.833438 0.673750 0.063125 0.092500
