0 0.259062 0.763750 0.070625 0.102500
0 0.594375 0.325000 0.063750 0.091667
0 0.664062 0.261250 0.059375 0.095833
0 0.439375 0.379583 0.066250 0.100833
0 0.088438 0.215417 0.063125 0.089167
0 0.323750 0.907083 0.062500 0.082500
0 0.735938 0.788750 0.053125 0.087500
0 0.290625 0.653333 0.072500 0.085000
0 0.120938 0.357500 0.061875 0.086667
0 0.054375 0.146250 0.063750 0.099167
0 0.569063 0.640417 0.058125 0.079167
0 0.310937 0.400417 0.061875 0.084167
0 0.545937 0.398333 0.063125 0.088333
0 0.618750 0.405000 0.066250 0.090000
0 0.420938 0.550833 0.061875 0.091667
0 0.729688 0.239583 0.075625 0.079167
0 0.251875 0.950833 0.070000 0.093333
0 0.217188 0.862083 0.060625 0.089167
0 0.954063 0.164583 0.071875 0.089167
0 0.775312 0.388750 0.050625 0.075833
0 0.678438 0.157083 0.069375 0.089167
0 0.085938 0.647083 0.058125 0.085833
0 0.663750 0.103750 0.067500 0.092500
0 0.460313 0.502917 0.054375 0.079167
0 0.269375 0.333750 0.061250 0.092500
0 0.272813 0.156667 0.070625 0.090000
0 0.896250 0.851250 0.067500 0.085833
0 0.626563 0.590833 0.059375 0.071667
0 0.770938 0.718750 0.066875 0.084167
0 0.137813 0.916250 0.056875 0.085833
0 0.218125 0.620000 0.060000 0.085000
0 0.306563 0.476250 0.068125 0.072500
0 0.866250 0.729583 0.060000 0.097500
0 0.198125 0.359167 0.061250 0.096667
0 0.371250 0.457500 0.066250 0.111667
0 0.706562 0.364167 0.068125 0.086667
0 0.205000 0.309167 0.063750 0.090000
0 0.829688 0.129167 0.064375 0.091667
0 0.576562 0.199583 0.060625 0.082500
0 0.741250 0.045417 0.060000 0.090833
0 0.134063 0.441667 0.058125 0.083333
0 0.528438 0.340417 0.061875 0.092500
0 0.111250 0.728333 0.075000 0.086667
0 0.525000 0.090417 0.060000 0.084167
0 0.695000 0.692500 0.052500 0.081667
0 0.145313 0.268750 0.060625 0.079167
0 0.031250 0.264167 0.053750 0.096667
0 0.059375 0.310000 0.070000 0.080000
0 0.677500 0.746250 0.062500 0.079167
0 0.625938 0.697917 0.065625 0.102500
0 0.435625 0.040417 0.067500 0.080833
0 0.897188 0.652917 0.060625 0.072500
0 0.712187 0.610000 0.061875 0.075000
0 0.336875 0.798333 0.061250 0.068333
0 0.314063 0.739167 0.056875 0.083333
0 0.755938 0.125417 0.070625 0.080833
0 0.839063 0.237500 0.064375 0.080000
0 0.613437 0.741667 0.061875 0.085000
0 0.920000 0.945417 0.055000 0.085833
0 0.829688 0.637083 0.063125 0.085833
0 0.515000 0.196250 0.056250 0.080833
0 0.285313 0.860000 0.050625 0.076667
0 0.830625 0.327500 0.058750 0.080000
0 0.863125 0.956250 0.052500 0.077500
0 0.162812 0.210417 0.059375 0.085833
0 0.494375 0.617500 0.062500 0.080000
0 0.394062 0.751667 0.050625 0.080000
0 0.813750 0.472500 0.053750 0.095000
0 0.967187 0.357917 0.051875 0.084167
0 0.492188 0.650833 0.058125 0.081667
0 0.169687 0.160417 0.048125 0.082500
0 0.193438 0.875833 0.055625 0.068333
0 0.286875 0.273333 0.060000 0.078333
0 0.287187 0.247500 0.059375 0.076667
0 0.510000 0.142083 0.051250 0.082500
0 0.790000 0.133333 0.055000 0.071667
0 0.830000 0.351250 0.051250 0.082500
0 0.733437 0.636250 0.058125 0.079167
0 0.855000 0.654167 0.041250 0.096667
0 0.941562 0.962917 0.051875 0.067500
0 0.080000 0.297917 0.055000 0.074167
