0 0.460625 0.117083 0.060000 0.079167
0 0.879375 0.272917 0.061250 0.089167
0 0.493750 0.650000 0.061250 0.088333
0 0.380312 0.393750 0.070625 0.100833
0 0.548438 0.157917 0.066875 0.099167
0 0.903750 0.360000 0.056250 0.073333
0 0.395937 0.077917 0.070625 0.099167
0 0.266250 0.427500 0.066250 0.091667
0 0.905625 0.144583 0.071250 0.080833
0 0.567813 0.401667 0.063125 0.083333
0 0.850625 0.910833 0.065000 0.085000
0 0.299063 0.845417 0.058125 0.090833
0 0.822812 0.234167 0.065625 0.091667
0 0.945625 0.070000 0.062500 0.083333
0 0.822812 0.328750 0.071875 0.092500
0 0.054062 0.319583 0.055625 0.079167
0 0.662188 0.624167 0.068125 0.098333
0 0.579063 0.530000 0.073125 0.083333
0 0.646250 0.726667 0.073750 0.091667
0 0.732187 0.109583 0.068125 0.079167
0 0.345938 0.513333 0.071875 0.108333
0 0.434063 0.226250 0.060625 0.075833
0 0.230313 0.237083 0.055625 0.079167
0 0.268125 0.152500 0.072500 0.096667
0 0.818750 0.485417 0.068750 0.087500
0 0.053125 0.770833 0.067500 0.071667
0 0.829063 0.651667 0.066875 0.090000
0 0.161562 0.573333 0.071875 0.098333
0 0.930625 0.885417 0.065000 0.069167
5 0.188750 0.658750 0.065000 0.094167
0 0.516250 0.249167 0.068750 0.096667
0 0.603125 0.670833 0.066250 0.096667
0 0.800625 0.099583 0.072500 0.084167
0 0.109063 0.272917 0.074375 0.079167
0 0.469687 0.371250 0.070625 0.089167
0 0.236563 0.580833 0.059375 0.088333
0 0.270313 0.731667 0.071875 0.098333
0 0.029687 0.440833 0.059375 0.080000
0 0.060312 0.698750 0.080625 0.084167
0 0.049688 0.123750 0.056875 0.080833
0 0.203750 0.758333 0.075000 0.085000
0 0.692813 0.467917 0.073125 0.095833
0 0.948438 0.407917 0.060625 0.075833
0 0.229687 0.860833 0.061875 0.071667
0 0.885312 0.765000 0.048125 0.070000
0 0.930937 0.522917 0.050625 0.079167
0 0.090313 0.212083 0.063125 0.104167
0 0.532188 0.729583 0.061875 0.082500
0 0.690312 0.283750 0.069375 0.060833
0 0.123125 0.694583 0.058750 0.102500
0 0.740625 0.847917 0.056250 0.067500
0 0.642813 0.461250 0.075625 0.109167
0 0.900312 0.618333 0.051875 0.085000
0 0.452188 0.879167 0.053125 0.081667
0 0.382188 0.296250 0.048125 0.075833
0 0.388125 0.576667 0.067500 0.101667
0 0.494063 0.060417 0.048125 0.065833
0 0.099375 0.943750 0.062500 0.077500
0 0.865938 0.550833 0.064375 0.086667
0 0.363438 0.875000 0.053125 0.083333
0 0.740938 0.646667 0.055625 0.100000
0 0.765000 0.544167 0.053750 0.098333
0 0.855938 0.826667 0.058125 0.083333
0 0.245938 0.315833 0.058125 0.078333
0 0.616250 0.875833 0.066250 0.083333
0 0.765000 0.412917 0.051250 0.072500
0 0.185938 0.151250 0.051875 0.067500
0 0.187188 0.937083 0.053125 0.067500
0 0.534375 0.887083 0.048750 0.069167
0 0.108438 0.603333 0.056875 0.075000
0 0.629687 0.275833 0.060625 0.080000
0 0.842187 0.404167 0.060625 0.073333
0 0.145000 0.203750 0.051250 0.069167
0 0.763750 0.185000 0.065000 0.085000
0 0.888750 0.458750 0.052500 0.064167
0 0.892188 0.952500 0.058125 0.071667
0 0.417812 0.559167 0.054375 0.086667
0 0.055313 0.612083 0.053125 0.099167
0 0.330000 0.218750 0.066250 0.079167
1 0.220938 0.087083 0.079375 0.105833
0 0.331562 0.325000 0.045625 0.068333
1 0.295938 0.288333 0.076875 0.100000
0 0.073750 0.915000 0.051250 0.081667
0 0.045937 0.874167 0.060625 0.086667
0 0.610313 0.170833 0.048125 0.061667
0 0.423438 0.328750 0.045625 0.060833
0 0.107500 0.121667 0.051250 0.070000
0 0.030937 0.225417 0.048125 0.062500
0 0.706875 0.183333 0.053750 0.056667
0 0.586562 0.232500 0.059375 0.068333
0 0.822187 0.155833 0.049375 0.066667
0 0.595625 0.837500 0.052500 0.061667
0 0.640938 0.967917 0.049375 0.062500
0 0.794687 0.873333 0.045625 0.073333
0 0.645000 0.205000 0.052500 0.066667
0 0.679688 0.241667 0.048125 0.068333
0 0.493750 0.855833 0.052500 0.071667
0 0.514062 0.957500 0.056875 0.060000
0 0.410000 0.954583 0.046250 0.080833
0 0.772500 0.035000 0.055000 0.061667
3 0.319688 0.660000 0.111875 0.138333
3 0.473125 0.770417 0.087500 0.150833
3 0.720313 0.776250 0.089375 0.124167
0 0.447500 0.555417 0.045000 0.060833
