0 0.394375 0.363750 0.062500 0.092500
0 0.628750 0.592917 0.065000 0.087500
0 0.484687 0.930417 0.064375 0.089167
0 0.915312 0.513750 0.064375 0.080833
0 0.098750 0.862083 0.062500 0.089167
0 0.430000 0.877500 0.060000 0.093333
0 0.861563 0.745000 0.068125 0.080000
0 0.881875 0.200000 0.061250 0.100000
0 0.340000 0.632500 0.070000 0.086667
0 0.418438 0.226250 0.071875 0.089167
0 0.171250 0.839167 0.076250 0.073333
0 0.929688 0.259583 0.076875 0.099167
0 0.787188 0.836667 0.063125 0.096667
0 0.337187 0.386250 0.060625 0.085833
0 0.267500 0.195833 0.065000 0.086667
0 0.938750 0.575000 0.060000 0.095000
0 0.875938 0.606667 0.065625 0.093333
0 0.540625 0.495833 0.080000 0.071667
0 0.263750 0.769583 0.058750 0.097500
0 0.530000 0.404583 0.073750 0.085833
0 0.918125 0.151667 0.072500 0.090000
0 0.925625 0.340833 0.086250 0.083333
0 0.845625 0.351250 0.072500 0.105833
0 0.080312 0.693333 0.054375 0.111667
0 0.654687 0.887083 0.063125 0.092500
0 0.493125 0.220417 0.067500 0.090833
0 0.459688 0.803333 0.074375 0.091667
0 0.558438 0.802917 0.071875 0.089167
0 0.667813 0.168333 0.078125 0.088333
0 0.127812 0.058333 0.066875 0.086667
0 0.706250 0.467917 0.080000 0.097500
0 0.774375 0.355000 0.083750 0.083333
0 0.715313 0.198333 0.089375 0.078333
0 0.710000 0.892917 0.067500 0.090833
0 0.613750 0.495000 0.067500 0.090000
0 0.320312 0.811250 0.071875 0.102500
0 0.121563 0.926250 0.083125 0.094167
0 0.108438 0.230833 0.069375 0.095000
0 0.123750 0.150417 0.063750 0.074167
0 0.422187 0.760417 0.079375 0.090833
0 0.166563 0.565417 0.073125 0.084167
0 0.224375 0.495833 0.071250 0.095000
0 0.040313 0.319583 0.073125 0.092500
0 0.265937 0.326667 0.075625 0.100000
0 0.687813 0.662500 0.100625 0.090000
0 0.745625 0.919167 0.075000 0.088333
0 0.610938 0.384583 0.068125 0.095833
0 0.799687 0.666667 0.061875 0.093333
0 0.150625 0.179583 0.067500 0.110833
0 0.835625 0.689583 0.093750 0.080833
0 0.033125 0.181667 0.063750 0.098333
0 0.852812 0.116667 0.080625 0.103333
0 0.512813 0.115833 0.081875 0.098333
0 0.773125 0.313750 0.080000 0.074167
