0 0.870000 0.451250 0.060000 0.082500
0 0.383437 0.350000 0.060625 0.075000
0 0.262813 0.514167 0.055625 0.086667
0 0.410625 0.131250 0.055000 0.080833
0 0.461875 0.460000 0.062500 0.080000
0 0.700625 0.227500 0.068750 0.085000
0 0.699688 0.747917 0.065625 0.079167
0 0.422812 0.265417 0.065625 0.080833
0 0.749687 0.854583 0.059375 0.075833
0 0.572500 0.790833 0.065000 0.086667
0 0.099687 0.507083 0.058125 0.074167
0 0.850000 0.818333 0.063750 0.088333
0 0.523438 0.162500 0.059375 0.083333
0 0.090000 0.882083 0.071250 0.082500
0 0.867500 0.198333 0.063750 0.085000
0 0.124688 0.315417 0.061875 0.077500
0 0.055625 0.412500 0.058750 0.081667
0 0.647188 0.378333 0.065625 0.083333
0 0.963437 0.750833 0.064375 0.085000
0 0.141563 0.385417 0.056875 0.079167
0 0.050937 0.604583 0.065625 0.079167
0 0.333125 0.536250 0.066250 0.082500
0 0.345625 0.400833 0.062500 0.078333
0 0.490938 0.790000 0.058125 0.076667
0 0.780625 0.565000 0.062500 0.081667
0 0.306250 0.820833 0.058750 0.085000
0 0.743750 0.951250 0.076250 0.089167
0 0.248750 0.796667 0.061250 0.078333
0 0.707812 0.066250 0.050625 0.082500
0 0.366563 0.171250 0.058125 0.087500
0 0.295938 0.443750 0.066875 0.080833
0 0.296250 0.272083 0.060000 0.077500
0 0.344375 0.885417 0.052500 0.069167
0 0.041250 0.053750 0.056250 0.074167
0 0.690937 0.592083 0.055625 0.077500
0 0.266562 0.887500 0.056875 0.083333
0 0.490625 0.896667 0.063750 0.085000
0 0.421563 0.885417 0.080625 0.082500
0 0.631563 0.780833 0.059375 0.080000
0 0.920937 0.344167 0.060625 0.090000
0 0.263750 0.376667 0.073750 0.081667
0 0.861250 0.686667 0.058750 0.081667
0 0.146563 0.731667 0.063125 0.086667
0 0.764062 0.394167 0.061875 0.085000
0 0.314063 0.193333 0.061875 0.080000
4 0.885938 0.356667 0.070625 0.100000
0 0.875000 0.135417 0.057500 0.079167
0 0.867500 0.912500 0.077500 0.086667
0 0.803438 0.472500 0.058125 0.080000
0 0.539062 0.090417 0.071875 0.080833
0 0.495000 0.403750 0.056250 0.084167
0 0.903125 0.844583 0.065000 0.085833
0 0.965000 0.200833 0.055000 0.075000
0 0.130625 0.152917 0.068750 0.085833
0 0.294375 0.959167 0.058750 0.073333
0 0.597500 0.674167 0.085000 0.095000
0 0.412187 0.807917 0.073125 0.085833
0 0.226875 0.043750 0.057500 0.074167
0 0.674375 0.665000 0.066250 0.075000
0 0.508437 0.939583 0.069375 0.087500
0 0.708125 0.440833 0.075000 0.103333
0 0.273750 0.164167 0.055000 0.078333
0 0.197500 0.191250 0.067500 0.075833
0 0.099062 0.796667 0.073125 0.090000
0 0.412187 0.738333 0.060625 0.078333
0 0.645312 0.563750 0.055625 0.074167
0 0.034375 0.112500 0.051250 0.070000
0 0.235000 0.270000 0.062500 0.078333
4 0.724063 0.474583 0.068125 0.092500
0 0.165625 0.243750 0.071250 0.067500
0 0.215000 0.900417 0.067500 0.080833
0 0.880938 0.632500 0.081875 0.101667
0 0.624687 0.599167 0.070625 0.096667
0 0.611563 0.106250 0.044375 0.070833
0 0.580937 0.042917 0.054375 0.074167
0 0.884687 0.604583 0.060625 0.094167
