0 0.442500 0.376250 0.066250 0.089167
0 0.771563 0.199167 0.066875 0.095000
0 0.723750 0.288333 0.071250 0.100000
0 0.536563 0.351250 0.074375 0.099167
0 0.102500 0.161250 0.071250 0.095833
0 0.240000 0.503750 0.058750 0.080833
0 0.710313 0.734167 0.076875 0.105000
0 0.499688 0.715000 0.074375 0.093333
0 0.502188 0.626250 0.065625 0.079167
0 0.577812 0.258750 0.080625 0.104167
0 0.919375 0.349583 0.066250 0.089167
0 0.259062 0.901250 0.065625 0.089167
0 0.638750 0.779167 0.072500 0.098333
0 0.757500 0.614167 0.077500 0.101667
0 0.613750 0.426250 0.077500 0.090833
0 0.759375 0.377083 0.070000 0.095833
0 0.811250 0.880833 0.067500 0.078333
0 0.160625 0.472500 0.080000 0.096667
0 0.407500 0.212917 0.072500 0.094167
0 0.119688 0.566667 0.084375 0.093333
0 0.152500 0.833333 0.075000 0.101667
0 0.544687 0.483333 0.068125 0.103333
0 0.633125 0.889583 0.086250 0.100833
0 0.339062 0.308333 0.075625 0.095000
0 0.628125 0.331667 0.067500 0.088333
0 0.154062 0.076250 0.070625 0.082500
0 0.863750 0.477500 0.081250 0.106667
0 0.318750 0.457083 0.088750 0.109167
0 0.080937 0.787917 0.078125 0.099167
0 0.472500 0.491667 0.066250 0.096667
0 0.700313 0.452500 0.070625 0.093333
0 0.897188 0.639583 0.075625 0.080833
0 0.561562 0.803750 0.073125 0.099167
0 0.230937 0.080000 0.073125 0.095000
0 0.839063 0.813750 0.065625 0.075833
0 0.888750 0.894583 0.075000 0.095833
0 0.276562 0.200000 0.079375 0.095000
0 0.448750 0.779583 0.081250 0.109167
0 0.304375 0.788750 0.081250 0.100833
0 0.281562 0.692917 0.076875 0.095833
0 0.720313 0.507083 0.078125 0.100833
0 0.111250 0.928333 0.068750 0.103333
0 0.197813 0.703750 0.086875 0.120833
0 0.413750 0.634583 0.082500 0.102500
0 0.561562 0.953750 0.065625 0.090833
0 0.476875 0.271250 0.073750 0.095833
0 0.070312 0.207917 0.080625 0.104167
0 0.170000 0.921250 0.082500 0.097500
0 0.258437 0.288333 0.071875 0.091667
0 0.957187 0.142917 0.065625 0.090833
0 0.840000 0.413333 0.095000 0.100000
0 0.875000 0.743750 0.087500 0.084167
0 0.238437 0.152500 0.074375 0.098333
0 0.395000 0.540000 0.096250 0.096667
0 0.884375 0.156667 0.080000 0.113333
0 0.200000 0.396667 0.085000 0.100000
0 0.253437 0.337500 0.081875 0.090000
0 0.477500 0.157917 0.075000 0.094167
0 0.941875 0.729167 0.052500 0.088333
0 0.035312 0.707917 0.070625 0.099167
3 0.601562 0.537083 0.108125 0.122500
0 0.295000 0.579167 0.067500 0.088333
