0 0.319688 0.525417 0.064375 0.084167
0 0.046562 0.144167 0.063125 0.083333
0 0.580625 0.395000 0.060000 0.078333
0 0.339375 0.377500 0.058750 0.086667
0 0.390313 0.847083 0.076875 0.099167
0 0.349062 0.275000 0.068125 0.090000
0 0.577187 0.528333 0.055625 0.081667
0 0.087188 0.896667 0.073125 0.095000
0 0.848437 0.775000 0.068125 0.080000
0 0.917500 0.842917 0.061250 0.079167
0 0.249688 0.872917 0.061875 0.084167
0 0.588437 0.670833 0.061875 0.098333
0 0.573438 0.132083 0.068125 0.082500
0 0.434375 0.426250 0.061250 0.077500
0 0.763125 0.609583 0.063750 0.089167
0 0.300938 0.442083 0.068125 0.084167
0 0.158750 0.808750 0.067500 0.082500
0 0.745000 0.798333 0.063750 0.080000
0 0.049688 0.460833 0.070625 0.091667
0 0.126875 0.237917 0.070000 0.097500
0 0.765000 0.480833 0.065000 0.083333
0 0.759375 0.248750 0.062500 0.080833
0 0.342187 0.176250 0.069375 0.097500
0 0.519687 0.541250 0.070625 0.097500
0 0.465938 0.052917 0.071875 0.094167
0 0.428438 0.281250 0.054375 0.085833
0 0.900312 0.202500 0.059375 0.076667
0 0.475313 0.915833 0.079375 0.080000
0 0.242500 0.293750 0.071250 0.099167
0 0.485938 0.843750 0.078125 0.087500
0 0.655312 0.410417 0.060625 0.077500
0 0.689063 0.905833 0.070625 0.091667
0 0.143437 0.125417 0.065625 0.082500
0 0.661563 0.096667 0.058125 0.081667
0 0.247188 0.700833 0.071875 0.085000
0 0.940937 0.561667 0.061875 0.076667
0 0.432188 0.685417 0.063125 0.112500
0 0.162188 0.467083 0.065625 0.084167
0 0.228125 0.952500 0.068750 0.093333
0 0.844063 0.159583 0.070625 0.094167
1 0.170313 0.865000 0.076875 0.098333
0 0.911250 0.274167 0.055000 0.080000
0 0.401875 0.208750 0.060000 0.087500
0 0.736875 0.522917 0.062500 0.082500
0 0.855625 0.114167 0.065000 0.073333
0 0.623750 0.540000 0.056250 0.085000
0 0.249062 0.382083 0.071875 0.100833
0 0.561562 0.256667 0.056875 0.081667
0 0.050937 0.767917 0.048125 0.084167
0 0.646875 0.253750 0.062500 0.100833
0 0.479687 0.661667 0.058125 0.085000
0 0.952500 0.104583 0.060000 0.080833
0 0.108438 0.744583 0.070625 0.077500
0 0.780625 0.747083 0.050000 0.097500
0 0.670625 0.507500 0.060000 0.096667
0 0.644375 0.820833 0.055000 0.086667
0 0.825937 0.702083 0.056875 0.077500
0 0.959375 0.453750 0.057500 0.082500
0 0.220000 0.484167 0.053750 0.078333
0 0.957812 0.243750 0.054375 0.072500
0 0.352812 0.782500 0.055625 0.106667
1 0.787500 0.310000 0.091250 0.103333
0 0.505313 0.734167 0.061875 0.070000
0 0.317812 0.114583 0.074375 0.097500
0 0.386250 0.629167 0.071250 0.100000
0 0.589063 0.315417 0.066875 0.070833
6 0.888125 0.503333 0.073750 0.146667
0 0.311875 0.795833 0.052500 0.096667
0 0.446250 0.373750 0.062500 0.060833
0 0.130312 0.457917 0.050625 0.145833
0 0.466250 0.601250 0.051250 0.099167
0 0.953125 0.505417 0.070000 0.070833
0 0.696875 0.455000 0.076250 0.093333
