0 0.772188 0.906250 0.074375 0.094167
0 0.502188 0.891667 0.051875 0.085000
0 0.460000 0.687083 0.072500 0.100833
0 0.449062 0.884167 0.060625 0.085000
0 0.298125 0.287083 0.063750 0.095833
0 0.242812 0.122083 0.068125 0.090833
0 0.868437 0.643750 0.071875 0.100833
0 0.712500 0.534583 0.053750 0.082500
0 0.546250 0.103333 0.055000 0.096667
0 0.666562 0.460833 0.068125 0.080000
0 0.827187 0.361667 0.065625 0.093333
0 0.835625 0.872083 0.061250 0.084167
0 0.086250 0.238750 0.065000 0.082500
0 0.646875 0.574167 0.061250 0.078333
0 0.418438 0.813333 0.059375 0.081667
0 0.782813 0.583750 0.063125 0.077500
0 0.905937 0.315417 0.065625 0.079167
0 0.151250 0.932083 0.058750 0.092500
0 0.909687 0.180417 0.063125 0.084167
0 0.363750 0.232917 0.058750 0.090833
0 0.899375 0.772917 0.080000 0.075833
0 0.387813 0.714583 0.064375 0.089167
0 0.515312 0.306667 0.063125 0.096667
0 0.754062 0.126250 0.074375 0.085833
0 0.157500 0.087917 0.058750 0.084167
0 0.574063 0.375417 0.065625 0.094167
0 0.862500 0.130417 0.061250 0.089167
0 0.770625 0.804583 0.065000 0.072500
0 0.575313 0.916667 0.068125 0.088333
0 0.612187 0.653333 0.066875 0.086667
0 0.270313 0.764583 0.070625 0.095833
0 0.184688 0.849583 0.071875 0.084167
0 0.432500 0.549583 0.062500 0.065833
0 0.925312 0.846250 0.064375 0.089167
0 0.885000 0.047500 0.061250 0.083333
0 0.113437 0.158333 0.064375 0.086667
5 0.924687 0.712917 0.053125 0.085833
0 0.037812 0.737500 0.066875 0.096667
0 0.448437 0.482500 0.065625 0.080000
0 0.919687 0.590000 0.061875 0.081667
1 0.089063 0.710833 0.070625 0.113333
0 0.329375 0.716250 0.077500 0.099167
0 0.333750 0.830833 0.081250 0.078333
0 0.244375 0.867083 0.058750 0.094167
0 0.912500 0.965833 0.068750 0.066667
0 0.215625 0.676667 0.086250 0.101667
0 0.308750 0.075417 0.061250 0.087500
0 0.592187 0.542083 0.064375 0.095833
0 0.806875 0.707500 0.067500 0.090000
0 0.152812 0.836250 0.073125 0.100833
0 0.376250 0.517500 0.071250 0.101667
0 0.879375 0.807500 0.061250 0.073333
0 0.345313 0.628333 0.069375 0.091667
0 0.109375 0.314167 0.058750 0.085000
0 0.459375 0.140833 0.081250 0.093333
0 0.559375 0.830417 0.067500 0.079167
0 0.775937 0.509583 0.068125 0.092500
0 0.796250 0.735417 0.067500 0.084167
0 0.259375 0.589583 0.053750 0.074167
0 0.837187 0.048333 0.061875 0.095000
1 0.105000 0.095417 0.073750 0.125833
1 0.184375 0.300417 0.101250 0.084167
1 0.583125 0.730000 0.096250 0.126667
0 0.493125 0.082917 0.053750 0.094167
0 0.032813 0.836250 0.063125 0.085833
0 0.561562 0.555417 0.053125 0.087500
0 0.940937 0.648750 0.069375 0.079167
0 0.970625 0.296250 0.058750 0.080833
