0 0.106563 0.882917 0.065625 0.084167
0 0.673750 0.402083 0.066250 0.082500
0 0.715000 0.174167 0.066250 0.080000
0 0.596875 0.332500 0.062500 0.085000
0 0.631250 0.072917 0.073750 0.092500
0 0.385625 0.279167 0.075000 0.083333
0 0.132500 0.647083 0.076250 0.090833
0 0.344062 0.120833 0.070625 0.090000
0 0.642188 0.684583 0.063125 0.077500
0 0.197813 0.366667 0.058125 0.093333
0 0.429063 0.188750 0.069375 0.084167
0 0.436875 0.330417 0.068750 0.095833
0 0.171875 0.105000 0.070000 0.090000
0 0.827500 0.159583 0.065000 0.084167
0 0.465000 0.692917 0.072500 0.089167
0 0.398125 0.076250 0.056250 0.064167
0 0.133125 0.224167 0.071250 0.103333
0 0.638125 0.594583 0.061250 0.079167
0 0.610938 0.945833 0.060625 0.066667
0 0.255000 0.197500 0.067500 0.085000
0 0.778125 0.762500 0.058750 0.083333
0 0.753750 0.318333 0.060000 0.083333
0 0.544375 0.147917 0.076250 0.095833
0 0.285313 0.277500 0.060625 0.073333
0 0.754687 0.497083 0.073125 0.092500
0 0.702187 0.059167 0.066875 0.083333
0 0.293438 0.468750 0.070625 0.082500
0 0.809063 0.077500 0.080625 0.088333
0 0.698438 0.560417 0.074375 0.097500
0 0.423438 0.657500 0.063125 0.076667
0 0.387500 0.391250 0.063750 0.084167
0 0.202187 0.751667 0.070625 0.095000
0 0.615625 0.454583 0.075000 0.089167
0 0.661875 0.209583 0.075000 0.092500
0 0.322813 0.202500 0.070625 0.101667
0 0.622812 0.267500 0.069375 0.075000
0 0.496875 0.200000 0.076250 0.101667
0 0.776250 0.163750 0.063750 0.090833
0 0.578125 0.620000 0.071250 0.086667
0 0.785937 0.255000 0.064375 0.078333
0 0.615625 0.865417 0.052500 0.077500
1 0.528750 0.398750 0.080000 0.120833
0 0.300312 0.387500 0.065625 0.083333
0 0.888437 0.191250 0.070625 0.105833
0 0.961875 0.240417 0.065000 0.089167
0 0.788125 0.252083 0.072500 0.100833
0 0.366250 0.683750 0.063750 0.094167
0 0.630938 0.772917 0.076875 0.099167
0 0.508750 0.120833 0.070000 0.096667
0 0.248750 0.497083 0.068750 0.082500
0 0.455000 0.403333 0.067500 0.076667
0 0.519375 0.488333 0.053750 0.081667
0 0.846875 0.077917 0.065000 0.085833
0 0.098125 0.728333 0.063750 0.093333
0 0.904687 0.245000 0.059375 0.081667
0 0.749375 0.705417 0.075000 0.097500
0 0.377188 0.428333 0.073125 0.096667
0 0.312188 0.308750 0.076875 0.099167
1 0.863750 0.858333 0.075000 0.095000
1 0.892500 0.561250 0.132500 0.117500
1 0.260000 0.326250 0.073750 0.110833
1 0.545000 0.688333 0.078750 0.081667
0 0.311250 0.874167 0.056250 0.101667
0 0.636563 0.820833 0.069375 0.095000
0 0.585938 0.712500 0.060625 0.083333
0 0.701250 0.724583 0.050000 0.077500
0 0.705000 0.637917 0.057500 0.092500
0 0.710625 0.683333 0.071250 0.073333
0 0.185000 0.165000 0.076250 0.083333
0 0.512188 0.808750 0.050625 0.087500
0 0.813438 0.822500 0.073125 0.083333
0 0.945000 0.730833 0.075000 0.085000
0 0.884375 0.918750 0.052500 0.080833
0 0.332500 0.740833 0.076250 0.076667
0 0.735938 0.467083 0.065625 0.070833
