0 0.151250 0.247083 0.058750 0.087500
0 0.169375 0.381667 0.075000 0.095000
0 0.218125 0.524583 0.067500 0.084167
0 0.273438 0.786250 0.061875 0.085833
0 0.092500 0.063333 0.076250 0.088333
0 0.479063 0.639583 0.076875 0.105833
0 0.260000 0.188333 0.077500 0.100000
0 0.268437 0.352500 0.068125 0.088333
0 0.226562 0.275000 0.076875 0.103333
0 0.722187 0.517083 0.076875 0.104167
0 0.180625 0.600417 0.065000 0.080833
0 0.655625 0.478750 0.073750 0.084167
0 0.078437 0.894167 0.051875 0.075000
0 0.272500 0.460833 0.072500 0.095000
0 0.852187 0.131250 0.071875 0.097500
0 0.394375 0.939167 0.071250 0.090000
0 0.512813 0.517917 0.076875 0.109167
0 0.362812 0.614583 0.071875 0.095833
0 0.184688 0.730833 0.074375 0.101667
0 0.096562 0.747500 0.075625 0.091667
0 0.202187 0.920417 0.075625 0.094167
0 0.075938 0.157500 0.050625 0.078333
0 0.408125 0.420833 0.070000 0.091667
0 0.324062 0.685000 0.068125 0.086667
0 0.217188 0.813750 0.064375 0.085833
0 0.035937 0.778333 0.059375 0.086667
0 0.048750 0.318333 0.065000 0.110000
0 0.595938 0.678333 0.081875 0.106667
0 0.519375 0.727083 0.071250 0.110833
0 0.678125 0.135000 0.065000 0.090000
0 0.098437 0.790833 0.071875 0.100000
0 0.106563 0.317500 0.054375 0.071667
0 0.808438 0.337083 0.060625 0.077500
0 0.850625 0.418750 0.070000 0.087500
0 0.042188 0.206667 0.069375 0.101667
0 0.774375 0.164167 0.071250 0.080000
0 0.489063 0.184583 0.071875 0.097500
1 0.673750 0.659583 0.088750 0.109167
1 0.423750 0.268333 0.088750 0.128333
1 0.869062 0.211667 0.085625 0.116667
1 0.274687 0.615833 0.070625 0.086667
0 0.783438 0.596250 0.063125 0.080833
0 0.794375 0.733333 0.080000 0.110000
0 0.184062 0.861667 0.071875 0.093333
0 0.615625 0.131250 0.057500 0.089167
0 0.795937 0.270000 0.060625 0.083333
0 0.204063 0.107917 0.065625 0.079167
0 0.793750 0.096667 0.063750 0.073333
1 0.342187 0.376667 0.078125 0.096667
1 0.460938 0.787500 0.100625 0.140000
0 0.302500 0.572500 0.063750 0.071667
0 0.168125 0.089583 0.063750 0.077500
0 0.213125 0.748750 0.063750 0.095833
0 0.550937 0.124583 0.070625 0.079167
0 0.368125 0.305833 0.073750 0.095000
0 0.332813 0.305833 0.059375 0.095000
0 0.789687 0.536250 0.058125 0.082500
0 0.788750 0.691250 0.062500 0.097500
0 0.761250 0.687500 0.063750 0.101667
0 0.722187 0.647500 0.059375 0.086667
0 0.849063 0.640417 0.069375 0.094167
0 0.889062 0.641250 0.069375 0.095833
0 0.861250 0.853333 0.062500 0.086667
0 0.805312 0.917083 0.066875 0.080833
