0 0.151250 0.552500 0.067500 0.091667
0 0.896563 0.179583 0.065625 0.089167
0 0.700937 0.402500 0.060625 0.090000
0 0.828750 0.096667 0.071250 0.090000
0 0.318437 0.905000 0.055625 0.085000
0 0.479375 0.229167 0.066250 0.091667
0 0.500938 0.339583 0.065625 0.079167
0 0.302187 0.696667 0.069375 0.096667
0 0.660000 0.504583 0.070000 0.087500
0 0.672188 0.581250 0.063125 0.090833
0 0.763750 0.567917 0.073750 0.092500
0 0.765938 0.247083 0.063125 0.095833
0 0.040625 0.235417 0.055000 0.095833
0 0.289375 0.547083 0.060000 0.077500
0 0.724688 0.920833 0.073125 0.090000
0 0.861875 0.689167 0.055000 0.090000
0 0.218438 0.128750 0.063125 0.080833
3 0.600313 0.853750 0.083125 0.109167
0 0.787500 0.494167 0.070000 0.085000
0 0.482187 0.108333 0.068125 0.090000
0 0.421563 0.079167 0.064375 0.088333
0 0.077188 0.677917 0.066875 0.095833
0 0.508125 0.854167 0.062500 0.096667
0 0.765625 0.412500 0.071250 0.093333
0 0.161250 0.267917 0.065000 0.090833
0 0.132812 0.325000 0.063125 0.095000
0 0.537813 0.786667 0.078125 0.100000
0 0.884062 0.852500 0.063125 0.085000
0 0.374688 0.277917 0.055625 0.072500
0 0.804375 0.661667 0.061250 0.090000
0 0.575313 0.192500 0.055625 0.096667
0 0.300625 0.407500 0.071250 0.093333
0 0.799687 0.748750 0.068125 0.079167
0 0.959375 0.805833 0.070000 0.091667
1 0.369688 0.715833 0.069375 0.111667
0 0.260625 0.061250 0.071250 0.079167
0 0.937187 0.950833 0.060625 0.090000
0 0.242188 0.380417 0.061875 0.084167
0 0.317812 0.270833 0.058125 0.078333
0 0.231563 0.657083 0.063125 0.075833
0 0.355938 0.591667 0.064375 0.076667
0 0.241563 0.547500 0.060625 0.078333
0 0.354063 0.354167 0.076875 0.088333
0 0.660937 0.126667 0.071875 0.101667
3 0.472813 0.682083 0.084375 0.104167
0 0.325937 0.151667 0.076875 0.080000
0 0.187812 0.231250 0.066875 0.089167
0 0.377500 0.527917 0.056250 0.092500
0 0.704063 0.097500 0.061875 0.086667
0 0.030937 0.522083 0.061875 0.087500
0 0.025000 0.364167 0.050000 0.080000
0 0.362500 0.837917 0.065000 0.085833
0 0.125938 0.781250 0.068125 0.077500
