0 0.645312 0.214167 0.065625 0.088333
0 0.867500 0.746250 0.062500 0.085833
0 0.075938 0.601667 0.061875 0.096667
0 0.407500 0.709167 0.068750 0.098333
0 0.717187 0.084583 0.061875 0.085833
0 0.399062 0.158750 0.058125 0.082500
0 0.902500 0.831667 0.061250 0.098333
0 0.115000 0.344583 0.065000 0.090833
0 0.057813 0.282083 0.066875 0.084167
0 0.927188 0.348750 0.065625 0.087500
0 0.766563 0.150417 0.061875 0.104167
0 0.555625 0.797917 0.060000 0.085833
0 0.695312 0.406250 0.064375 0.085833
0 0.760625 0.659583 0.056250 0.080833
0 0.146250 0.491667 0.067500 0.083333
0 0.806562 0.341667 0.061875 0.088333
0 0.330313 0.170000 0.066875 0.091667
0 0.295938 0.574583 0.063125 0.085833
0 0.343125 0.078750 0.070000 0.082500
0 0.946875 0.691667 0.062500 0.081667
0 0.507188 0.175417 0.064375 0.084167
0 0.841875 0.435417 0.063750 0.095833
0 0.936250 0.916667 0.066250 0.093333
0 0.419687 0.509167 0.068125 0.091667
0 0.698750 0.677917 0.062500 0.084167
0 0.092813 0.703333 0.064375 0.098333
0 0.828750 0.136250 0.056250 0.075833
0 0.827812 0.240000 0.065625 0.100000
0 0.896875 0.251667 0.060000 0.081667
0 0.636875 0.482500 0.058750 0.088333
0 0.497812 0.852083 0.060625 0.084167
0 0.369375 0.362917 0.071250 0.077500
0 0.236250 0.130833 0.061250 0.078333
0 0.883125 0.537917 0.067500 0.082500
0 0.589063 0.709583 0.063125 0.087500
0 0.840625 0.824167 0.056250 0.081667
0 0.762813 0.423333 0.059375 0.091667
0 0.358438 0.445000 0.073125 0.080000
0 0.680000 0.894167 0.065000 0.086667
0 0.810000 0.544167 0.062500 0.085000
0 0.442500 0.592083 0.062500 0.080833
0 0.425000 0.805000 0.066250 0.076667
0 0.575313 0.073333 0.063125 0.086667
0 0.293438 0.470833 0.061875 0.081667
0 0.465313 0.267500 0.060625 0.090000
0 0.697187 0.772917 0.066875 0.092500
0 0.957812 0.780833 0.061875 0.086667
0 0.876563 0.627083 0.063125 0.085833
0 0.437812 0.082917 0.053125 0.079167
0 0.469375 0.687500 0.057500 0.098333
0 0.504687 0.534583 0.059375 0.079167
0 0.134063 0.077917 0.063125 0.084167
0 0.190938 0.949583 0.060625 0.085833
0 0.690625 0.275833 0.075000 0.093333
0 0.060000 0.908750 0.057500 0.077500
0 0.575625 0.512083 0.066250 0.077500
0 0.224375 0.050833 0.065000 0.080000
0 0.587187 0.864167 0.061875 0.081667
0 0.191875 0.334583 0.063750 0.094167
0 0.260313 0.872083 0.055625 0.080833
0 0.630000 0.777083 0.058750 0.080833
0 0.357500 0.837500 0.053750 0.091667
0 0.495312 0.082500 0.059375 0.076667
0 0.125000 0.903750 0.061250 0.085833
0 0.290000 0.248750 0.060000 0.087500
0 0.341562 0.295417 0.058125 0.084167
0 0.548125 0.254167 0.062500 0.080000
0 0.177187 0.817500 0.058125 0.081667
0 0.125938 0.635417 0.068125 0.077500
0 0.542813 0.437917 0.065625 0.084167
0 0.459688 0.164583 0.056875 0.097500
0 0.507500 0.377500 0.072500 0.088333
0 0.177500 0.210417 0.063750 0.094167
0 0.079687 0.819167 0.074375 0.103333
0 0.030000 0.643333 0.060000 0.081667
0 0.935312 0.186250 0.066875 0.104167
0 0.238125 0.637083 0.066250 0.092500
0 0.819063 0.958333 0.058125 0.081667
0 0.347187 0.663750 0.061875 0.082500
0 0.046875 0.344583 0.056250 0.095833
0 0.284062 0.754583 0.064375 0.092500
0 0.149062 0.555833 0.074375 0.090000
0 0.434688 0.890417 0.064375 0.090833
0 0.955625 0.094583 0.071250 0.090833
0 0.508125 0.625417 0.067500 0.090833
0 0.530937 0.702500 0.058125 0.076667
0 0.072188 0.422917 0.064375 0.077500
0 0.860625 0.040833 0.060000 0.081667
0 0.419063 0.932500 0.069375 0.073333
0 0.054375 0.790000 0.063750 0.096667
0 0.784375 0.722917 0.070000 0.092500
0 0.030312 0.443750 0.060625 0.080833
0 0.545625 0.639167 0.078750 0.076667
0 0.877500 0.956667 0.051250 0.085000
