0 0.149375 0.174167 0.075000 0.086667
0 0.918750 0.320833 0.065000 0.081667
0 0.852812 0.304167 0.071875 0.088333
0 0.955625 0.457083 0.066250 0.082500
0 0.673438 0.520833 0.064375 0.090000
0 0.842812 0.395000 0.059375 0.075000
0 0.624375 0.360417 0.060000 0.080833
0 0.415625 0.918750 0.078750 0.095833
0 0.195625 0.320417 0.065000 0.080833
0 0.502188 0.262083 0.069375 0.084167
0 0.200625 0.862917 0.068750 0.100833
0 0.328750 0.292500 0.065000 0.085000
0 0.958750 0.132917 0.066250 0.082500
0 0.731250 0.097917 0.063750 0.087500
0 0.336875 0.812917 0.080000 0.107500
0 0.892813 0.162917 0.056875 0.080833
0 0.962187 0.384583 0.071875 0.080833
0 0.640312 0.169167 0.074375 0.105000
0 0.076563 0.523750 0.079375 0.104167
0 0.405625 0.760833 0.078750 0.095000
1 0.938125 0.635417 0.091250 0.120833
0 0.383437 0.353750 0.068125 0.090833
0 0.898125 0.842083 0.072500 0.097500
0 0.447813 0.503333 0.078125 0.095000
0 0.901563 0.234583 0.071875 0.080833
0 0.624062 0.878333 0.070625 0.100000
0 0.479687 0.691250 0.080625 0.097500
0 0.825625 0.085417 0.065000 0.077500
0 0.438437 0.830833 0.073125 0.088333
0 0.880938 0.756667 0.079375 0.103333
0 0.065312 0.409167 0.074375 0.083333
0 0.542500 0.792083 0.067500 0.089167
0 0.148438 0.407083 0.059375 0.082500
0 0.712187 0.200417 0.073125 0.097500
0 0.812813 0.183333 0.074375 0.100000
0 0.758437 0.350000 0.061875 0.086667
0 0.894062 0.519583 0.076875 0.092500
0 0.450000 0.411667 0.068750 0.088333
0 0.661875 0.438333 0.081250 0.103333
0 0.591562 0.850833 0.069375 0.088333
0 0.764375 0.900417 0.073750 0.090833
0 0.589063 0.432500 0.070625 0.096667
0 0.486250 0.944167 0.077500 0.093333
0 0.286875 0.551667 0.086250 0.108333
0 0.110625 0.340417 0.080000 0.102500
0 0.273125 0.270417 0.076250 0.104167
0 0.751563 0.243333 0.075625 0.095000
0 0.884062 0.937083 0.080625 0.109167
0 0.581562 0.278333 0.073125 0.093333
0 0.369688 0.517917 0.063125 0.080833
0 0.398750 0.613333 0.072500 0.100000
0 0.527500 0.409167 0.058750 0.088333
0 0.729688 0.449167 0.063125 0.098333
0 0.092813 0.659583 0.074375 0.095833
0 0.062500 0.281667 0.072500 0.091667
0 0.569375 0.262500 0.061250 0.078333
0 0.873437 0.492917 0.073125 0.092500
0 0.331562 0.425000 0.053125 0.098333
0 0.968750 0.844583 0.062500 0.089167
0 0.404375 0.260000 0.057500 0.080000
0 0.111875 0.830417 0.057500 0.127500
0 0.378750 0.461667 0.071250 0.096667
0 0.360312 0.212917 0.061875 0.072500
0 0.247812 0.202083 0.083125 0.095833
0 0.672188 0.394583 0.069375 0.099167
0 0.455313 0.102500 0.060625 0.086667
0 0.423750 0.082917 0.072500 0.087500
0 0.674375 0.216667 0.078750 0.091667
0 0.405000 0.165000 0.063750 0.098333
0 0.967187 0.268750 0.065625 0.092500
0 0.111875 0.273750 0.057500 0.084167
0 0.138437 0.255000 0.060625 0.081667
0 0.475938 0.737083 0.064375 0.094167
0 0.515312 0.384167 0.068125 0.095000
0 0.518125 0.346667 0.065000 0.083333
0 0.730000 0.374167 0.066250 0.075000
0 0.344062 0.610417 0.070625 0.090833
0 0.863125 0.727500 0.071250 0.096667
0 0.575000 0.532500 0.058750 0.101667
0 0.435937 0.370000 0.069375 0.095000
0 0.464375 0.604167 0.078750 0.085000
0 0.484063 0.589167 0.061875 0.095000
0 0.520938 0.534583 0.070625 0.095833
