0 0.471875 0.243750 0.060000 0.090833
0 0.430625 0.597500 0.062500 0.088333
0 0.050625 0.454167 0.060000 0.081667
0 0.468438 0.145000 0.060625 0.086667
0 0.460000 0.690417 0.061250 0.095833
0 0.316250 0.389583 0.062500 0.092500
0 0.376250 0.528750 0.065000 0.094167
0 0.206875 0.318750 0.070000 0.082500
0 0.610000 0.731250 0.060000 0.087500
0 0.435312 0.322083 0.061875 0.079167
0 0.765312 0.199167 0.064375 0.098333
0 0.704375 0.877083 0.056250 0.079167
0 0.445312 0.409583 0.065625 0.087500
0 0.585625 0.430417 0.061250 0.080833
0 0.878125 0.876250 0.057500 0.077500
0 0.222812 0.167083 0.055625 0.072500
0 0.601875 0.646667 0.065000 0.080000
0 0.814688 0.789167 0.065625 0.081667
0 0.464062 0.510000 0.060625 0.086667
0 0.659062 0.344167 0.060625 0.098333
0 0.155938 0.110417 0.063125 0.094167
0 0.565625 0.052083 0.063750 0.092500
0 0.736875 0.733750 0.073750 0.084167
0 0.392188 0.680000 0.053125 0.088333
0 0.175625 0.465417 0.063750 0.089167
0 0.449375 0.881250 0.065000 0.067500
0 0.533438 0.626667 0.063125 0.078333
0 0.176875 0.405833 0.063750 0.088333
0 0.822187 0.127083 0.063125 0.084167
0 0.628125 0.126250 0.056250 0.087500
0 0.757188 0.835417 0.066875 0.085833
0 0.138437 0.580000 0.073125 0.095000
0 0.919063 0.697500 0.063125 0.091667
0 0.181875 0.223750 0.071250 0.087500
0 0.918125 0.389583 0.068750 0.080833
0 0.247188 0.554167 0.064375 0.075000
0 0.596875 0.487917 0.052500 0.077500
0 0.110625 0.500417 0.061250 0.079167
0 0.422500 0.787917 0.055000 0.102500
0 0.961250 0.804583 0.062500 0.087500
0 0.212812 0.512500 0.055625 0.066667
0 0.743437 0.473333 0.055625 0.075000
0 0.884687 0.289583 0.059375 0.080833
0 0.573750 0.328750 0.070000 0.089167
0 0.314063 0.529583 0.065625 0.090833
0 0.540937 0.193333 0.055625 0.078333
0 0.360938 0.638333 0.073125 0.085000
0 0.874375 0.765000 0.065000 0.081667
0 0.780312 0.575417 0.061875 0.077500
0 0.412187 0.114167 0.070625 0.083333
0 0.525000 0.930833 0.062500 0.085000
0 0.207500 0.775833 0.062500 0.090000
0 0.255625 0.460000 0.066250 0.085000
0 0.623437 0.927500 0.053125 0.111667
0 0.245625 0.076250 0.060000 0.075833
0 0.661250 0.092083 0.056250 0.077500
0 0.957187 0.530000 0.056875 0.081667
0 0.863750 0.519583 0.061250 0.087500
0 0.451562 0.064167 0.066875 0.086667
0 0.326562 0.155417 0.053125 0.082500
0 0.597500 0.555000 0.055000 0.090000
0 0.519687 0.755000 0.069375 0.090000
0 0.145313 0.207917 0.064375 0.094167
0 0.538750 0.536250 0.057500 0.074167
0 0.156250 0.906667 0.058750 0.065000
0 0.356875 0.930833 0.055000 0.090000
0 0.828438 0.408750 0.056875 0.069167
0 0.122813 0.751667 0.079375 0.106667
0 0.329375 0.914167 0.061250 0.080000
0 0.408438 0.243750 0.056875 0.075833
0 0.298438 0.257917 0.054375 0.077500
0 0.353125 0.813333 0.047500 0.088333
0 0.511250 0.130000 0.068750 0.080000
0 0.657500 0.461667 0.051250 0.071667
0 0.925937 0.449167 0.050625 0.098333
0 0.513437 0.451250 0.055625 0.072500
0 0.061250 0.795417 0.052500 0.074167
0 0.804375 0.665417 0.065000 0.080833
0 0.828125 0.635833 0.050000 0.080000
0 0.279062 0.084167 0.068125 0.080000
0 0.965625 0.106250 0.067500 0.085833
0 0.549063 0.834167 0.056875 0.075000
0 0.712812 0.538750 0.080625 0.057500
0 0.711562 0.140833 0.051875 0.080000
0 0.293438 0.178750 0.061875 0.075833
0 0.460938 0.772083 0.059375 0.092500
0 0.902188 0.603333 0.069375 0.120000
0 0.466875 0.846667 0.053750 0.086667
0 0.944688 0.857083 0.046875 0.104167
0 0.034375 0.693750 0.068750 0.099167
0 0.780625 0.909583 0.056250 0.079167
0 0.946250 0.761250 0.061250 0.085833
0 0.888437 0.130000 0.048125 0.065000
0 0.264062 0.636667 0.054375 0.075000
3 0.366250 0.279167 0.081250 0.126667
0 0.274375 0.692500 0.057500 0.093333
0 0.673750 0.671667 0.061250 0.063333
0 0.868437 0.129167 0.056875 0.080000
0 0.820937 0.312917 0.050625 0.069167
0 0.106563 0.257500 0.055625 0.071667
0 0.087500 0.042083 0.050000 0.075833
0 0.688438 0.036250 0.056875 0.072500
0 0.624375 0.158750 0.057500 0.089167
0 0.818125 0.272917 0.061250 0.085833
0 0.903125 0.303750 0.051250 0.065833
0 0.591562 0.300000 0.056875 0.090000
0 0.541250 0.235833 0.060000 0.091667
0 0.545625 0.109583 0.082500 0.065833
0 0.405313 0.144583 0.044375 0.099167
0 0.340313 0.126667 0.054375 0.070000
0 0.250625 0.055000 0.056250 0.076667
0 0.308437 0.225000 0.065625 0.083333
0 0.298438 0.291667 0.054375 0.076667
0 0.244375 0.439167 0.053750 0.066667
0 0.289375 0.719167 0.050000 0.078333
0 0.264375 0.672083 0.048750 0.099167
0 0.098437 0.277917 0.051875 0.090833
0 0.251563 0.939583 0.056875 0.074167
0 0.147187 0.944167 0.054375 0.081667
0 0.079687 0.822917 0.045625 0.084167
0 0.084375 0.872917 0.057500 0.085833
0 0.084062 0.936250 0.056875 0.100833
0 0.112812 0.712083 0.060625 0.075833
0 0.097187 0.749583 0.060625 0.074167
0 0.332500 0.549583 0.060000 0.067500
0 0.520625 0.421250 0.052500 0.060833
0 0.541250 0.430417 0.062500 0.090833
0 0.670937 0.470417 0.064375 0.064167
0 0.561250 0.565833 0.048750 0.071667
0 0.732187 0.692917 0.046875 0.072500
0 0.523750 0.721667 0.050000 0.083333
0 0.562187 0.801667 0.066875 0.091667
0 0.552500 0.956250 0.050000 0.075833
0 0.378125 0.811250 0.061250 0.084167
0 0.319688 0.883750 0.045625 0.080833
0 0.364063 0.859167 0.056875 0.091667
0 0.884062 0.965000 0.063125 0.066667
0 0.817500 0.849583 0.050000 0.087500
0 0.785000 0.874583 0.056250 0.075833
0 0.899062 0.783750 0.055625 0.074167
0 0.975000 0.616667 0.050000 0.078333
0 0.840000 0.432917 0.062500 0.085833
0 0.744375 0.502917 0.062500 0.072500
0 0.797813 0.550833 0.058125 0.080000
0 0.845000 0.492500 0.065000 0.078333
0 0.950000 0.454167 0.065000 0.081667
0 0.816875 0.036250 0.051250 0.072500
0 0.803750 0.891667 0.052500 0.091667
