0 0.429688 0.241250 0.070625 0.092500
0 0.673750 0.633333 0.067500 0.078333
0 0.545312 0.631250 0.074375 0.090833
0 0.508125 0.134167 0.072500 0.085000
0 0.142187 0.292083 0.069375 0.082500
0 0.435937 0.782917 0.070625 0.087500
0 0.409375 0.516667 0.071250 0.095000
0 0.646563 0.540000 0.080625 0.090000
0 0.127188 0.200833 0.073125 0.095000
0 0.927188 0.245000 0.074375 0.098333
0 0.504687 0.218333 0.056875 0.093333
0 0.520312 0.337917 0.071875 0.092500
0 0.521250 0.908333 0.082500 0.096667
0 0.558125 0.207500 0.058750 0.088333
0 0.594688 0.422083 0.061875 0.087500
0 0.072188 0.538750 0.070625 0.114167
0 0.213438 0.325833 0.078125 0.106667
0 0.038125 0.801667 0.063750 0.080000
0 0.646563 0.273333 0.073125 0.085000
0 0.618750 0.101250 0.067500 0.095833
0 0.760000 0.495000 0.075000 0.100000
0 0.705000 0.178750 0.075000 0.084167
0 0.125312 0.513333 0.060625 0.110000
0 0.311875 0.662500 0.082500 0.095000
0 0.830937 0.553750 0.070625 0.102500
0 0.255000 0.527083 0.077500 0.097500
0 0.360000 0.051250 0.066250 0.092500
0 0.402813 0.632500 0.068125 0.108333
0 0.406562 0.148333 0.071875 0.090000
0 0.542188 0.440000 0.075625 0.101667
0 0.488125 0.755833 0.070000 0.106667
0 0.552188 0.084167 0.061875 0.091667
0 0.796250 0.650833 0.071250 0.115000
0 0.253437 0.431250 0.073125 0.092500
0 0.660937 0.716250 0.083125 0.095833
0 0.815937 0.909583 0.088125 0.099167
0 0.478750 0.632500 0.072500 0.096667
0 0.873750 0.275833 0.070000 0.080000
0 0.404062 0.931667 0.076875 0.080000
0 0.294375 0.277917 0.063750 0.084167
0 0.319375 0.944583 0.080000 0.097500
0 0.147813 0.909167 0.066875 0.093333
0 0.298750 0.810833 0.068750 0.105000
0 0.452813 0.410417 0.069375 0.092500
