0 0.110937 0.282917 0.070625 0.097500
0 0.715625 0.659167 0.075000 0.101667
0 0.178125 0.770417 0.077500 0.105833
0 0.255312 0.187083 0.068125 0.089167
0 0.880938 0.607917 0.070625 0.092500
0 0.294063 0.060833 0.070625 0.098333
0 0.209063 0.931667 0.059375 0.078333
0 0.360312 0.676250 0.078125 0.112500
0 0.276875 0.921667 0.055000 0.086667
0 0.822812 0.712917 0.079375 0.109167
0 0.779687 0.862500 0.074375 0.110000
0 0.852500 0.814583 0.070000 0.099167
0 0.490000 0.154583 0.078750 0.110833
0 0.244375 0.836250 0.065000 0.087500
0 0.500625 0.294583 0.073750 0.097500
0 0.520000 0.558333 0.077500 0.080000
0 0.921562 0.769167 0.068125 0.101667
0 0.789062 0.487083 0.074375 0.095833
0 0.394062 0.286667 0.059375 0.078333
0 0.318125 0.175417 0.051250 0.084167
0 0.275313 0.700417 0.065625 0.105833
0 0.405625 0.192500 0.078750 0.093333
0 0.790937 0.321250 0.073125 0.089167
0 0.707500 0.092500 0.065000 0.078333
0 0.482187 0.789583 0.064375 0.109167
0 0.083125 0.859583 0.078750 0.107500
0 0.959688 0.165000 0.073125 0.111667
0 0.518437 0.638750 0.080625 0.087500
0 0.904687 0.694167 0.061875 0.080000
0 0.734688 0.238333 0.070625 0.101667
0 0.960313 0.531667 0.078125 0.108333
0 0.299063 0.502083 0.061875 0.084167
0 0.271875 0.421250 0.071250 0.087500
0 0.770000 0.185417 0.063750 0.082500
0 0.774375 0.430833 0.083750 0.113333
0 0.815937 0.228333 0.071875 0.093333
0 0.134375 0.544583 0.062500 0.090833
0 0.144687 0.425417 0.078125 0.092500
0 0.630938 0.254167 0.075625 0.083333
0 0.524687 0.736250 0.074375 0.100833
0 0.639687 0.188750 0.086875 0.092500
0 0.200937 0.301667 0.078125 0.101667
0 0.180000 0.488750 0.065000 0.085833
0 0.032500 0.720417 0.063750 0.084167
0 0.205937 0.520833 0.045625 0.090000
0 0.245312 0.496667 0.085625 0.066667
1 0.465000 0.475000 0.078750 0.116667
