0 0.493750 0.300833 0.080000 0.103333
0 0.560625 0.506250 0.062500 0.082500
0 0.771250 0.766250 0.063750 0.097500
0 0.578438 0.750833 0.066875 0.101667
0 0.733750 0.455417 0.071250 0.094167
0 0.820000 0.113750 0.063750 0.087500
0 0.385313 0.840417 0.063125 0.080833
0 0.303125 0.546667 0.075000 0.108333
0 0.649687 0.589583 0.071875 0.102500
0 0.404687 0.248333 0.066875 0.086667
0 0.247812 0.445000 0.083125 0.108333
0 0.389688 0.672500 0.073125 0.103333
0 0.212188 0.560417 0.074375 0.104167
0 0.277187 0.946667 0.075625 0.101667
0 0.650312 0.819167 0.074375 0.100000
0 0.731563 0.853333 0.073125 0.098333
0 0.132812 0.146667 0.075625 0.095000
0 0.702500 0.735417 0.068750 0.100833
0 0.122188 0.490000 0.069375 0.083333
0 0.638750 0.199583 0.068750 0.095833
0 0.521875 0.191250 0.078750 0.095833
0 0.507812 0.805417 0.065625 0.107500
0 0.630938 0.737500 0.058125 0.083333
0 0.821562 0.318750 0.068125 0.092500
0 0.659375 0.402917 0.073750 0.114167
0 0.270625 0.231250 0.067500 0.087500
0 0.728125 0.212917 0.063750 0.085833
0 0.376250 0.443333 0.063750 0.080000
0 0.934063 0.317917 0.079375 0.117500
0 0.079375 0.235833 0.066250 0.088333
0 0.387813 0.943750 0.074375 0.100833
0 0.871875 0.762083 0.063750 0.100833
0 0.312500 0.723750 0.073750 0.097500
0 0.308750 0.673750 0.060000 0.082500
0 0.870313 0.837083 0.076875 0.087500
0 0.929688 0.160000 0.069375 0.093333
0 0.460000 0.797500 0.072500 0.086667
0 0.894687 0.177083 0.079375 0.109167
0 0.952187 0.047500 0.063125 0.095000
0 0.516250 0.091250 0.070000 0.087500
1 0.495625 0.435833 0.091250 0.121667
