0 0.747500 0.119583 0.072500 0.094167
0 0.394375 0.824583 0.075000 0.095833
0 0.590000 0.106250 0.060000 0.099167
0 0.048438 0.808750 0.068125 0.085833
0 0.500625 0.620000 0.070000 0.105000
0 0.066562 0.223750 0.065625 0.105833
0 0.504687 0.297917 0.068125 0.087500
0 0.418125 0.343750 0.073750 0.095833
0 0.223125 0.202083 0.071250 0.090833
0 0.890000 0.587500 0.070000 0.101667
0 0.104688 0.938333 0.080625 0.081667
0 0.682813 0.159583 0.078125 0.099167
0 0.494063 0.817917 0.073125 0.100833
0 0.718750 0.675000 0.063750 0.076667
0 0.122188 0.431250 0.076875 0.109167
0 0.316563 0.154167 0.068125 0.081667
0 0.666250 0.469167 0.063750 0.106667
0 0.820625 0.866250 0.071250 0.090833
0 0.869375 0.106667 0.060000 0.093333
0 0.333437 0.427917 0.069375 0.099167
0 0.120938 0.329167 0.065625 0.111667
0 0.542813 0.556667 0.071875 0.093333
0 0.662188 0.704167 0.078125 0.086667
0 0.106875 0.757917 0.076250 0.100833
0 0.808750 0.095833 0.068750 0.110000
0 0.271875 0.823750 0.073750 0.100833
0 0.671250 0.611667 0.067500 0.091667
0 0.396875 0.753750 0.073750 0.092500
0 0.574375 0.254167 0.060000 0.116667
0 0.630625 0.387500 0.061250 0.088333
0 0.885625 0.866250 0.082500 0.092500
0 0.332813 0.537083 0.063125 0.090833
0 0.065000 0.626667 0.072500 0.103333
0 0.385000 0.658333 0.085000 0.090000
0 0.393125 0.197500 0.071250 0.081667
0 0.324688 0.902083 0.079375 0.099167
0 0.830625 0.363750 0.073750 0.090833
0 0.418750 0.610000 0.071250 0.090000
0 0.523125 0.758750 0.078750 0.077500
0 0.379063 0.270417 0.075625 0.069167
0 0.431875 0.555417 0.071250 0.090833
0 0.585000 0.458750 0.078750 0.089167
0 0.503125 0.220000 0.073750 0.093333
0 0.177187 0.947083 0.074375 0.100833
0 0.777188 0.650833 0.068125 0.081667
0 0.930312 0.357917 0.069375 0.097500
0 0.504062 0.453333 0.076875 0.101667
0 0.432188 0.169167 0.073125 0.070000
0 0.930625 0.684167 0.073750 0.110000
0 0.484063 0.148333 0.063125 0.071667
0 0.218750 0.828750 0.081250 0.082500
0 0.950313 0.293333 0.068125 0.078333
0 0.689688 0.372500 0.073125 0.085000
0 0.724375 0.585000 0.072500 0.088333
0 0.309375 0.350000 0.070000 0.088333
0 0.613437 0.526667 0.074375 0.108333
0 0.044375 0.069583 0.082500 0.092500
0 0.810312 0.580417 0.071875 0.102500
0 0.806250 0.781250 0.077500 0.089167
0 0.289375 0.270417 0.067500 0.087500
0 0.257812 0.428750 0.089375 0.092500
0 0.887813 0.516667 0.079375 0.081667
0 0.279375 0.702083 0.091250 0.102500
0 0.740313 0.040417 0.084375 0.080833
0 0.857500 0.265000 0.070000 0.090000
0 0.641250 0.672083 0.067500 0.087500
0 0.252812 0.956250 0.073125 0.085833
0 0.185312 0.092500 0.070625 0.095000
0 0.168125 0.671250 0.093750 0.082500
0 0.150938 0.120417 0.083125 0.082500
0 0.873750 0.335417 0.072500 0.090833
0 0.733437 0.897917 0.094375 0.087500
0 0.460000 0.095000 0.081250 0.090000
0 0.753750 0.553333 0.078750 0.093333
0 0.639375 0.244583 0.076250 0.109167
0 0.747188 0.805000 0.070625 0.096667
0 0.153125 0.212917 0.076250 0.107500
0 0.660625 0.947917 0.100000 0.100833
0 0.844375 0.454583 0.081250 0.089167
0 0.883750 0.793333 0.085000 0.076667
0 0.771250 0.954583 0.076250 0.089167
0 0.766250 0.312917 0.063750 0.112500
0 0.436563 0.436250 0.075625 0.094167
4 0.169063 0.637083 0.081875 0.082500
0 0.663750 0.329167 0.078750 0.080000
0 0.453750 0.049583 0.087500 0.064167
0 0.311875 0.221250 0.090000 0.084167
0 0.260000 0.394583 0.075000 0.102500
