0 0.674687 0.693333 0.063125 0.095000
0 0.276875 0.790833 0.063750 0.091667
0 0.585000 0.566250 0.065000 0.090833
0 0.565937 0.839167 0.064375 0.085000
0 0.442812 0.633750 0.070625 0.094167
0 0.705625 0.812917 0.070000 0.092500
0 0.918125 0.701667 0.063750 0.088333
0 0.313437 0.421667 0.061875 0.091667
0 0.308750 0.168333 0.072500 0.111667
0 0.643125 0.508333 0.066250 0.093333
0 0.257500 0.361667 0.063750 0.093333
0 0.340938 0.764167 0.055625 0.091667
0 0.780000 0.067500 0.065000 0.090000
0 0.620000 0.652500 0.056250 0.085000
0 0.960625 0.879583 0.071250 0.095833
0 0.826562 0.571667 0.061875 0.070000
0 0.143750 0.395000 0.073750 0.083333
0 0.189375 0.348750 0.063750 0.084167
0 0.222188 0.154167 0.055625 0.086667
0 0.602500 0.109583 0.052500 0.092500
0 0.116562 0.504167 0.061875 0.090000
0 0.698750 0.587083 0.065000 0.087500
0 0.822500 0.737083 0.067500 0.107500
0 0.810937 0.249167 0.051875 0.078333
0 0.863750 0.647500 0.066250 0.076667
0 0.754375 0.740833 0.063750 0.098333
0 0.527188 0.625000 0.068125 0.076667
0 0.080312 0.713333 0.066875 0.078333
0 0.168750 0.761250 0.057500 0.075833
0 0.253750 0.473333 0.071250 0.093333
0 0.714375 0.897917 0.068750 0.067500
0 0.157812 0.146667 0.055625 0.076667
0 0.718437 0.445833 0.078125 0.081667
0 0.768125 0.870000 0.057500 0.085000
0 0.467187 0.722500 0.068125 0.091667
0 0.057500 0.389167 0.066250 0.083333
0 0.771563 0.807917 0.056875 0.070833
0 0.299375 0.304583 0.055000 0.075833
0 0.590625 0.292917 0.066250 0.092500
0 0.760000 0.555000 0.057500 0.081667
0 0.899375 0.825000 0.078750 0.091667
0 0.083750 0.576250 0.071250 0.082500
0 0.276250 0.085833 0.061250 0.080000
0 0.832500 0.847083 0.065000 0.082500
0 0.491875 0.911250 0.061250 0.090833
0 0.509062 0.262500 0.060625 0.081667
0 0.580625 0.054583 0.060000 0.089167
0 0.839688 0.156667 0.075625 0.078333
0 0.214062 0.437083 0.069375 0.085833
0 0.241250 0.263333 0.060000 0.076667
0 0.483125 0.561667 0.053750 0.080000
0 0.961562 0.788333 0.065625 0.075000
0 0.940000 0.424583 0.051250 0.084167
0 0.348750 0.921667 0.057500 0.073333
0 0.613750 0.187500 0.067500 0.098333
0 0.717812 0.285417 0.053125 0.072500
0 0.576250 0.419583 0.062500 0.082500
0 0.618437 0.795417 0.054375 0.097500
0 0.203750 0.642083 0.052500 0.075833
0 0.170313 0.852500 0.065625 0.081667
0 0.364375 0.051250 0.057500 0.072500
0 0.411250 0.448750 0.070000 0.079167
0 0.257812 0.903333 0.063125 0.091667
0 0.699375 0.530000 0.063750 0.098333
0 0.850625 0.510417 0.058750 0.080833
0 0.208125 0.835417 0.061250 0.077500
0 0.305000 0.550833 0.063750 0.065000
0 0.189688 0.477917 0.074375 0.095833
0 0.907813 0.253333 0.058125 0.086667
0 0.176563 0.541667 0.054375 0.070000
0 0.448750 0.180417 0.057500 0.072500
0 0.922500 0.074167 0.061250 0.080000
0 0.959063 0.309583 0.066875 0.089167
0 0.566250 0.710417 0.067500 0.090833
0 0.858125 0.118750 0.057500 0.097500
0 0.358438 0.256667 0.063125 0.093333
0 0.083437 0.150833 0.055625 0.095000
0 0.495625 0.820833 0.053750 0.088333
0 0.368125 0.623333 0.061250 0.080000
0 0.645000 0.277083 0.061250 0.077500
0 0.849688 0.940833 0.071875 0.093333
0 0.733125 0.483750 0.055000 0.089167
0 0.053437 0.191667 0.064375 0.081667
0 0.385625 0.145833 0.055000 0.101667
0 0.690937 0.086250 0.055625 0.074167
0 0.758437 0.350000 0.070625 0.110000
0 0.045937 0.642083 0.058125 0.075833
0 0.241250 0.710417 0.071250 0.095833
0 0.915625 0.126250 0.061250 0.079167
0 0.804688 0.688750 0.055625 0.070833
0 0.790937 0.365833 0.064375 0.093333
0 0.843750 0.060417 0.052500 0.120833
0 0.126562 0.243750 0.060625 0.075833
0 0.416563 0.930417 0.061875 0.074167
0 0.149062 0.087500 0.053125 0.091667
0 0.193438 0.951667 0.063125 0.095000
0 0.416563 0.716667 0.068125 0.065000
0 0.114062 0.888750 0.061875 0.080833
0 0.472187 0.480000 0.055625 0.068333
0 0.640625 0.382917 0.058750 0.080833
0 0.164375 0.625833 0.057500 0.075000
0 0.145000 0.608333 0.041250 0.066667
0 0.145625 0.236250 0.062500 0.072500
0 0.034063 0.480000 0.065625 0.088333
0 0.390313 0.346250 0.065625 0.099167
0 0.384375 0.292500 0.060000 0.078333
0 0.409062 0.125000 0.046875 0.070000
0 0.250625 0.107500 0.058750 0.078333
0 0.212500 0.257083 0.060000 0.075833
0 0.334062 0.237500 0.056875 0.081667
0 0.200625 0.485417 0.050000 0.072500
0 0.190312 0.237917 0.054375 0.069167
0 0.181250 0.322917 0.062500 0.089167
0 0.421250 0.204583 0.057500 0.074167
0 0.505938 0.113333 0.063125 0.085000
0 0.530937 0.127917 0.055625 0.072500
0 0.670000 0.152083 0.057500 0.072500
0 0.678438 0.111667 0.065625 0.078333
0 0.946562 0.095833 0.066875 0.078333
0 0.869375 0.370417 0.058750 0.059167
0 0.917188 0.444167 0.054375 0.091667
0 0.969375 0.534167 0.058750 0.078333
0 0.842812 0.444583 0.045625 0.074167
0 0.857812 0.474167 0.058125 0.061667
0 0.850938 0.388750 0.055625 0.084167
0 0.925625 0.240833 0.048750 0.075000
0 0.905625 0.217083 0.053750 0.064167
0 0.782813 0.312083 0.068125 0.102500
0 0.818125 0.303333 0.070000 0.106667
0 0.768750 0.508333 0.057500 0.103333
0 0.540625 0.752500 0.067500 0.068333
0 0.615000 0.743750 0.065000 0.085833
0 0.639062 0.780833 0.053125 0.083333
0 0.503750 0.640833 0.052500 0.093333
0 0.345000 0.795417 0.052500 0.089167
0 0.288438 0.812500 0.056875 0.070000
0 0.306250 0.905000 0.081250 0.083333
0 0.284375 0.681250 0.048750 0.062500
0 0.356563 0.590833 0.061875 0.068333
0 0.028438 0.761667 0.054375 0.068333
0 0.044375 0.878333 0.057500 0.080000
0 0.105938 0.928750 0.045625 0.077500
0 0.280625 0.941250 0.056250 0.072500
0 0.091563 0.895417 0.063125 0.084167
0 0.383437 0.949583 0.061875 0.074167
0 0.220625 0.902083 0.058750 0.097500
0 0.395000 0.712083 0.056250 0.075833
0 0.235000 0.574583 0.047500 0.070833
0 0.334375 0.623750 0.068750 0.062500
0 0.269375 0.565000 0.067500 0.078333
0 0.294375 0.593333 0.057500 0.093333
0 0.099375 0.486667 0.056250 0.078333
0 0.346562 0.037917 0.058125 0.075833
0 0.404375 0.402917 0.066250 0.077500
0 0.494688 0.505000 0.055625 0.106667
0 0.512188 0.545833 0.061875 0.075000
0 0.612500 0.409167 0.060000 0.080000
0 0.588750 0.447500 0.060000 0.080000
0 0.717812 0.197083 0.064375 0.077500
0 0.572500 0.310417 0.050000 0.095833
0 0.517500 0.300833 0.050000 0.088333
0 0.745625 0.177917 0.062500 0.077500
0 0.671250 0.249583 0.060000 0.090833
0 0.691875 0.323333 0.058750 0.080000
0 0.711875 0.252500 0.058750 0.078333
0 0.667813 0.363750 0.081875 0.080833
0 0.200000 0.038750 0.051250 0.074167
0 0.141250 0.050000 0.057500 0.080000
0 0.880625 0.955000 0.058750 0.081667
0 0.909062 0.791667 0.066875 0.078333
0 0.722187 0.926667 0.055625 0.085000
0 0.783438 0.893333 0.055625 0.073333
0 0.790625 0.657500 0.067500 0.080000
0 0.450000 0.208750 0.065000 0.070833
0 0.278750 0.060000 0.051250 0.078333
0 0.130000 0.410417 0.060000 0.067500
0 0.210000 0.745417 0.080000 0.070833
0 0.172813 0.738333 0.060625 0.078333
0 0.096562 0.530000 0.061875 0.080000
0 0.608750 0.141667 0.060000 0.090000
0 0.191562 0.637917 0.056875 0.087500
4 0.518437 0.703750 0.063125 0.094167
