0 0.823750 0.077500 0.062500 0.093333
0 0.616250 0.772500 0.075000 0.096667
0 0.665312 0.940833 0.068125 0.088333
0 0.730000 0.217500 0.052500 0.075000
0 0.654375 0.091250 0.071250 0.085833
0 0.927813 0.196667 0.075625 0.110000
0 0.782188 0.321250 0.070625 0.100833
0 0.290625 0.527917 0.078750 0.112500
0 0.775000 0.849167 0.068750 0.081667
0 0.100937 0.210000 0.075625 0.093333
0 0.882500 0.135000 0.070000 0.088333
0 0.673438 0.819167 0.074375 0.101667
0 0.798438 0.190000 0.070625 0.090000
0 0.876875 0.937500 0.078750 0.101667
0 0.475000 0.077917 0.081250 0.102500
5 0.664062 0.333333 0.051875 0.075000
0 0.249062 0.616250 0.080625 0.104167
0 0.659062 0.229167 0.081875 0.113333
0 0.262500 0.923750 0.075000 0.100833
0 0.492500 0.570417 0.057500 0.089167
0 0.711875 0.143750 0.057500 0.065833
0 0.395000 0.714167 0.080000 0.108333
0 0.570625 0.860833 0.071250 0.100000
0 0.954063 0.447500 0.079375 0.106667
0 0.394062 0.096250 0.078125 0.102500
0 0.750938 0.770000 0.059375 0.086667
0 0.269062 0.818333 0.075625 0.105000
0 0.199687 0.878333 0.075625 0.098333
0 0.239063 0.097083 0.068125 0.100833
0 0.797500 0.643333 0.076250 0.101667
0 0.464375 0.744167 0.060000 0.083333
0 0.743750 0.521250 0.076250 0.102500
0 0.621875 0.480833 0.061250 0.076667
1 0.054688 0.615000 0.089375 0.133333
1 0.855000 0.200833 0.080000 0.121667
0 0.346562 0.649167 0.084375 0.090000
0 0.907188 0.555833 0.073125 0.096667
0 0.676562 0.450000 0.053125 0.073333
0 0.355938 0.898333 0.075625 0.100000
0 0.309688 0.721250 0.074375 0.085833
0 0.650312 0.170000 0.058125 0.086667
0 0.510625 0.846667 0.067500 0.103333
0 0.853437 0.484167 0.071875 0.103333
0 0.631250 0.880417 0.067500 0.075833
0 0.138437 0.281667 0.068125 0.090000
0 0.774687 0.433750 0.075625 0.100833
0 0.530937 0.700833 0.063125 0.071667
1 0.195937 0.571667 0.129375 0.105000
1 0.779375 0.573333 0.080000 0.083333
0 0.753125 0.949167 0.073750 0.083333
0 0.741250 0.343333 0.076250 0.083333
0 0.733750 0.427083 0.061250 0.090833
0 0.802500 0.441250 0.076250 0.090833
0 0.266562 0.766667 0.065625 0.081667
0 0.105000 0.526667 0.071250 0.091667
0 0.098125 0.404583 0.071250 0.074167
0 0.226562 0.327917 0.068125 0.074167
0 0.587500 0.055417 0.060000 0.095833
0 0.630313 0.669167 0.056875 0.083333
0 0.697812 0.671667 0.061875 0.078333
0 0.455625 0.870000 0.056250 0.081667
0 0.579688 0.572917 0.073125 0.087500
0 0.614375 0.589167 0.076250 0.080000
0 0.574063 0.657500 0.068125 0.071667
0 0.645312 0.616667 0.065625 0.085000
0 0.366875 0.796250 0.057500 0.087500
0 0.547500 0.776250 0.073750 0.075833
0 0.467187 0.651250 0.060625 0.087500
0 0.676562 0.420000 0.069375 0.080000
0 0.435312 0.602917 0.068125 0.089167
4 0.416875 0.804583 0.077500 0.090833
0 0.108750 0.953750 0.060000 0.079167
