0 0.220000 0.218750 0.055000 0.087500
0 0.524687 0.074167 0.065625 0.080000
0 0.906563 0.907917 0.064375 0.087500
0 0.609688 0.187917 0.055625 0.072500
0 0.245625 0.710833 0.072500 0.081667
0 0.104688 0.766667 0.065625 0.085000
0 0.141250 0.699167 0.057500 0.078333
0 0.262500 0.387500 0.076250 0.101667
0 0.309688 0.787917 0.063125 0.070833
0 0.082812 0.456250 0.064375 0.079167
0 0.137813 0.625417 0.061875 0.072500
0 0.820312 0.227083 0.068125 0.087500
0 0.928438 0.338750 0.068125 0.082500
0 0.517500 0.165000 0.061250 0.083333
0 0.652500 0.289167 0.058750 0.078333
0 0.190000 0.941667 0.070000 0.080000
0 0.626875 0.106250 0.072500 0.097500
0 0.478125 0.316250 0.071250 0.080833
0 0.583438 0.289583 0.060625 0.097500
0 0.097187 0.051667 0.058125 0.078333
0 0.455313 0.203750 0.065625 0.087500
0 0.517500 0.694167 0.077500 0.098333
0 0.941562 0.255833 0.065625 0.080000
0 0.653750 0.576250 0.075000 0.090833
0 0.162500 0.833750 0.072500 0.087500
0 0.531250 0.780000 0.057500 0.073333
0 0.940625 0.448333 0.057500 0.070000
0 0.143750 0.371667 0.078750 0.095000
0 0.766875 0.521250 0.060000 0.080833
0 0.307500 0.700000 0.058750 0.081667
0 0.524062 0.570000 0.070625 0.091667
0 0.587187 0.832083 0.066875 0.082500
0 0.354375 0.062917 0.070000 0.090833
0 0.540312 0.460000 0.066875 0.096667
0 0.363438 0.160417 0.064375 0.099167
0 0.514687 0.910000 0.053125 0.073333
0 0.191562 0.108750 0.073125 0.099167
0 0.071875 0.669583 0.060000 0.087500
0 0.582187 0.596667 0.063125 0.101667
0 0.887500 0.510833 0.070000 0.090000
0 0.731563 0.095000 0.075625 0.098333
0 0.879062 0.139583 0.071875 0.092500
0 0.259375 0.508333 0.070000 0.103333
0 0.852812 0.470417 0.066875 0.092500
0 0.626250 0.875833 0.077500 0.090000
0 0.325937 0.854167 0.060625 0.081667
0 0.726250 0.198750 0.053750 0.077500
0 0.313750 0.497917 0.068750 0.099167
0 0.068125 0.581250 0.058750 0.070833
0 0.798438 0.073333 0.066875 0.100000
0 0.810000 0.948750 0.067500 0.092500
0 0.223438 0.048750 0.063125 0.087500
0 0.160625 0.447500 0.056250 0.085000
1 0.686250 0.188333 0.075000 0.128333
0 0.782813 0.468750 0.065625 0.107500
0 0.599063 0.437083 0.066875 0.092500
0 0.897500 0.106250 0.078750 0.105833
0 0.820000 0.778333 0.070000 0.093333
0 0.544375 0.318750 0.073750 0.094167
0 0.788750 0.889583 0.075000 0.092500
0 0.894062 0.611667 0.078125 0.100000
0 0.318437 0.590000 0.066875 0.078333
0 0.396562 0.136250 0.070625 0.094167
1 0.077500 0.880417 0.112500 0.084167
1 0.429375 0.863750 0.080000 0.122500
1 0.757188 0.816250 0.084375 0.117500
0 0.158438 0.044583 0.065625 0.089167
0 0.125000 0.515833 0.055000 0.101667
0 0.297187 0.609583 0.068125 0.067500
0 0.094375 0.581250 0.060000 0.085833
0 0.671562 0.938750 0.065625 0.094167
0 0.721875 0.931250 0.077500 0.087500
0 0.382812 0.867083 0.063125 0.097500
0 0.427187 0.925833 0.063125 0.080000
0 0.577500 0.380417 0.058750 0.084167
0 0.961875 0.506250 0.062500 0.082500
0 0.934375 0.589167 0.063750 0.098333
0 0.969375 0.581250 0.058750 0.107500
0 0.886875 0.690000 0.073750 0.081667
0 0.869687 0.724583 0.068125 0.072500
