0 0.879375 0.288750 0.078750 0.099167
0 0.352187 0.887083 0.078125 0.100833
0 0.867500 0.723750 0.081250 0.100833
0 0.745000 0.058750 0.081250 0.099167
0 0.597187 0.130417 0.078125 0.095833
0 0.578438 0.897500 0.071875 0.103333
0 0.646875 0.778333 0.083750 0.090000
0 0.947187 0.726667 0.071875 0.100000
0 0.534062 0.552083 0.074375 0.097500
0 0.358438 0.091250 0.068125 0.090833
0 0.075313 0.588333 0.079375 0.105000
0 0.391250 0.824167 0.081250 0.113333
0 0.259375 0.825000 0.063750 0.096667
0 0.672188 0.169167 0.081875 0.095000
0 0.645000 0.317917 0.076250 0.114167
0 0.735938 0.885000 0.064375 0.086667
0 0.253750 0.204583 0.077500 0.090833
0 0.305312 0.320833 0.060625 0.103333
0 0.731250 0.601667 0.073750 0.098333
0 0.531875 0.136667 0.057500 0.093333
0 0.670000 0.905417 0.073750 0.100833
0 0.422187 0.106250 0.071875 0.099167
0 0.222812 0.339167 0.066875 0.091667
0 0.143437 0.544583 0.071875 0.082500
0 0.332500 0.529583 0.078750 0.102500
0 0.382812 0.605833 0.078125 0.095000
0 0.718437 0.383750 0.081875 0.100833
0 0.242812 0.700417 0.064375 0.090833
0 0.426250 0.654167 0.081250 0.110000
0 0.040938 0.462083 0.068125 0.094167
0 0.164062 0.381250 0.078125 0.105833
0 0.335313 0.202500 0.073125 0.103333
0 0.961562 0.137083 0.075625 0.105833
0 0.341875 0.633333 0.077500 0.101667
0 0.402813 0.412917 0.070625 0.094167
0 0.786250 0.566250 0.076250 0.102500
0 0.174687 0.642500 0.081875 0.106667
0 0.766250 0.114167 0.076250 0.105000
0 0.355000 0.252083 0.082500 0.097500
0 0.545625 0.264167 0.067500 0.083333
0 0.787500 0.697083 0.085000 0.102500
0 0.194375 0.940417 0.067500 0.112500
0 0.524375 0.358750 0.085000 0.097500
0 0.673438 0.563750 0.071875 0.102500
0 0.816250 0.592500 0.075000 0.098333
0 0.437812 0.545833 0.070625 0.093333
0 0.928438 0.670417 0.074375 0.102500
0 0.940937 0.505833 0.079375 0.100000
0 0.103750 0.275833 0.063750 0.091667
0 0.121875 0.743333 0.081250 0.096667
0 0.186562 0.712083 0.070625 0.092500
0 0.089375 0.384583 0.070000 0.092500
0 0.958438 0.860000 0.066875 0.103333
0 0.284687 0.476250 0.079375 0.069167
0 0.109687 0.462500 0.069375 0.095000
0 0.761563 0.299583 0.074375 0.107500
0 0.847812 0.204167 0.083125 0.085000
0 0.095937 0.089583 0.080625 0.102500
0 0.311563 0.390833 0.075625 0.105000
0 0.137813 0.436250 0.073125 0.079167
0 0.180000 0.093750 0.077500 0.082500
0 0.410625 0.705417 0.067500 0.077500
0 0.212812 0.272083 0.060625 0.094167
0 0.286562 0.907917 0.064375 0.095833
0 0.110625 0.081250 0.072500 0.092500
0 0.213438 0.040000 0.080625 0.078333
0 0.108438 0.763750 0.071875 0.110833
0 0.453750 0.892083 0.065000 0.089167
0 0.885938 0.798333 0.075625 0.058333
2 0.349062 0.751667 0.079375 0.148333
1 0.202500 0.150417 0.071250 0.147500
0 0.483125 0.157083 0.062500 0.099167
0 0.422187 0.938750 0.066875 0.120833
0 0.281250 0.311250 0.056250 0.097500
0 0.157812 0.533750 0.073125 0.087500
