0 0.760312 0.147083 0.061875 0.084167
0 0.330313 0.226250 0.058125 0.084167
0 0.370937 0.392083 0.065625 0.095833
0 0.508437 0.782083 0.073125 0.077500
0 0.138437 0.717917 0.060625 0.089167
0 0.515000 0.183333 0.068750 0.085000
0 0.260625 0.673333 0.067500 0.095000
0 0.317812 0.817083 0.066875 0.082500
0 0.690937 0.261250 0.075625 0.100833
0 0.902188 0.403333 0.065625 0.098333
0 0.851875 0.936250 0.068750 0.090833
0 0.519687 0.329167 0.071875 0.100000
0 0.709688 0.537917 0.066875 0.085833
0 0.556562 0.516667 0.065625 0.081667
1 0.104688 0.605833 0.085625 0.106667
0 0.074375 0.677083 0.070000 0.085833
0 0.866250 0.349583 0.065000 0.094167
0 0.157188 0.922083 0.055625 0.080833
0 0.413125 0.287083 0.060000 0.097500
0 0.638437 0.428333 0.060625 0.091667
0 0.384375 0.865833 0.066250 0.100000
0 0.879687 0.798333 0.071875 0.081667
0 0.430937 0.718750 0.066875 0.079167
0 0.242812 0.250000 0.071875 0.093333
0 0.257188 0.088333 0.066875 0.095000
0 0.725313 0.837917 0.070625 0.109167
0 0.482812 0.255417 0.078125 0.100833
0 0.174687 0.165417 0.065625 0.075833
0 0.116250 0.097917 0.077500 0.090833
0 0.107500 0.156250 0.072500 0.090833
0 0.545312 0.595417 0.064375 0.084167
0 0.377188 0.186250 0.059375 0.099167
0 0.114687 0.892917 0.063125 0.095833
0 0.952187 0.901667 0.074375 0.083333
0 0.668750 0.057083 0.050000 0.070833
0 0.695625 0.464583 0.062500 0.099167
0 0.584688 0.177500 0.054375 0.078333
0 0.642188 0.115833 0.074375 0.103333
0 0.631250 0.524583 0.063750 0.115833
0 0.757812 0.528333 0.064375 0.103333
0 0.595625 0.137083 0.072500 0.087500
0 0.795000 0.481250 0.085000 0.084167
