0 0.265937 0.660000 0.076875 0.096667
0 0.702187 0.701667 0.079375 0.096667
0 0.939688 0.309167 0.071875 0.091667
0 0.112187 0.232500 0.081875 0.100000
0 0.626875 0.136667 0.068750 0.090000
0 0.319063 0.562083 0.074375 0.092500
0 0.152812 0.683333 0.075625 0.091667
0 0.832187 0.857500 0.083125 0.108333
0 0.534062 0.457917 0.065625 0.089167
0 0.605625 0.488750 0.070000 0.094167
0 0.868125 0.695000 0.072500 0.100000
0 0.741563 0.748333 0.078125 0.091667
0 0.141250 0.475417 0.075000 0.095833
0 0.867188 0.578750 0.069375 0.087500
0 0.519687 0.891250 0.076875 0.105833
0 0.121875 0.600417 0.077500 0.104167
0 0.689688 0.479583 0.074375 0.100833
0 0.080937 0.420833 0.076875 0.098333
0 0.296563 0.267500 0.068125 0.096667
0 0.854688 0.093750 0.071875 0.117500
0 0.665312 0.308333 0.079375 0.108333
0 0.645000 0.891250 0.088750 0.114167
0 0.931562 0.107083 0.078125 0.095833
0 0.930625 0.495417 0.090000 0.115833
0 0.722812 0.137083 0.069375 0.097500
0 0.292187 0.471250 0.071875 0.090833
0 0.385937 0.497917 0.068125 0.097500
0 0.076250 0.708750 0.068750 0.102500
0 0.906563 0.260417 0.069375 0.104167
0 0.394688 0.186250 0.073125 0.104167
0 0.779375 0.330000 0.075000 0.101667
0 0.195312 0.390000 0.078125 0.103333
0 0.931250 0.637083 0.081250 0.104167
0 0.575000 0.742500 0.071250 0.100000
0 0.157500 0.818333 0.065000 0.098333
0 0.460313 0.282500 0.078125 0.085000
0 0.570000 0.372917 0.077500 0.104167
0 0.218750 0.872917 0.066250 0.107500
0 0.773750 0.572083 0.078750 0.100833
0 0.487500 0.112083 0.082500 0.110833
0 0.503437 0.726250 0.081875 0.110833
0 0.264062 0.115833 0.075625 0.080000
0 0.342500 0.305000 0.068750 0.083333
0 0.416563 0.360833 0.064375 0.095000
0 0.891875 0.774583 0.055000 0.104167
0 0.331875 0.653750 0.056250 0.102500
0 0.192188 0.807083 0.066875 0.090833
0 0.354063 0.400833 0.061875 0.071667
0 0.362812 0.321250 0.069375 0.092500
