0 0.673750 0.574583 0.075000 0.102500
0 0.725000 0.386667 0.063750 0.083333
0 0.239375 0.480000 0.067500 0.083333
0 0.394688 0.512083 0.071875 0.099167
0 0.462187 0.488750 0.076875 0.104167
0 0.094375 0.075833 0.076250 0.098333
5 0.937500 0.310000 0.061250 0.086667
0 0.302812 0.543333 0.075625 0.106667
0 0.625625 0.704583 0.073750 0.097500
0 0.395313 0.170417 0.061875 0.104167
0 0.138750 0.925833 0.076250 0.111667
0 0.792188 0.399167 0.073125 0.106667
0 0.314375 0.370000 0.068750 0.088333
0 0.070312 0.503750 0.078125 0.095833
0 0.519687 0.420417 0.075625 0.105833
0 0.466562 0.142917 0.076875 0.102500
0 0.669687 0.438333 0.074375 0.090000
0 0.106250 0.462500 0.072500 0.088333
0 0.768437 0.507083 0.078125 0.100833
0 0.418438 0.327083 0.069375 0.094167
0 0.155938 0.832500 0.073125 0.093333
0 0.598750 0.436250 0.075000 0.099167
0 0.332500 0.665000 0.070000 0.098333
0 0.694063 0.479583 0.076875 0.090833
0 0.206563 0.912500 0.069375 0.106667
0 0.113750 0.641250 0.065000 0.104167
0 0.217812 0.385000 0.074375 0.101667
0 0.489687 0.614583 0.075625 0.100833
0 0.377812 0.455417 0.083125 0.115833
0 0.892500 0.884167 0.085000 0.106667
0 0.124375 0.364583 0.053750 0.082500
0 0.815000 0.466250 0.070000 0.074167
1 0.168750 0.189167 0.086250 0.115000
0 0.435937 0.102083 0.071875 0.094167
0 0.799063 0.604167 0.074375 0.101667
0 0.586875 0.276667 0.066250 0.091667
0 0.614375 0.537500 0.063750 0.088333
0 0.555625 0.735000 0.075000 0.100000
0 0.254688 0.258750 0.059375 0.074167
0 0.295312 0.428333 0.079375 0.106667
0 0.692813 0.708333 0.061875 0.090000
1 0.197500 0.310833 0.097500 0.058333
1 0.242812 0.668333 0.065625 0.128333
1 0.314063 0.891250 0.120625 0.104167
1 0.809688 0.868750 0.063125 0.112500
1 0.567500 0.647083 0.095000 0.082500
1 0.792813 0.731250 0.061875 0.089167
1 0.737500 0.621250 0.073750 0.115833
0 0.640938 0.053333 0.065625 0.085000
1 0.786250 0.097083 0.091250 0.140833
0 0.590938 0.132083 0.055625 0.092500
0 0.642500 0.205000 0.062500 0.090000
0 0.801250 0.248750 0.057500 0.100833
0 0.647813 0.295833 0.060625 0.088333
0 0.459062 0.285417 0.065625 0.085833
0 0.517188 0.325417 0.069375 0.080833
0 0.391562 0.363750 0.064375 0.082500
0 0.480000 0.337083 0.066250 0.089167
0 0.539375 0.262917 0.068750 0.080833
0 0.487812 0.242917 0.071875 0.090833
0 0.040938 0.590000 0.063125 0.088333
0 0.099687 0.583333 0.060625 0.076667
0 0.163438 0.545417 0.066875 0.082500
0 0.190625 0.665417 0.062500 0.087500
0 0.387188 0.627500 0.065625 0.085000
0 0.237187 0.596667 0.065625 0.076667
0 0.205937 0.551667 0.059375 0.080000
0 0.743750 0.715833 0.055000 0.076667
0 0.824688 0.708333 0.069375 0.083333
0 0.195937 0.259583 0.073125 0.084167
0 0.069687 0.395833 0.066875 0.078333
0 0.052812 0.252917 0.065625 0.082500
0 0.088125 0.209167 0.058750 0.073333
0 0.864375 0.283333 0.065000 0.100000
0 0.848437 0.323750 0.063125 0.084167
0 0.815937 0.343750 0.065625 0.092500
0 0.573125 0.520417 0.057500 0.089167
0 0.527500 0.552083 0.065000 0.090833
0 0.279375 0.835833 0.072500 0.081667
0 0.251563 0.855417 0.066875 0.082500
0 0.639687 0.354583 0.060625 0.089167
0 0.581562 0.329583 0.076875 0.089167
0 0.140937 0.320833 0.068125 0.088333
0 0.126250 0.268333 0.073750 0.101667
0 0.167813 0.620417 0.070625 0.092500
0 0.286875 0.766250 0.057500 0.085833
0 0.317500 0.757500 0.065000 0.100000
1 0.179375 0.368750 0.077500 0.070833
