0 0.739375 0.455417 0.078750 0.092500
0 0.679688 0.350000 0.073125 0.101667
0 0.359063 0.672500 0.073125 0.100000
0 0.126250 0.470000 0.068750 0.096667
0 0.419687 0.739583 0.061875 0.090833
0 0.131250 0.668750 0.071250 0.099167
0 0.226250 0.396667 0.070000 0.111667
0 0.440312 0.616250 0.085625 0.102500
0 0.609688 0.749583 0.080625 0.099167
0 0.512813 0.255833 0.069375 0.093333
0 0.694375 0.565417 0.072500 0.099167
0 0.254375 0.278750 0.075000 0.099167
0 0.358125 0.422917 0.082500 0.102500
0 0.262188 0.130417 0.073125 0.110833
0 0.296563 0.515417 0.083125 0.119167
0 0.880313 0.692083 0.078125 0.090833
0 0.394375 0.274167 0.075000 0.098333
0 0.062187 0.917500 0.083125 0.110000
0 0.303750 0.784167 0.070000 0.106667
0 0.624375 0.154167 0.080000 0.105000
0 0.886875 0.883333 0.082500 0.110000
0 0.163750 0.375000 0.070000 0.118333
0 0.127500 0.784167 0.085000 0.100000
0 0.920937 0.247500 0.083125 0.103333
0 0.627188 0.924583 0.073125 0.097500
0 0.160625 0.892917 0.070000 0.094167
0 0.595000 0.615000 0.063750 0.121667
0 0.208437 0.740417 0.074375 0.109167
0 0.540625 0.627083 0.073750 0.092500
0 0.670000 0.834167 0.070000 0.101667
2 0.560312 0.919583 0.074375 0.110833
0 0.885312 0.592500 0.081875 0.105000
0 0.780625 0.362083 0.067500 0.109167
0 0.184688 0.127917 0.073125 0.110833
0 0.069375 0.718333 0.085000 0.110000
0 0.502188 0.875000 0.063125 0.098333
0 0.491563 0.342083 0.065625 0.085833
2 0.316250 0.096250 0.096250 0.147500
0 0.831875 0.467083 0.076250 0.094167
3 0.554063 0.375417 0.068125 0.115833
0 0.785625 0.127500 0.082500 0.108333
1 0.488438 0.766667 0.094375 0.121667
0 0.735625 0.170833 0.095000 0.078333
0 0.413750 0.355000 0.080000 0.076667
0 0.287500 0.862083 0.070000 0.104167
0 0.792188 0.255000 0.094375 0.080000
0 0.656563 0.687500 0.083125 0.106667
0 0.917500 0.147500 0.082500 0.096667
0 0.840625 0.359167 0.066250 0.100000
0 0.607187 0.850000 0.069375 0.105000
0 0.941875 0.411667 0.086250 0.111667
1 0.901250 0.423750 0.096250 0.150833
0 0.856563 0.540417 0.099375 0.092500
3 0.449375 0.842500 0.091250 0.123333
0 0.569688 0.488750 0.053125 0.099167
0 0.453750 0.445000 0.072500 0.105000
0 0.579063 0.597083 0.068125 0.105833
