0 0.849375 0.530417 0.073750 0.090833
0 0.227187 0.329167 0.068125 0.093333
0 0.372812 0.755417 0.074375 0.099167
0 0.850625 0.370000 0.068750 0.093333
0 0.506875 0.902917 0.066250 0.094167
0 0.256250 0.164583 0.085000 0.099167
0 0.254688 0.112083 0.079375 0.090833
0 0.485312 0.491667 0.071875 0.098333
0 0.390937 0.317083 0.074375 0.099167
0 0.170625 0.592917 0.075000 0.102500
0 0.283750 0.713750 0.075000 0.102500
0 0.704688 0.460417 0.071875 0.102500
0 0.043437 0.129583 0.081875 0.104167
0 0.899375 0.742083 0.070000 0.087500
0 0.072813 0.273750 0.070625 0.085833
0 0.930625 0.617917 0.075000 0.099167
0 0.580625 0.322917 0.078750 0.102500
0 0.922813 0.929583 0.076875 0.092500
0 0.588437 0.106250 0.081875 0.097500
0 0.870313 0.237083 0.068125 0.087500
0 0.214375 0.824583 0.065000 0.095833
0 0.076563 0.864583 0.075625 0.104167
0 0.736250 0.835833 0.071250 0.093333
0 0.320937 0.622083 0.078125 0.107500
0 0.613125 0.754583 0.083750 0.104167
0 0.959063 0.068750 0.070625 0.100833
0 0.156562 0.085417 0.069375 0.090833
0 0.320937 0.336667 0.075625 0.105000
0 0.514375 0.244167 0.078750 0.096667
0 0.906875 0.412500 0.075000 0.095000
0 0.509687 0.610000 0.069375 0.088333
0 0.244062 0.926667 0.078125 0.083333
0 0.522500 0.809167 0.071250 0.091667
0 0.859688 0.655000 0.071875 0.103333
0 0.618750 0.353333 0.072500 0.106667
0 0.143437 0.739583 0.078125 0.092500
0 0.957812 0.706667 0.079375 0.098333
0 0.679375 0.624167 0.080000 0.091667
0 0.678750 0.908750 0.070000 0.080833
0 0.165313 0.275000 0.060625 0.093333
0 0.187500 0.455833 0.073750 0.101667
0 0.554063 0.509583 0.061875 0.099167
0 0.483125 0.142083 0.056250 0.104167
0 0.142813 0.240417 0.071875 0.110833
0 0.685000 0.395417 0.060000 0.117500
0 0.556562 0.462917 0.074375 0.105833
0 0.081875 0.492500 0.067500 0.098333
0 0.785000 0.930417 0.075000 0.097500
0 0.128438 0.379167 0.065625 0.096667
0 0.416875 0.454167 0.071250 0.090000
3 0.446562 0.287083 0.076875 0.102500
0 0.037500 0.195000 0.075000 0.098333
0 0.059062 0.378333 0.070625 0.105000
0 0.425938 0.817500 0.084375 0.101667
0 0.804063 0.347083 0.073125 0.094167
0 0.290000 0.890833 0.058750 0.085000
0 0.802813 0.073750 0.088125 0.082500
0 0.707500 0.321667 0.070000 0.098333
0 0.073750 0.537083 0.065000 0.087500
0 0.950313 0.393750 0.074375 0.095833
0 0.639062 0.107500 0.074375 0.110000
0 0.745938 0.177083 0.065625 0.079167
3 0.816875 0.175417 0.068750 0.124167
0 0.744375 0.346250 0.068750 0.085833
0 0.776875 0.242083 0.072500 0.102500
0 0.127812 0.424583 0.061875 0.095833
3 0.752500 0.417917 0.081250 0.144167
0 0.969375 0.418750 0.061250 0.092500
