0 0.905312 0.893333 0.060625 0.070000
0 0.944688 0.218750 0.066875 0.092500
0 0.283750 0.188750 0.068750 0.094167
0 0.412187 0.245000 0.078125 0.103333
0 0.601875 0.906667 0.062500 0.083333
0 0.495625 0.256667 0.061250 0.080000
0 0.750938 0.914583 0.061875 0.089167
0 0.610313 0.152083 0.061875 0.074167
0 0.256250 0.060000 0.067500 0.091667
0 0.731875 0.075417 0.062500 0.099167
0 0.769062 0.723750 0.068125 0.089167
0 0.532188 0.505000 0.060625 0.086667
0 0.809063 0.628333 0.064375 0.080000
0 0.039688 0.906250 0.065625 0.087500
0 0.150625 0.149167 0.056250 0.078333
0 0.335625 0.883750 0.072500 0.087500
0 0.917188 0.472917 0.069375 0.085833
0 0.508437 0.802917 0.060625 0.080833
0 0.072188 0.131667 0.060625 0.086667
0 0.216875 0.425833 0.068750 0.086667
0 0.442188 0.884167 0.063125 0.085000
0 0.145937 0.405417 0.049375 0.079167
0 0.562500 0.842083 0.056250 0.074167
0 0.827500 0.168333 0.063750 0.080000
0 0.179375 0.739167 0.073750 0.081667
0 0.191562 0.821667 0.070625 0.086667
0 0.441875 0.785000 0.065000 0.090000
0 0.349687 0.562917 0.055625 0.065833
0 0.287813 0.947083 0.063125 0.090833
0 0.691250 0.357500 0.066250 0.096667
0 0.915937 0.809167 0.058125 0.090000
0 0.247188 0.700000 0.063125 0.091667
0 0.844688 0.458333 0.064375 0.075000
0 0.342187 0.790417 0.060625 0.069167
0 0.053437 0.692917 0.059375 0.099167
0 0.435937 0.370417 0.079375 0.099167
0 0.617812 0.339583 0.069375 0.090833
0 0.600625 0.249583 0.060000 0.084167
0 0.695625 0.208333 0.065000 0.071667
0 0.174687 0.912083 0.068125 0.092500
0 0.832812 0.797500 0.061875 0.101667
0 0.072813 0.830833 0.051875 0.078333
0 0.732812 0.625417 0.069375 0.082500
0 0.676875 0.504583 0.058750 0.085833
0 0.199687 0.617917 0.068125 0.097500
0 0.748750 0.526667 0.068750 0.080000
0 0.878125 0.356250 0.085000 0.105833
0 0.959375 0.686250 0.071250 0.087500
0 0.248750 0.278333 0.063750 0.088333
0 0.329688 0.334583 0.058125 0.090833
0 0.515312 0.337917 0.056875 0.084167
0 0.466250 0.097917 0.060000 0.080833
0 0.575937 0.346250 0.069375 0.082500
0 0.058125 0.222917 0.063750 0.075833
0 0.731875 0.795000 0.063750 0.083333
0 0.137813 0.647917 0.063125 0.089167
0 0.126250 0.572083 0.055000 0.074167
0 0.500938 0.901667 0.064375 0.083333
0 0.313750 0.658750 0.061250 0.075833
0 0.468438 0.175000 0.060625 0.086667
0 0.498437 0.448333 0.071875 0.095000
0 0.600313 0.605000 0.063125 0.090000
0 0.060000 0.600417 0.068750 0.085833
0 0.394688 0.453750 0.068125 0.067500
0 0.280625 0.857083 0.063750 0.084167
0 0.639062 0.743750 0.069375 0.094167
0 0.821250 0.880417 0.063750 0.104167
0 0.603125 0.510833 0.060000 0.098333
0 0.675937 0.893750 0.065625 0.095833
0 0.739375 0.400833 0.077500 0.083333
0 0.839688 0.070833 0.071875 0.086667
0 0.540625 0.156667 0.052500 0.083333
0 0.350625 0.185000 0.056250 0.108333
0 0.695937 0.591667 0.059375 0.073333
0 0.523125 0.711667 0.051250 0.078333
0 0.091250 0.739167 0.073750 0.086667
0 0.627188 0.687500 0.054375 0.093333
0 0.101250 0.939167 0.052500 0.086667
0 0.801562 0.065000 0.063125 0.103333
0 0.417500 0.733333 0.066250 0.093333
0 0.688125 0.138333 0.080000 0.096667
0 0.600938 0.099167 0.066875 0.090000
0 0.891563 0.580000 0.068125 0.075000
0 0.430000 0.540417 0.055000 0.067500
0 0.447500 0.612500 0.073750 0.085000
0 0.527813 0.645000 0.055625 0.088333
0 0.897188 0.771667 0.054375 0.080000
0 0.743125 0.251250 0.051250 0.069167
0 0.431563 0.047500 0.063125 0.080000
0 0.137813 0.118333 0.044375 0.065000
0 0.219375 0.251667 0.063750 0.068333
0 0.141250 0.322500 0.071250 0.066667
0 0.395937 0.360833 0.054375 0.081667
0 0.339062 0.701667 0.055625 0.070000
0 0.368437 0.585417 0.054375 0.085833
0 0.369688 0.805833 0.054375 0.071667
0 0.694063 0.862083 0.063125 0.074167
0 0.588437 0.461250 0.063125 0.072500
0 0.550312 0.200000 0.054375 0.071667
0 0.738437 0.323750 0.051875 0.095833
0 0.479063 0.555417 0.046875 0.070833
0 0.399375 0.492083 0.047500 0.062500
0 0.970625 0.593333 0.056250 0.063333
0 0.890312 0.620000 0.054375 0.073333
0 0.388437 0.954167 0.068125 0.076667
0 0.522813 0.944583 0.051875 0.060833
0 0.952812 0.962917 0.065625 0.067500
0 0.970000 0.936250 0.057500 0.070833
