0 0.601562 0.893750 0.060625 0.087500
0 0.554063 0.337917 0.060625 0.085833
0 0.827812 0.885417 0.068125 0.094167
0 0.045312 0.536667 0.058125 0.091667
0 0.298125 0.296667 0.068750 0.090000
0 0.219062 0.093750 0.070625 0.099167
0 0.155000 0.401250 0.068750 0.097500
0 0.809688 0.627917 0.069375 0.095833
0 0.226875 0.247917 0.067500 0.099167
0 0.566250 0.544583 0.088750 0.099167
0 0.523125 0.407917 0.073750 0.100833
0 0.718750 0.830000 0.070000 0.095000
0 0.912813 0.322917 0.065625 0.100833
0 0.928125 0.857917 0.071250 0.094167
0 0.405938 0.317083 0.081875 0.099167
0 0.332188 0.397083 0.070625 0.104167
0 0.918750 0.050417 0.076250 0.100833
0 0.365625 0.740417 0.068750 0.109167
0 0.854062 0.360000 0.065625 0.118333
0 0.414062 0.140417 0.075625 0.095833
0 0.067812 0.133750 0.064375 0.097500
0 0.395625 0.915000 0.078750 0.105000
0 0.718750 0.724583 0.077500 0.107500
0 0.461875 0.652500 0.082500 0.105000
0 0.780625 0.573333 0.073750 0.085000
0 0.805625 0.476667 0.078750 0.108333
0 0.242188 0.867917 0.050625 0.100833
0 0.521250 0.868333 0.087500 0.105000
3 0.220938 0.455000 0.084375 0.113333
