0 0.345625 0.267500 0.067500 0.081667
0 0.500000 0.784167 0.072500 0.081667
0 0.848437 0.106250 0.065625 0.075833
0 0.702500 0.526667 0.065000 0.085000
0 0.347500 0.660000 0.055000 0.065000
0 0.435937 0.113750 0.066875 0.087500
0 0.840625 0.814167 0.052500 0.086667
0 0.681250 0.310000 0.068750 0.088333
0 0.532500 0.261667 0.063750 0.096667
0 0.117188 0.765417 0.074375 0.079167
0 0.797188 0.552083 0.059375 0.079167
0 0.360625 0.874583 0.065000 0.080833
0 0.168750 0.828750 0.055000 0.084167
0 0.391875 0.577917 0.068750 0.089167
0 0.138750 0.697917 0.076250 0.084167
0 0.530937 0.699583 0.073125 0.085833
0 0.474062 0.715417 0.070625 0.082500
0 0.686875 0.077083 0.073750 0.090833
0 0.633437 0.790833 0.068125 0.105000
0 0.868437 0.601250 0.080625 0.100833
0 0.389688 0.816250 0.085625 0.104167
0 0.202813 0.631250 0.074375 0.097500
0 0.237813 0.848333 0.073125 0.110000
6 0.467187 0.278333 0.091875 0.110000
