0 0.235000 0.788750 0.063750 0.085833
0 0.224375 0.520000 0.077500 0.081667
0 0.417812 0.920417 0.055625 0.082500
0 0.827187 0.668333 0.059375 0.091667
0 0.636250 0.140833 0.058750 0.080000
0 0.252812 0.102917 0.070625 0.089167
0 0.175313 0.700833 0.065625 0.095000
0 0.106875 0.480417 0.063750 0.095833
0 0.106875 0.384583 0.066250 0.085833
0 0.791562 0.888333 0.068125 0.088333
0 0.378750 0.811250 0.062500 0.082500
0 0.682500 0.414583 0.062500 0.080833
0 0.950313 0.742083 0.055625 0.085833
0 0.145625 0.303750 0.061250 0.080833
0 0.544687 0.353750 0.059375 0.082500
0 0.480625 0.921667 0.058750 0.100000
0 0.535625 0.884583 0.063750 0.089167
0 0.678750 0.507500 0.071250 0.093333
0 0.041250 0.337917 0.073750 0.087500
0 0.325625 0.306250 0.063750 0.087500
0 0.515312 0.139583 0.055625 0.079167
0 0.939688 0.303750 0.064375 0.089167
0 0.353750 0.900417 0.062500 0.089167
0 0.125312 0.214583 0.060625 0.084167
0 0.220000 0.386250 0.067500 0.094167
0 0.295000 0.849167 0.063750 0.091667
0 0.080937 0.046250 0.076875 0.079167
0 0.094062 0.614583 0.063125 0.079167
0 0.638750 0.233333 0.060000 0.081667
0 0.170313 0.798333 0.059375 0.086667
0 0.895000 0.390417 0.068750 0.085833
0 0.686250 0.785833 0.071250 0.080000
0 0.628437 0.653750 0.081875 0.075833
0 0.485938 0.405000 0.065625 0.080000
0 0.219688 0.871250 0.076875 0.072500
0 0.874375 0.799167 0.076250 0.085000
0 0.762813 0.662917 0.065625 0.095833
0 0.613437 0.585000 0.061875 0.076667
0 0.106875 0.699583 0.065000 0.072500
0 0.434063 0.620417 0.069375 0.085833
0 0.204063 0.600417 0.073125 0.077500
0 0.367500 0.131667 0.070000 0.080000
0 0.779687 0.580833 0.073125 0.083333
0 0.119688 0.561250 0.080625 0.067500
0 0.052500 0.930833 0.056250 0.080000
0 0.941562 0.170417 0.061875 0.090833
0 0.033750 0.676250 0.067500 0.099167
0 0.255937 0.654583 0.068125 0.090833
0 0.615625 0.421250 0.058750 0.080833
0 0.377188 0.662083 0.065625 0.097500
0 0.576562 0.527500 0.064375 0.083333
0 0.454375 0.137917 0.060000 0.092500
0 0.457813 0.688750 0.070625 0.077500
0 0.714375 0.573333 0.063750 0.086667
0 0.103438 0.823750 0.060625 0.079167
0 0.672813 0.073333 0.065625 0.068333
0 0.698125 0.298333 0.057500 0.081667
0 0.410000 0.272083 0.057500 0.082500
0 0.843750 0.757083 0.065000 0.075833
0 0.577500 0.120417 0.056250 0.089167
0 0.619687 0.921667 0.055625 0.081667
0 0.917188 0.675833 0.056875 0.076667
0 0.307500 0.541250 0.073750 0.097500
0 0.360625 0.380000 0.072500 0.081667
0 0.794375 0.175000 0.062500 0.085000
0 0.327500 0.093750 0.066250 0.089167
0 0.084375 0.121250 0.081250 0.075833
0 0.481875 0.494583 0.077500 0.085833
0 0.195625 0.456250 0.065000 0.082500
0 0.652188 0.855833 0.069375 0.088333
0 0.234063 0.950000 0.075625 0.081667
0 0.031563 0.252500 0.063125 0.085000
0 0.244375 0.190417 0.076250 0.092500
0 0.108438 0.767917 0.094375 0.070833
0 0.477500 0.758750 0.056250 0.070833
0 0.155312 0.469167 0.044375 0.108333
0 0.755625 0.462917 0.062500 0.090833
