0 0.887813 0.182917 0.075625 0.099167
0 0.305625 0.310000 0.075000 0.103333
0 0.205625 0.365417 0.073750 0.117500
0 0.644687 0.049583 0.071875 0.097500
0 0.124063 0.389167 0.069375 0.106667
0 0.678125 0.116667 0.075000 0.095000
0 0.441563 0.873750 0.074375 0.102500
0 0.571562 0.047500 0.073125 0.083333
0 0.118438 0.799583 0.078125 0.100833
0 0.344062 0.397500 0.081875 0.106667
0 0.450625 0.242500 0.075000 0.086667
0 0.822812 0.132083 0.071875 0.095833
0 0.128125 0.527917 0.071250 0.100833
0 0.750313 0.382083 0.070625 0.100833
0 0.631250 0.459583 0.075000 0.104167
0 0.202187 0.554583 0.084375 0.080833
0 0.315000 0.744167 0.071250 0.108333
0 0.149375 0.191667 0.073750 0.113333
0 0.881250 0.922917 0.080000 0.095833
0 0.185625 0.477083 0.070000 0.095833
0 0.736563 0.843333 0.076875 0.106667
0 0.756250 0.132500 0.076250 0.120000
0 0.327188 0.576250 0.083125 0.094167
0 0.500625 0.760000 0.066250 0.093333
0 0.479687 0.580000 0.074375 0.105000
0 0.346875 0.630417 0.073750 0.110833
0 0.249062 0.467500 0.063125 0.115000
0 0.710313 0.412917 0.076875 0.089167
0 0.540312 0.460833 0.056875 0.113333
0 0.670937 0.357917 0.070625 0.105833
0 0.514062 0.309583 0.081875 0.100833
0 0.613437 0.812500 0.058125 0.103333
0 0.544063 0.172083 0.084375 0.094167
0 0.072813 0.814167 0.071875 0.100000
0 0.834688 0.274583 0.081875 0.099167
0 0.702187 0.311667 0.075625 0.113333
0 0.253125 0.785833 0.076250 0.111667
0 0.077813 0.438333 0.088125 0.091667
0 0.796250 0.217500 0.068750 0.110000
0 0.508125 0.080417 0.072500 0.110833
0 0.567187 0.534167 0.064375 0.108333
0 0.527500 0.224583 0.076250 0.100833
0 0.462187 0.357083 0.063125 0.114167
0 0.947187 0.916250 0.081875 0.102500
1 0.305937 0.853750 0.081875 0.142500
0 0.375000 0.842500 0.058750 0.120000
0 0.484063 0.107500 0.070625 0.165000
0 0.498437 0.517500 0.081875 0.113333
0 0.053125 0.673750 0.065000 0.142500
