0 0.747500 0.819583 0.081250 0.094167
0 0.280938 0.437500 0.076875 0.105000
0 0.956562 0.152500 0.073125 0.096667
0 0.718437 0.383333 0.079375 0.083333
0 0.063125 0.765000 0.075000 0.095000
0 0.786563 0.201667 0.070625 0.095000
0 0.390937 0.658333 0.070625 0.096667
0 0.422812 0.213750 0.079375 0.105833
0 0.895938 0.220417 0.074375 0.100833
0 0.742812 0.058750 0.078125 0.097500
0 0.473750 0.100417 0.071250 0.090833
0 0.681562 0.902500 0.079375 0.103333
0 0.298750 0.118333 0.072500 0.115000
0 0.355625 0.533750 0.070000 0.095833
0 0.565937 0.318750 0.069375 0.089167
0 0.766563 0.435000 0.069375 0.093333
0 0.904062 0.347500 0.066875 0.088333
0 0.576875 0.662083 0.076250 0.097500
0 0.566562 0.212500 0.068125 0.091667
0 0.351875 0.761250 0.071250 0.097500
0 0.494375 0.375417 0.056250 0.094167
0 0.304063 0.288333 0.080625 0.083333
0 0.225938 0.141667 0.069375 0.103333
0 0.153438 0.535417 0.070625 0.090833
0 0.682813 0.748750 0.083125 0.099167
0 0.765625 0.720000 0.078750 0.110000
0 0.094062 0.680000 0.078125 0.090000
0 0.546875 0.426250 0.066250 0.109167
0 0.546562 0.079583 0.075625 0.104167
0 0.067500 0.498333 0.067500 0.098333
0 0.246250 0.951250 0.083750 0.097500
0 0.462187 0.553750 0.074375 0.090833
0 0.636563 0.076667 0.074375 0.095000
0 0.585000 0.899167 0.065000 0.098333
0 0.826562 0.773333 0.071875 0.090000
0 0.766250 0.660417 0.078750 0.090833
0 0.886563 0.646250 0.076875 0.107500
0 0.095000 0.587083 0.067500 0.094167
0 0.771250 0.343750 0.072500 0.089167
0 0.231875 0.532083 0.073750 0.097500
0 0.615313 0.579167 0.070625 0.113333
0 0.444375 0.609583 0.073750 0.095833
0 0.948438 0.493333 0.078125 0.100000
0 0.116250 0.862083 0.070000 0.087500
0 0.843437 0.908750 0.083125 0.100833
0 0.728125 0.491667 0.066250 0.093333
0 0.610938 0.482500 0.063125 0.095000
0 0.454688 0.790833 0.083125 0.105000
0 0.300000 0.314167 0.067500 0.103333
0 0.598750 0.787083 0.065000 0.107500
0 0.217500 0.600417 0.068750 0.100833
0 0.136563 0.656250 0.078125 0.107500
0 0.274375 0.602500 0.060000 0.111667
0 0.376875 0.051667 0.058750 0.103333
0 0.917813 0.462083 0.070625 0.097500
0 0.380937 0.951250 0.073125 0.097500
0 0.897813 0.080000 0.096875 0.086667
0 0.093438 0.386250 0.073125 0.092500
0 0.542813 0.902917 0.076875 0.105833
0 0.582187 0.506250 0.065625 0.099167
0 0.052187 0.457500 0.071875 0.096667
0 0.567500 0.913333 0.076250 0.100000
5 0.835000 0.545000 0.083750 0.156667
0 0.772188 0.523750 0.051875 0.105833
0 0.476875 0.567500 0.077500 0.100000
