0 0.638750 0.114583 0.065000 0.082500
0 0.917500 0.530417 0.075000 0.099167
0 0.738125 0.585000 0.073750 0.100000
0 0.935312 0.775000 0.071875 0.085000
0 0.276875 0.240833 0.067500 0.086667
0 0.830313 0.284167 0.069375 0.083333
0 0.751250 0.933750 0.065000 0.084167
0 0.745313 0.113750 0.066875 0.082500
0 0.913125 0.934167 0.063750 0.071667
0 0.572812 0.757083 0.065625 0.084167
0 0.194375 0.565000 0.068750 0.081667
0 0.920625 0.353333 0.071250 0.090000
0 0.862187 0.377917 0.066875 0.099167
0 0.801875 0.202500 0.070000 0.081667
0 0.407500 0.212083 0.073750 0.077500
0 0.535937 0.653333 0.064375 0.081667
5 0.409687 0.465833 0.065625 0.085000
0 0.062500 0.550417 0.071250 0.112500
0 0.351875 0.288750 0.072500 0.089167
0 0.141250 0.250417 0.076250 0.114167
0 0.175625 0.634167 0.068750 0.076667
0 0.069062 0.207500 0.073125 0.091667
0 0.841562 0.153750 0.068125 0.092500
0 0.106563 0.923750 0.078125 0.084167
0 0.760625 0.815417 0.065000 0.095833
0 0.466562 0.469167 0.066875 0.100000
0 0.445000 0.356250 0.058750 0.079167
0 0.340938 0.095833 0.061875 0.085000
0 0.111250 0.850833 0.063750 0.098333
0 0.384375 0.143333 0.066250 0.063333
0 0.610625 0.288333 0.073750 0.088333
0 0.698750 0.288333 0.062500 0.095000
0 0.276875 0.144583 0.072500 0.095833
0 0.334688 0.204167 0.068125 0.091667
0 0.524375 0.507917 0.068750 0.082500
0 0.121563 0.703333 0.074375 0.095000
0 0.810625 0.737500 0.075000 0.096667
0 0.540312 0.312917 0.068125 0.082500
0 0.484375 0.762083 0.077500 0.090833
0 0.157188 0.483333 0.074375 0.093333
0 0.730938 0.265833 0.075625 0.110000
0 0.544063 0.170833 0.068125 0.098333
0 0.597812 0.192917 0.074375 0.099167
0 0.381250 0.379167 0.078750 0.100000
0 0.097187 0.734167 0.075625 0.090000
0 0.676562 0.845000 0.069375 0.093333
0 0.208750 0.293750 0.072500 0.104167
0 0.866250 0.739583 0.062500 0.080833
0 0.574688 0.572083 0.061875 0.099167
0 0.730000 0.874167 0.062500 0.061667
0 0.042500 0.910833 0.075000 0.088333
0 0.755000 0.725417 0.078750 0.107500
0 0.913438 0.677917 0.080625 0.107500
0 0.291563 0.569583 0.066875 0.090833
0 0.966875 0.407917 0.056250 0.059167
0 0.556562 0.886667 0.050625 0.083333
0 0.461250 0.120417 0.058750 0.079167
0 0.864688 0.062500 0.074375 0.096667
0 0.198125 0.702083 0.067500 0.099167
0 0.265000 0.550417 0.080000 0.109167
0 0.273125 0.808750 0.070000 0.092500
0 0.362812 0.547083 0.070625 0.105833
0 0.651875 0.250417 0.073750 0.089167
0 0.173125 0.365000 0.055000 0.081667
0 0.378750 0.535417 0.068750 0.087500
0 0.109375 0.327083 0.053750 0.077500
0 0.486563 0.152500 0.061875 0.086667
0 0.642188 0.667917 0.065625 0.092500
0 0.478125 0.277917 0.073750 0.087500
0 0.159688 0.787500 0.078125 0.095000
1 0.522813 0.919583 0.101875 0.120833
1 0.108125 0.390000 0.091250 0.078333
0 0.512188 0.241667 0.071875 0.095000
0 0.439375 0.087500 0.060000 0.078333
0 0.219688 0.946250 0.068125 0.085833
0 0.635938 0.593333 0.068125 0.081667
0 0.451875 0.269167 0.061250 0.085000
0 0.925000 0.642917 0.058750 0.087500
0 0.320312 0.942917 0.065625 0.085833
0 0.622188 0.648750 0.065625 0.095833
0 0.670937 0.749583 0.071875 0.087500
0 0.655937 0.789583 0.063125 0.092500
0 0.636250 0.759167 0.063750 0.085000
0 0.299063 0.864583 0.065625 0.089167
0 0.240937 0.888333 0.085625 0.098333
0 0.202500 0.752917 0.071250 0.097500
0 0.206563 0.824583 0.058125 0.069167
