0 0.910312 0.759583 0.060625 0.075833
0 0.550000 0.412917 0.056250 0.077500
0 0.380937 0.127083 0.064375 0.080833
0 0.575625 0.660000 0.072500 0.085000
0 0.528438 0.185000 0.076875 0.100000
0 0.804375 0.485000 0.065000 0.085000
5 0.865625 0.219583 0.071250 0.097500
0 0.300000 0.405000 0.080000 0.086667
0 0.423750 0.235417 0.062500 0.079167
0 0.195000 0.724167 0.065000 0.086667
0 0.809688 0.357500 0.069375 0.080000
0 0.105625 0.385000 0.073750 0.110000
0 0.217500 0.308333 0.068750 0.085000
0 0.675625 0.404583 0.073750 0.094167
0 0.658438 0.147500 0.073125 0.098333
0 0.703750 0.731250 0.071250 0.085833
0 0.389062 0.867500 0.068125 0.091667
0 0.926562 0.869167 0.075625 0.090000
0 0.405313 0.589583 0.061875 0.087500
0 0.335938 0.467083 0.061875 0.079167
0 0.424375 0.944583 0.071250 0.089167
0 0.471875 0.414167 0.062500 0.088333
0 0.825313 0.447083 0.070625 0.094167
0 0.783438 0.288333 0.066875 0.083333
0 0.180938 0.422500 0.068125 0.086667
0 0.081875 0.572917 0.072500 0.100833
0 0.468750 0.511667 0.065000 0.086667
0 0.778125 0.762083 0.061250 0.075833
0 0.471562 0.599583 0.054375 0.082500
0 0.341562 0.640417 0.058125 0.085833
0 0.332188 0.932917 0.066875 0.080833
0 0.782500 0.158333 0.066250 0.093333
0 0.248438 0.585833 0.069375 0.086667
0 0.286875 0.759583 0.080000 0.102500
0 0.727812 0.348333 0.075625 0.098333
0 0.139375 0.884167 0.072500 0.088333
0 0.600313 0.770000 0.068125 0.075000
0 0.879687 0.313750 0.076875 0.075833
0 0.473750 0.282083 0.065000 0.089167
0 0.892500 0.622500 0.065000 0.085000
0 0.915625 0.680417 0.071250 0.075833
0 0.260000 0.704583 0.063750 0.080833
0 0.051875 0.402917 0.057500 0.079167
0 0.187812 0.636250 0.068125 0.092500
0 0.126562 0.521667 0.063125 0.096667
0 0.118438 0.661667 0.071875 0.105000
0 0.624687 0.347083 0.071875 0.097500
0 0.193438 0.227917 0.060625 0.092500
0 0.955313 0.491667 0.061875 0.083333
0 0.905312 0.107500 0.069375 0.088333
0 0.314063 0.554583 0.068125 0.085833
0 0.446562 0.095000 0.064375 0.085000
0 0.052812 0.303750 0.074375 0.097500
0 0.053750 0.815417 0.061250 0.094167
0 0.294063 0.333750 0.060625 0.074167
0 0.190000 0.929167 0.070000 0.071667
0 0.890938 0.954167 0.054375 0.071667
0 0.744062 0.694167 0.073125 0.096667
0 0.890000 0.487917 0.075000 0.104167
0 0.751250 0.066667 0.072500 0.076667
0 0.829375 0.703750 0.073750 0.090833
0 0.603437 0.403750 0.056875 0.094167
0 0.645938 0.868333 0.061875 0.075000
0 0.041563 0.732083 0.073125 0.094167
0 0.578438 0.952917 0.066875 0.084167
0 0.944063 0.948750 0.055625 0.074167
0 0.255937 0.539167 0.064375 0.085000
0 0.964688 0.270000 0.068125 0.083333
0 0.868125 0.137083 0.065000 0.065833
0 0.717500 0.084583 0.068750 0.095833
0 0.656875 0.060000 0.067500 0.070000
0 0.590313 0.880833 0.063125 0.073333
0 0.615313 0.838750 0.069375 0.079167
0 0.963125 0.360833 0.071250 0.086667
0 0.952812 0.450417 0.054375 0.085833
