0 0.100312 0.792500 0.078125 0.091667
0 0.941875 0.819583 0.082500 0.107500
0 0.171250 0.051667 0.073750 0.098333
0 0.703750 0.928333 0.068750 0.098333
0 0.635625 0.604583 0.065000 0.099167
0 0.405938 0.329167 0.070625 0.098333
0 0.852187 0.777917 0.075625 0.100833
0 0.499063 0.515417 0.068125 0.090833
0 0.368437 0.131667 0.075625 0.100000
0 0.290625 0.933333 0.082500 0.101667
0 0.440000 0.488750 0.066250 0.090833
0 0.145313 0.589583 0.074375 0.097500
0 0.888125 0.719167 0.083750 0.101667
0 0.430937 0.231250 0.084375 0.105833
0 0.188750 0.160000 0.072500 0.108333
0 0.613125 0.702500 0.078750 0.098333
0 0.404687 0.904583 0.075625 0.104167
0 0.205625 0.697917 0.076250 0.104167
0 0.160312 0.255000 0.065625 0.080000
0 0.174375 0.788750 0.062500 0.120833
0 0.165313 0.455417 0.069375 0.100833
0 0.067812 0.207917 0.065625 0.090833
0 0.766563 0.884167 0.064375 0.083333
0 0.838750 0.478750 0.070000 0.099167
0 0.200625 0.938750 0.070000 0.105833
0 0.251250 0.217500 0.078750 0.105000
0 0.892500 0.220833 0.070000 0.100000
0 0.940625 0.479167 0.075000 0.100000
0 0.760000 0.439583 0.068750 0.110833
0 0.705625 0.640833 0.070000 0.121667
0 0.551875 0.599167 0.076250 0.108333
4 0.760312 0.114167 0.064375 0.095000
0 0.698750 0.462500 0.077500 0.101667
0 0.475625 0.374167 0.086250 0.085000
0 0.737187 0.749167 0.074375 0.110000
0 0.083125 0.850417 0.073750 0.100833
0 0.413125 0.600000 0.070000 0.095000
0 0.231250 0.440417 0.070000 0.094167
0 0.182188 0.322083 0.081875 0.097500
0 0.566562 0.501667 0.061875 0.098333
0 0.614375 0.887083 0.073750 0.104167
0 0.925312 0.533333 0.073125 0.101667
0 0.341250 0.461250 0.070000 0.089167
0 0.425000 0.802917 0.080000 0.097500
0 0.855938 0.944583 0.070625 0.100833
0 0.818750 0.142500 0.067500 0.103333
0 0.489375 0.804583 0.070000 0.112500
0 0.795937 0.731667 0.080625 0.095000
0 0.570625 0.820833 0.073750 0.108333
0 0.731563 0.813333 0.071875 0.086667
0 0.542813 0.831250 0.066875 0.100833
0 0.585313 0.324583 0.074375 0.095833
0 0.410000 0.706667 0.070000 0.095000
0 0.081250 0.957500 0.070000 0.085000
0 0.603125 0.369167 0.056250 0.083333
