0 0.354063 0.629583 0.064375 0.089167
0 0.084375 0.777083 0.070000 0.095833
0 0.897813 0.819167 0.070625 0.088333
0 0.185938 0.295417 0.068125 0.080833
0 0.304375 0.156667 0.061250 0.083333
0 0.049688 0.308333 0.065625 0.090000
0 0.094062 0.951667 0.070625 0.080000
0 0.550937 0.343333 0.055625 0.073333
0 0.623437 0.650833 0.064375 0.086667
0 0.565937 0.056667 0.075625 0.101667
0 0.156562 0.437917 0.071875 0.087500
0 0.854688 0.176667 0.081875 0.083333
0 0.694688 0.247083 0.046875 0.064167
0 0.700625 0.165417 0.050000 0.065833
0 0.761563 0.443750 0.048125 0.064167
0 0.683438 0.695833 0.065625 0.085000
0 0.837812 0.320833 0.044375 0.071667
0 0.870000 0.114167 0.062500 0.071667
0 0.707500 0.656250 0.068750 0.092500
0 0.151875 0.195000 0.070000 0.093333
3 0.478750 0.458333 0.085000 0.111667
