0 0.959063 0.249167 0.075625 0.101667
0 0.521250 0.673333 0.080000 0.098333
0 0.743750 0.873333 0.082500 0.093333
0 0.883750 0.273750 0.082500 0.104167
0 0.398750 0.417500 0.077500 0.086667
0 0.744687 0.630000 0.079375 0.096667
0 0.368125 0.701667 0.071250 0.105000
0 0.303438 0.229583 0.075625 0.114167
0 0.951875 0.655417 0.085000 0.102500
0 0.191875 0.585833 0.080000 0.100000
0 0.389688 0.242083 0.088125 0.105833
0 0.069687 0.831250 0.075625 0.107500
0 0.872188 0.130833 0.079375 0.110000
0 0.952812 0.538750 0.079375 0.102500
0 0.077500 0.690417 0.080000 0.110833
0 0.375312 0.335000 0.089375 0.105000
0 0.948125 0.830000 0.076250 0.098333
0 0.289062 0.362500 0.076875 0.110000
0 0.165937 0.382917 0.074375 0.099167
0 0.791875 0.932917 0.070000 0.095833
0 0.715313 0.072083 0.084375 0.102500
0 0.777813 0.277500 0.074375 0.110000
0 0.694375 0.784583 0.102500 0.084167
0 0.757812 0.444583 0.076875 0.100833
0 0.873437 0.446667 0.083125 0.110000
0 0.665937 0.900417 0.066875 0.104167
0 0.624375 0.890000 0.071250 0.093333
0 0.311563 0.524583 0.070625 0.097500
0 0.224062 0.793333 0.080625 0.106667
0 0.494688 0.577500 0.083125 0.100000
0 0.173125 0.726250 0.082500 0.110833
0 0.496875 0.779167 0.083750 0.110000
0 0.748750 0.726250 0.087500 0.092500
0 0.804688 0.530833 0.075625 0.095000
0 0.438437 0.657917 0.079375 0.105833
0 0.537188 0.125417 0.075625 0.105833
0 0.117188 0.138750 0.085625 0.104167
0 0.906875 0.945000 0.072500 0.101667
0 0.208125 0.322500 0.086250 0.093333
0 0.312500 0.890000 0.092500 0.088333
0 0.421563 0.906250 0.075625 0.099167
0 0.590313 0.196250 0.089375 0.100833
0 0.088438 0.267917 0.090625 0.094167
0 0.259062 0.693333 0.086875 0.110000
1 0.380937 0.845000 0.096875 0.086667
0 0.830313 0.092083 0.084375 0.090833
0 0.235313 0.236250 0.079375 0.117500
0 0.204375 0.220417 0.080000 0.112500
0 0.517500 0.173333 0.083750 0.100000
0 0.891875 0.900000 0.066250 0.098333
0 0.752188 0.554167 0.110625 0.076667
