0 0.365938 0.496667 0.070625 0.086667
0 0.290938 0.473333 0.070625 0.108333
0 0.195937 0.437917 0.088125 0.087500
0 0.206250 0.606667 0.086250 0.105000
0 0.102500 0.383750 0.077500 0.095833
0 0.295625 0.234583 0.063750 0.095833
0 0.400938 0.312500 0.074375 0.113333
0 0.484687 0.350000 0.071875 0.085000
0 0.571562 0.255833 0.064375 0.100000
0 0.618750 0.136667 0.083750 0.106667
0 0.681250 0.510417 0.087500 0.112500
0 0.766563 0.504583 0.075625 0.095833
0 0.790625 0.630417 0.081250 0.102500
0 0.687813 0.677083 0.073125 0.105833
0 0.787188 0.770833 0.066875 0.096667
0 0.586875 0.619167 0.078750 0.101667
0 0.505000 0.674583 0.066250 0.099167
0 0.441250 0.729167 0.073750 0.105000
0 0.368750 0.834167 0.073750 0.090000
0 0.190000 0.915000 0.083750 0.098333
0 0.535312 0.799583 0.078125 0.102500
0 0.373125 0.156250 0.077500 0.077500
0 0.088750 0.180000 0.083750 0.105000
0 0.488125 0.068333 0.086250 0.083333
0 0.913438 0.237083 0.070625 0.097500
0 0.661563 0.227917 0.078125 0.112500
0 0.737812 0.196250 0.074375 0.100833
0 0.743437 0.072917 0.076875 0.102500
0 0.846562 0.072500 0.075625 0.110000
0 0.873125 0.558333 0.060000 0.111667
0 0.937813 0.612500 0.074375 0.100000
0 0.065937 0.750833 0.070625 0.086667
0 0.058750 0.875833 0.080000 0.128333
0 0.599375 0.756667 0.066250 0.091667
0 0.668125 0.809167 0.081250 0.105000
0 0.725625 0.871250 0.081250 0.104167
0 0.619375 0.914583 0.075000 0.092500
0 0.530312 0.879167 0.076875 0.100000
0 0.965625 0.377500 0.066250 0.111667
0 0.915312 0.104167 0.058125 0.108333
0 0.794063 0.156250 0.066875 0.089167
0 0.965625 0.050833 0.058750 0.076667
3 0.669063 0.387917 0.103125 0.135833
