0 0.798125 0.602917 0.078750 0.097500
0 0.345625 0.149167 0.073750 0.103333
0 0.936562 0.835000 0.070625 0.086667
0 0.743437 0.460000 0.058125 0.088333
0 0.386562 0.569583 0.060625 0.072500
0 0.114375 0.491250 0.065000 0.087500
0 0.914062 0.425000 0.060625 0.078333
0 0.861563 0.725417 0.068125 0.084167
0 0.512813 0.916667 0.061875 0.083333
4 0.388750 0.780417 0.076250 0.102500
0 0.438125 0.332083 0.066250 0.082500
0 0.247812 0.104583 0.065625 0.084167
0 0.548438 0.203750 0.054375 0.069167
0 0.902813 0.149167 0.054375 0.073333
0 0.599688 0.248333 0.073125 0.101667
0 0.066562 0.582500 0.073125 0.091667
0 0.651875 0.821250 0.053750 0.094167
0 0.496250 0.411250 0.070000 0.074167
0 0.320625 0.567083 0.071250 0.100833
0 0.100625 0.387500 0.070000 0.091667
0 0.310937 0.883750 0.068125 0.095833
0 0.248125 0.669583 0.075000 0.094167
0 0.231875 0.633333 0.068750 0.093333
0 0.144687 0.928750 0.060625 0.074167
0 0.889687 0.587083 0.080625 0.102500
0 0.319063 0.310000 0.055625 0.078333
3 0.824063 0.913333 0.081875 0.095000
6 0.799687 0.443750 0.064375 0.100833
0 0.450937 0.635000 0.063125 0.085000
0 0.242188 0.396250 0.065625 0.089167
0 0.636875 0.421667 0.067500 0.096667
0 0.165625 0.103333 0.060000 0.080000
0 0.665625 0.547917 0.073750 0.085833
0 0.939375 0.554167 0.062500 0.076667
0 0.733750 0.934167 0.061250 0.078333
0 0.630938 0.111250 0.064375 0.075833
0 0.407500 0.912500 0.075000 0.101667
0 0.639062 0.304583 0.060625 0.079167
0 0.040625 0.326250 0.067500 0.084167
0 0.815625 0.102083 0.063750 0.082500
0 0.463750 0.219167 0.058750 0.075000
0 0.585938 0.827917 0.074375 0.095833
0 0.394375 0.267917 0.073750 0.077500
0 0.516875 0.557500 0.057500 0.081667
1 0.426563 0.117500 0.083125 0.111667
0 0.515938 0.257083 0.061875 0.080833
0 0.362187 0.421250 0.070625 0.085833
0 0.535937 0.354583 0.056875 0.072500
0 0.454062 0.588333 0.069375 0.086667
0 0.210000 0.867917 0.063750 0.084167
0 0.725313 0.860417 0.051875 0.069167
0 0.910312 0.940000 0.051875 0.078333
0 0.763125 0.770833 0.087500 0.086667
0 0.829688 0.162083 0.066875 0.090833
0 0.549063 0.710833 0.068125 0.086667
0 0.610938 0.593333 0.066875 0.078333
0 0.675312 0.455417 0.058125 0.074167
0 0.185312 0.429583 0.056875 0.065833
0 0.854375 0.359583 0.052500 0.069167
0 0.149688 0.235417 0.079375 0.059167
0 0.290625 0.384167 0.073750 0.091667
0 0.136875 0.149167 0.075000 0.083333
0 0.913750 0.328333 0.067500 0.071667
3 0.877812 0.872500 0.079375 0.085000
0 0.415938 0.607500 0.070625 0.085000
0 0.797500 0.345000 0.077500 0.080000
0 0.567813 0.641667 0.060625 0.061667
0 0.568438 0.776250 0.060625 0.069167
0 0.934063 0.298333 0.053125 0.071667
0 0.601875 0.744583 0.066250 0.094167
0 0.341875 0.484583 0.060000 0.070833
0 0.391250 0.528333 0.067500 0.076667
0 0.675312 0.725000 0.046875 0.066667
0 0.536563 0.860000 0.064375 0.071667
0 0.443437 0.952500 0.059375 0.080000
0 0.552500 0.580417 0.056250 0.064167
0 0.651875 0.517917 0.062500 0.075833
0 0.157188 0.185417 0.075625 0.074167
0 0.159062 0.295833 0.041875 0.068333
