4 0.249375 0.362917 0.073750 0.094167
0 0.163750 0.453333 0.058750 0.075000
0 0.465938 0.358750 0.071875 0.092500
0 0.080000 0.891250 0.068750 0.100833
0 0.835625 0.084167 0.062500 0.086667
0 0.928438 0.153750 0.073125 0.107500
0 0.513125 0.522500 0.068750 0.110000
0 0.199063 0.907083 0.073125 0.090833
0 0.245938 0.451667 0.058125 0.085000
0 0.919687 0.841250 0.070625 0.094167
0 0.268750 0.675417 0.052500 0.082500
0 0.839688 0.645417 0.054375 0.082500
0 0.063437 0.760000 0.056875 0.095000
0 0.732812 0.432500 0.055625 0.076667
0 0.406250 0.080833 0.073750 0.101667
0 0.620313 0.462083 0.065625 0.105833
0 0.918438 0.445833 0.059375 0.066667
0 0.402500 0.735000 0.057500 0.075000
0 0.351562 0.292917 0.063125 0.087500
0 0.889062 0.524583 0.063125 0.069167
3 0.512500 0.195833 0.065000 0.103333
4 0.112500 0.284583 0.075000 0.102500
0 0.660312 0.166250 0.070625 0.080833
0 0.898125 0.597500 0.072500 0.083333
0 0.530937 0.910000 0.054375 0.080000
0 0.131562 0.067917 0.061875 0.079167
0 0.694063 0.102083 0.066875 0.087500
0 0.504687 0.912083 0.063125 0.089167
0 0.653125 0.653750 0.056250 0.094167
0 0.670312 0.934167 0.076875 0.080000
0 0.290000 0.462500 0.052500 0.090000
0 0.753125 0.744167 0.063750 0.100000
0 0.661875 0.331667 0.055000 0.078333
0 0.164375 0.756250 0.061250 0.097500
0 0.427187 0.945833 0.068125 0.091667
0 0.298438 0.924167 0.056875 0.078333
0 0.613750 0.400417 0.058750 0.080833
0 0.663125 0.859167 0.057500 0.076667
0 0.594063 0.658750 0.056875 0.084167
0 0.266250 0.190833 0.056250 0.085000
0 0.964063 0.427917 0.054375 0.082500
0 0.564688 0.247500 0.061875 0.080000
0 0.489375 0.733750 0.058750 0.090833
0 0.221250 0.153750 0.061250 0.075833
0 0.736250 0.934167 0.065000 0.083333
0 0.072500 0.330417 0.072500 0.079167
0 0.456875 0.115417 0.051250 0.079167
0 0.960000 0.310000 0.078750 0.096667
0 0.822812 0.250833 0.060625 0.083333
0 0.347500 0.714583 0.057500 0.074167
0 0.458750 0.637500 0.060000 0.091667
0 0.195937 0.221667 0.064375 0.073333
0 0.896250 0.063333 0.060000 0.105000
0 0.530000 0.387083 0.048750 0.079167
0 0.649062 0.107917 0.054375 0.080833
0 0.287500 0.320417 0.075000 0.099167
0 0.956562 0.696250 0.059375 0.069167
0 0.672188 0.462083 0.044375 0.075833
0 0.264688 0.577083 0.060625 0.082500
0 0.300625 0.775417 0.052500 0.069167
0 0.583438 0.541250 0.056875 0.079167
0 0.575937 0.124167 0.064375 0.065000
0 0.824688 0.571250 0.068125 0.090833
0 0.448437 0.267500 0.068125 0.088333
0 0.466562 0.743750 0.058125 0.095833
0 0.474062 0.473750 0.049375 0.104167
0 0.537188 0.737083 0.044375 0.062500
0 0.112500 0.751667 0.055000 0.091667
0 0.490938 0.845000 0.063125 0.076667
0 0.263437 0.865417 0.043125 0.067500
0 0.225000 0.796667 0.055000 0.066667
0 0.186875 0.675833 0.056250 0.065000
0 0.159375 0.628333 0.057500 0.073333
0 0.200313 0.834167 0.075625 0.063333
0 0.827812 0.404167 0.056875 0.076667
0 0.489687 0.211667 0.065625 0.078333
0 0.614375 0.326250 0.048750 0.064167
0 0.572812 0.354583 0.043125 0.079167
1 0.519062 0.300833 0.096875 0.115000
0 0.819063 0.462500 0.060625 0.093333
1 0.873750 0.463333 0.072500 0.091667
0 0.391250 0.142500 0.053750 0.070000
0 0.314063 0.203333 0.041875 0.073333
0 0.358438 0.193750 0.044375 0.085833
0 0.335313 0.279167 0.068125 0.076667
0 0.953125 0.077083 0.053750 0.067500
0 0.539687 0.627500 0.049375 0.090000
0 0.936875 0.630000 0.053750 0.073333
0 0.903750 0.698333 0.050000 0.091667
0 0.904062 0.761667 0.058125 0.081667
0 0.434375 0.424583 0.051250 0.057500
0 0.048125 0.055833 0.053750 0.093333
0 0.115000 0.043750 0.068750 0.080833
0 0.551250 0.707917 0.051250 0.064167
0 0.967187 0.893333 0.058125 0.073333
