0 0.401250 0.785833 0.058750 0.075000
0 0.302812 0.421667 0.065625 0.086667
0 0.791562 0.482083 0.058125 0.079167
0 0.201875 0.200833 0.056250 0.086667
0 0.914062 0.750833 0.073125 0.096667
0 0.560625 0.777917 0.070000 0.087500
0 0.645625 0.874167 0.077500 0.095000
0 0.617812 0.495833 0.063125 0.100000
0 0.256875 0.258750 0.073750 0.092500
0 0.671562 0.176250 0.073125 0.090833
0 0.382500 0.335000 0.060000 0.086667
0 0.743437 0.125417 0.068125 0.110833
0 0.244375 0.869583 0.063750 0.092500
0 0.787813 0.207500 0.066875 0.090000
0 0.933438 0.165417 0.071875 0.082500
0 0.303125 0.933750 0.067500 0.089167
0 0.486563 0.225000 0.063125 0.081667
0 0.408438 0.497083 0.069375 0.087500
0 0.379375 0.415417 0.056250 0.070833
0 0.072500 0.882500 0.062500 0.083333
0 0.113750 0.649583 0.062500 0.077500
0 0.930937 0.384167 0.070625 0.091667
0 0.278750 0.085000 0.058750 0.083333
0 0.603750 0.102917 0.063750 0.084167
0 0.224062 0.113333 0.066875 0.080000
0 0.422500 0.868333 0.060000 0.093333
0 0.523125 0.649583 0.060000 0.080833
0 0.160625 0.604167 0.061250 0.091667
0 0.460000 0.816667 0.062500 0.081667
0 0.154688 0.077083 0.056875 0.064167
0 0.748437 0.272500 0.061875 0.078333
0 0.407500 0.945417 0.073750 0.099167
0 0.457500 0.645417 0.067500 0.082500
0 0.378437 0.673750 0.066875 0.089167
0 0.326250 0.256250 0.062500 0.082500
0 0.389688 0.631667 0.065625 0.081667
3 0.552813 0.487500 0.075625 0.120000
0 0.571875 0.697500 0.062500 0.075000
0 0.858125 0.095833 0.055000 0.088333
0 0.947500 0.640417 0.063750 0.067500
0 0.900312 0.930000 0.063125 0.088333
0 0.059062 0.679583 0.074375 0.089167
6 0.489063 0.566667 0.099375 0.110000
0 0.801562 0.107917 0.055625 0.079167
0 0.630938 0.325833 0.059375 0.085000
0 0.753437 0.533333 0.074375 0.095000
0 0.817187 0.400417 0.071875 0.090833
0 0.495312 0.880833 0.065625 0.085000
0 0.859688 0.479583 0.069375 0.094167
0 0.187500 0.862083 0.056250 0.094167
0 0.900625 0.590417 0.060000 0.072500
0 0.261875 0.796667 0.065000 0.060000
0 0.199687 0.673750 0.061875 0.072500
0 0.685312 0.505833 0.061875 0.091667
0 0.587187 0.950833 0.064375 0.096667
0 0.197500 0.808750 0.061250 0.055833
0 0.873750 0.524583 0.058750 0.085833
3 0.170000 0.743750 0.076250 0.085833
1 0.060625 0.815833 0.107500 0.111667
0 0.155000 0.814583 0.068750 0.080833
0 0.247500 0.662917 0.063750 0.082500
1 0.515625 0.032500 0.095000 0.063333
3 0.192500 0.557083 0.072500 0.150833
0 0.163125 0.499167 0.055000 0.116667
