4 0.287813 0.731250 0.080625 0.104167
0 0.281562 0.469583 0.060625 0.077500
0 0.753125 0.313750 0.062500 0.089167
0 0.556250 0.270417 0.067500 0.079167
0 0.381250 0.759167 0.058750 0.080000
0 0.459688 0.907500 0.071875 0.083333
0 0.681875 0.789167 0.060000 0.078333
0 0.191875 0.296250 0.058750 0.075833
0 0.237813 0.574583 0.074375 0.099167
0 0.840000 0.675000 0.065000 0.088333
0 0.438750 0.642500 0.058750 0.083333
0 0.080312 0.927083 0.054375 0.079167
0 0.917813 0.861667 0.059375 0.083333
0 0.307188 0.610417 0.076875 0.094167
0 0.641563 0.356250 0.058125 0.087500
0 0.247812 0.191667 0.066875 0.076667
0 0.145313 0.495000 0.059375 0.080000
0 0.925312 0.222083 0.064375 0.077500
0 0.684063 0.949583 0.059375 0.084167
0 0.881875 0.921250 0.062500 0.074167
0 0.930312 0.574583 0.066875 0.080833
0 0.206563 0.390417 0.071875 0.094167
0 0.391875 0.353333 0.062500 0.090000
0 0.929063 0.447500 0.071875 0.088333
0 0.571875 0.872083 0.062500 0.074167
0 0.582812 0.802083 0.064375 0.079167
0 0.065312 0.543333 0.096875 0.068333
0 0.959375 0.170000 0.056250 0.083333
0 0.125625 0.152500 0.072500 0.086667
0 0.546875 0.704583 0.063750 0.087500
0 0.491875 0.056667 0.077500 0.103333
0 0.193750 0.738333 0.058750 0.080000
0 0.544063 0.115000 0.069375 0.090000
0 0.584375 0.189167 0.075000 0.081667
0 0.441250 0.344583 0.060000 0.084167
0 0.925937 0.646250 0.070625 0.072500
0 0.829688 0.785417 0.075625 0.090833
0 0.512500 0.518750 0.068750 0.099167
0 0.174687 0.437917 0.059375 0.070833
0 0.377812 0.061667 0.065625 0.090000
0 0.265000 0.105000 0.075000 0.091667
0 0.869062 0.256667 0.069375 0.086667
0 0.644375 0.097500 0.063750 0.088333
0 0.833438 0.085417 0.070625 0.080833
0 0.465000 0.281667 0.061250 0.090000
0 0.479063 0.611667 0.074375 0.096667
0 0.044375 0.818750 0.060000 0.085833
0 0.413125 0.846667 0.058750 0.083333
0 0.165937 0.953333 0.051875 0.070000
0 0.551875 0.955000 0.058750 0.086667
0 0.066875 0.770417 0.060000 0.074167
0 0.614062 0.945833 0.066875 0.090000
0 0.726875 0.647083 0.061250 0.104167
0 0.370000 0.902083 0.058750 0.079167
0 0.742500 0.769167 0.061250 0.075000
0 0.775312 0.753333 0.056875 0.076667
0 0.678438 0.621250 0.054375 0.075833
0 0.084375 0.462917 0.052500 0.079167
0 0.184062 0.888750 0.070625 0.080833
0 0.206875 0.847083 0.085000 0.122500
0 0.700625 0.364583 0.062500 0.079167
0 0.626250 0.913750 0.065000 0.090833
0 0.572812 0.383333 0.064375 0.078333
0 0.763437 0.666250 0.059375 0.074167
0 0.600938 0.422083 0.066875 0.085833
0 0.614688 0.119167 0.068125 0.083333
0 0.330625 0.892500 0.070000 0.076667
0 0.606250 0.079167 0.065000 0.091667
0 0.878125 0.280417 0.065000 0.089167
0 0.571562 0.605000 0.103125 0.085000
