0 0.605625 0.751250 0.070000 0.097500
0 0.857500 0.500833 0.070000 0.093333
0 0.102188 0.378750 0.070625 0.094167
0 0.155938 0.887083 0.074375 0.109167
0 0.734062 0.077917 0.071875 0.097500
0 0.951250 0.155417 0.071250 0.099167
0 0.900000 0.593750 0.077500 0.100833
0 0.067187 0.493333 0.076875 0.106667
0 0.396250 0.681250 0.078750 0.105833
0 0.193438 0.539583 0.074375 0.107500
0 0.464062 0.853750 0.061875 0.085833
0 0.290312 0.098333 0.070625 0.100000
0 0.522813 0.180417 0.066875 0.080833
0 0.240313 0.455833 0.075625 0.105000
0 0.715313 0.762500 0.068125 0.095000
0 0.656250 0.060417 0.068750 0.104167
0 0.640000 0.460417 0.071250 0.100833
0 0.479687 0.092083 0.069375 0.097500
0 0.698438 0.237917 0.070625 0.099167
0 0.390625 0.822917 0.076250 0.102500
0 0.319375 0.238333 0.062500 0.105000
0 0.798125 0.205417 0.058750 0.079167
0 0.632500 0.346667 0.063750 0.088333
0 0.314375 0.888750 0.076250 0.105833
0 0.393125 0.208750 0.066250 0.094167
0 0.178750 0.255417 0.061250 0.100833
0 0.089688 0.662917 0.079375 0.097500
0 0.796250 0.660833 0.063750 0.083333
0 0.577187 0.285417 0.083125 0.109167
0 0.307812 0.776667 0.076875 0.115000
0 0.120313 0.574167 0.073125 0.095000
0 0.189062 0.366667 0.069375 0.106667
0 0.584375 0.877500 0.071250 0.101667
0 0.814063 0.572917 0.074375 0.095833
0 0.249688 0.190833 0.070625 0.093333
0 0.358125 0.414167 0.071250 0.096667
0 0.078750 0.204583 0.075000 0.105833
0 0.175937 0.067917 0.079375 0.099167
0 0.490938 0.545833 0.070625 0.093333
0 0.536563 0.540417 0.075625 0.105833
0 0.115312 0.260833 0.080625 0.106667
0 0.064375 0.872083 0.087500 0.089167
0 0.082187 0.771250 0.076875 0.102500
0 0.720938 0.647500 0.081875 0.111667
0 0.820000 0.885833 0.075000 0.103333
0 0.407500 0.275417 0.072500 0.077500
0 0.287500 0.283750 0.076250 0.100833
0 0.748437 0.296667 0.080625 0.111667
0 0.951875 0.361250 0.057500 0.102500
0 0.270625 0.342917 0.078750 0.095833
0 0.660000 0.799167 0.061250 0.085000
0 0.278750 0.947083 0.080000 0.104167
0 0.911875 0.931250 0.061250 0.077500
0 0.964375 0.272917 0.070000 0.084167
0 0.840313 0.922500 0.074375 0.091667
1 0.428438 0.444167 0.080625 0.116667
1 0.815625 0.331250 0.086250 0.129167
