0 0.758750 0.060833 0.065000 0.086667
0 0.882812 0.148333 0.060625 0.075000
0 0.420938 0.185833 0.059375 0.091667
3 0.759687 0.859167 0.091875 0.110000
0 0.899687 0.671667 0.071875 0.093333
0 0.575625 0.805000 0.072500 0.086667
0 0.273750 0.150833 0.062500 0.093333
0 0.490625 0.910833 0.070000 0.085000
1 0.218438 0.610000 0.076875 0.098333
0 0.795312 0.537917 0.055625 0.077500
0 0.243750 0.874583 0.075000 0.089167
0 0.183438 0.946667 0.064375 0.096667
4 0.365000 0.211250 0.061250 0.092500
0 0.723750 0.433750 0.072500 0.090833
0 0.571250 0.339167 0.057500 0.090000
0 0.764687 0.270000 0.061875 0.076667
0 0.714688 0.523750 0.068125 0.095833
0 0.683750 0.248333 0.070000 0.085000
0 0.152812 0.571250 0.064375 0.082500
0 0.972500 0.142083 0.055000 0.075833
0 0.104063 0.445417 0.063125 0.080833
0 0.283750 0.340000 0.066250 0.091667
0 0.344062 0.364167 0.065625 0.091667
0 0.820312 0.454583 0.071875 0.095833
0 0.235000 0.794167 0.071250 0.080000
0 0.146563 0.137917 0.055625 0.080833
0 0.679375 0.569583 0.073750 0.105833
0 0.591250 0.629167 0.055000 0.083333
0 0.500625 0.397500 0.061250 0.078333
0 0.830000 0.955000 0.066250 0.080000
0 0.774062 0.393750 0.066875 0.095833
0 0.465000 0.135000 0.078750 0.091667
0 0.672500 0.928750 0.061250 0.085833
4 0.907500 0.848750 0.078750 0.097500
0 0.067500 0.762083 0.068750 0.097500
0 0.531250 0.539583 0.058750 0.089167
0 0.245625 0.713750 0.073750 0.094167
0 0.103125 0.953333 0.055000 0.085000
0 0.910000 0.230000 0.076250 0.100000
0 0.202187 0.691250 0.073125 0.082500
0 0.495937 0.622083 0.069375 0.102500
0 0.374063 0.324583 0.058125 0.087500
0 0.562187 0.911667 0.065625 0.066667
0 0.714688 0.927083 0.055625 0.079167
0 0.435312 0.495417 0.058125 0.077500
0 0.368750 0.750833 0.071250 0.078333
0 0.343125 0.608333 0.061250 0.085000
0 0.363438 0.536250 0.056875 0.084167
0 0.447500 0.572083 0.052500 0.080833
0 0.938125 0.259583 0.095000 0.065833
1 0.386875 0.604167 0.068750 0.101667
0 0.040938 0.477083 0.068125 0.079167
1 0.598437 0.515000 0.074375 0.128333
0 0.445937 0.648333 0.061875 0.085000
0 0.346250 0.681667 0.055000 0.075000
0 0.405938 0.674583 0.058125 0.064167
