0 0.897188 0.332500 0.071875 0.081667
0 0.885000 0.755417 0.070000 0.090833
0 0.106875 0.075000 0.072500 0.090000
0 0.393750 0.276667 0.070000 0.101667
0 0.118125 0.381250 0.063750 0.084167
0 0.554063 0.063750 0.063125 0.085833
0 0.500625 0.145833 0.070000 0.093333
0 0.708438 0.174583 0.071875 0.100833
0 0.632188 0.194167 0.070625 0.101667
0 0.078437 0.283333 0.073125 0.098333
0 0.749687 0.417083 0.071875 0.094167
0 0.891875 0.915417 0.066250 0.087500
0 0.395625 0.113333 0.078750 0.098333
0 0.834375 0.825417 0.071250 0.097500
0 0.803438 0.237917 0.075625 0.090833
0 0.895312 0.105417 0.083125 0.105833
0 0.175000 0.913750 0.076250 0.089167
0 0.034375 0.514167 0.062500 0.085000
0 0.076250 0.468750 0.083750 0.097500
0 0.321875 0.932083 0.075000 0.105833
2 0.587812 0.663750 0.104375 0.134167
6 0.140625 0.227917 0.081250 0.115833
