0 0.690625 0.558333 0.080000 0.103333
0 0.235313 0.885000 0.066875 0.091667
0 0.418125 0.736250 0.060000 0.092500
0 0.033125 0.192083 0.065000 0.087500
0 0.497188 0.115417 0.059375 0.082500
0 0.057813 0.825833 0.079375 0.106667
0 0.650312 0.734583 0.075625 0.095833
0 0.116875 0.411250 0.072500 0.102500
0 0.901250 0.441667 0.075000 0.113333
0 0.265625 0.252083 0.075000 0.095833
0 0.679063 0.170833 0.083125 0.103333
0 0.766875 0.217500 0.067500 0.091667
0 0.043125 0.097500 0.075000 0.101667
0 0.142500 0.670417 0.083750 0.097500
0 0.162188 0.310833 0.078125 0.103333
0 0.689375 0.936250 0.068750 0.089167
0 0.105000 0.180833 0.077500 0.106667
0 0.211250 0.080417 0.073750 0.097500
0 0.825625 0.354583 0.071250 0.094167
0 0.711250 0.434167 0.068750 0.085000
0 0.410938 0.259167 0.073125 0.101667
0 0.048750 0.700833 0.073750 0.100000
0 0.801875 0.695833 0.060000 0.098333
0 0.290625 0.169167 0.066250 0.088333
0 0.618750 0.802917 0.077500 0.097500
0 0.533750 0.324583 0.076250 0.110833
0 0.706250 0.261250 0.070000 0.090833
0 0.354375 0.551250 0.077500 0.105833
0 0.138437 0.767500 0.068125 0.090000
0 0.284687 0.055000 0.080625 0.095000
0 0.388750 0.835000 0.061250 0.086667
0 0.477187 0.465000 0.080625 0.100000
0 0.535000 0.215000 0.080000 0.101667
0 0.589375 0.160417 0.075000 0.097500
0 0.565000 0.933333 0.076250 0.095000
0 0.887813 0.076667 0.058125 0.110000
0 0.756563 0.877083 0.075625 0.104167
0 0.231875 0.562917 0.072500 0.094167
0 0.785000 0.347083 0.073750 0.090833
0 0.050313 0.430417 0.069375 0.119167
0 0.769062 0.078750 0.068125 0.089167
0 0.877500 0.639167 0.072500 0.093333
0 0.856250 0.594583 0.077500 0.099167
0 0.316875 0.882917 0.062500 0.100833
0 0.700937 0.657083 0.075625 0.087500
0 0.210000 0.289167 0.082500 0.091667
0 0.335313 0.895417 0.070625 0.092500
0 0.571250 0.136250 0.063750 0.092500
2 0.919063 0.581250 0.079375 0.155833
