0 0.775312 0.759583 0.066875 0.082500
0 0.729062 0.886667 0.060625 0.111667
0 0.590000 0.800000 0.072500 0.096667
0 0.463750 0.864167 0.076250 0.091667
0 0.400313 0.906667 0.071875 0.075000
0 0.084375 0.100833 0.063750 0.100000
0 0.101562 0.535000 0.079375 0.095000
0 0.606563 0.061667 0.079375 0.096667
0 0.938125 0.949583 0.062500 0.097500
0 0.915625 0.057917 0.051250 0.092500
0 0.483438 0.627083 0.060625 0.092500
0 0.565000 0.539167 0.067500 0.080000
0 0.460625 0.085833 0.076250 0.093333
0 0.866563 0.743333 0.079375 0.101667
0 0.542188 0.176250 0.069375 0.092500
0 0.353438 0.132083 0.061875 0.092500
0 0.391562 0.740833 0.059375 0.120000
0 0.469062 0.683333 0.075625 0.096667
0 0.855313 0.061250 0.070625 0.087500
0 0.308750 0.688750 0.082500 0.090833
0 0.952812 0.757500 0.066875 0.100000
0 0.723750 0.208750 0.063750 0.097500
0 0.464687 0.774167 0.064375 0.091667
0 0.408125 0.147917 0.077500 0.099167
0 0.156562 0.480417 0.066875 0.102500
0 0.716562 0.139167 0.061875 0.088333
0 0.670937 0.925833 0.069375 0.105000
0 0.761875 0.296250 0.072500 0.094167
0 0.674375 0.257917 0.065000 0.112500
0 0.761250 0.423333 0.073750 0.098333
0 0.056250 0.803333 0.075000 0.098333
0 0.590625 0.635417 0.075000 0.092500
0 0.674063 0.496250 0.064375 0.105833
0 0.510938 0.790000 0.071875 0.095000
0 0.817500 0.137083 0.078750 0.104167
0 0.870938 0.578750 0.070625 0.102500
0 0.622500 0.442083 0.062500 0.090833
0 0.218750 0.574167 0.066250 0.121667
0 0.599688 0.517917 0.063125 0.100833
0 0.308437 0.639167 0.058125 0.080000
0 0.657813 0.441667 0.069375 0.110000
0 0.256563 0.622917 0.059375 0.077500
0 0.963750 0.580833 0.063750 0.116667
0 0.253750 0.195417 0.090000 0.095833
0 0.945937 0.146667 0.074375 0.086667
0 0.701562 0.368333 0.074375 0.080000
0 0.508750 0.411250 0.068750 0.110833
0 0.905312 0.490833 0.054375 0.113333
0 0.654375 0.757917 0.067500 0.077500
0 0.961875 0.517083 0.075000 0.107500
0 0.727812 0.052083 0.071875 0.102500
0 0.634062 0.579167 0.078125 0.080000
0 0.129688 0.247917 0.044375 0.145833
