0 0.089688 0.120000 0.058125 0.081667
0 0.679063 0.366667 0.066875 0.091667
0 0.147500 0.832083 0.063750 0.104167
0 0.161250 0.104583 0.053750 0.112500
0 0.483750 0.283750 0.062500 0.080833
0 0.207813 0.282500 0.061875 0.091667
0 0.171250 0.530833 0.065000 0.090000
0 0.112500 0.502917 0.055000 0.087500
0 0.808750 0.450833 0.067500 0.090000
0 0.775937 0.948333 0.069375 0.091667
0 0.638125 0.861250 0.067500 0.089167
0 0.455937 0.710833 0.068125 0.086667
0 0.054062 0.268750 0.064375 0.094167
0 0.250625 0.241667 0.065000 0.098333
0 0.955625 0.249583 0.063750 0.090833
0 0.863437 0.871667 0.068125 0.101667
0 0.680625 0.225000 0.073750 0.083333
0 0.053125 0.488333 0.068750 0.093333
0 0.489063 0.164167 0.071875 0.081667
0 0.748437 0.747500 0.071875 0.090000
0 0.647188 0.941250 0.069375 0.095833
0 0.827187 0.801667 0.066875 0.098333
0 0.931875 0.540000 0.061250 0.075000
0 0.391875 0.765833 0.073750 0.093333
0 0.909687 0.072500 0.065625 0.095000
0 0.519687 0.800000 0.060625 0.100000
0 0.344062 0.511667 0.073125 0.086667
0 0.403750 0.820833 0.072500 0.081667
0 0.784062 0.631250 0.060625 0.095833
0 0.783125 0.195833 0.056250 0.078333
0 0.667500 0.534583 0.072500 0.112500
0 0.384062 0.549167 0.068125 0.106667
0 0.964063 0.624167 0.070625 0.100000
0 0.728125 0.543750 0.057500 0.107500
0 0.518125 0.653333 0.063750 0.098333
0 0.209687 0.145000 0.110625 0.091667
0 0.624375 0.722500 0.056250 0.095000
0 0.030937 0.051667 0.059375 0.088333
0 0.183438 0.787083 0.059375 0.120833
0 0.499688 0.652500 0.061875 0.078333
0 0.301875 0.308333 0.076250 0.081667
6 0.318125 0.374167 0.108750 0.118333
0 0.747500 0.110417 0.066250 0.109167
0 0.791250 0.130833 0.075000 0.078333
0 0.446875 0.577500 0.075000 0.096667
0 0.576875 0.686250 0.058750 0.075833
0 0.107188 0.900000 0.050625 0.130000
0 0.938750 0.955417 0.066250 0.085833
0 0.590000 0.796667 0.056250 0.076667
0 0.966562 0.090417 0.066875 0.087500
0 0.863125 0.057917 0.072500 0.114167
