0 0.349062 0.705417 0.061875 0.097500
0 0.740000 0.292917 0.060000 0.082500
0 0.056563 0.782083 0.063125 0.082500
0 0.795937 0.586667 0.069375 0.093333
0 0.599375 0.480417 0.075000 0.092500
0 0.942813 0.631250 0.069375 0.095833
0 0.652813 0.850833 0.063125 0.076667
0 0.434688 0.515833 0.078125 0.101667
0 0.278750 0.390417 0.075000 0.094167
0 0.246250 0.827917 0.062500 0.082500
0 0.951875 0.866250 0.066250 0.090833
0 0.350938 0.105417 0.070625 0.089167
0 0.497500 0.670417 0.066250 0.090833
0 0.550625 0.259167 0.058750 0.076667
0 0.115625 0.899583 0.071250 0.107500
0 0.080000 0.407917 0.052500 0.080833
0 0.043437 0.498333 0.059375 0.083333
0 0.051875 0.162917 0.075000 0.092500
0 0.262500 0.754583 0.077500 0.082500
0 0.150625 0.641250 0.061250 0.074167
0 0.900625 0.814167 0.056250 0.080000
0 0.566562 0.040000 0.056875 0.071667
0 0.106563 0.621667 0.051875 0.066667
0 0.637188 0.306250 0.066875 0.089167
0 0.935625 0.188333 0.067500 0.091667
0 0.607812 0.097917 0.074375 0.087500
0 0.898750 0.558750 0.062500 0.085833
0 0.334688 0.284583 0.055625 0.080833
0 0.214062 0.902500 0.071875 0.081667
0 0.504062 0.772917 0.059375 0.075833
0 0.811562 0.727083 0.066875 0.077500
0 0.714688 0.110833 0.050625 0.070000
0 0.419375 0.829583 0.060000 0.082500
0 0.419375 0.311667 0.051250 0.065000
0 0.809688 0.360833 0.069375 0.083333
0 0.942187 0.267500 0.058125 0.076667
0 0.831250 0.079583 0.071250 0.122500
0 0.157188 0.505000 0.063125 0.078333
0 0.486563 0.193750 0.060625 0.079167
0 0.070938 0.328750 0.065625 0.065833
0 0.861563 0.718333 0.068125 0.096667
0 0.693750 0.395833 0.056250 0.073333
0 0.229687 0.700417 0.055625 0.070833
0 0.794063 0.140000 0.061875 0.070000
0 0.554063 0.600417 0.061875 0.104167
0 0.089375 0.067083 0.056250 0.069167
0 0.301250 0.042500 0.058750 0.070000
0 0.545312 0.513750 0.050625 0.070833
0 0.605625 0.219167 0.047500 0.066667
0 0.198750 0.500833 0.055000 0.080000
0 0.617188 0.395000 0.061875 0.083333
0 0.495937 0.259167 0.045625 0.066667
0 0.300938 0.956667 0.053125 0.066667
0 0.104688 0.525000 0.048125 0.068333
0 0.760000 0.937500 0.052500 0.063333
0 0.836250 0.206250 0.048750 0.067500
0 0.084375 0.251250 0.052500 0.072500
0 0.073125 0.580833 0.047500 0.075000
0 0.432188 0.113333 0.059375 0.075000
0 0.243438 0.645417 0.063125 0.079167
0 0.377188 0.285000 0.068125 0.080000
0 0.463438 0.079167 0.064375 0.070000
0 0.111250 0.134167 0.055000 0.071667
0 0.270313 0.905833 0.064375 0.110000
0 0.172813 0.361667 0.050625 0.070000
0 0.369688 0.432083 0.056875 0.085833
0 0.676562 0.140833 0.054375 0.075000
0 0.532813 0.186667 0.051875 0.070000
0 0.898125 0.917500 0.056250 0.075000
0 0.530000 0.435000 0.046250 0.070000
0 0.765625 0.870833 0.053750 0.066667
0 0.304688 0.499167 0.050625 0.073333
0 0.731563 0.822917 0.069375 0.084167
0 0.808750 0.825000 0.060000 0.066667
0 0.671250 0.051250 0.051250 0.090833
0 0.767813 0.093333 0.056875 0.073333
0 0.794687 0.282917 0.048125 0.064167
0 0.135937 0.328750 0.050625 0.064167
0 0.116250 0.291667 0.053750 0.073333
0 0.155938 0.129583 0.048125 0.062500
0 0.439063 0.043750 0.050625 0.064167
0 0.580000 0.167083 0.041250 0.065833
