0 0.630313 0.270417 0.071875 0.090833
0 0.302500 0.228333 0.063750 0.088333
0 0.399687 0.767917 0.075625 0.100833
0 0.618125 0.615000 0.085000 0.093333
0 0.679375 0.491250 0.071250 0.089167
0 0.340000 0.126667 0.071250 0.100000
0 0.458125 0.177083 0.063750 0.095833
0 0.544375 0.397083 0.076250 0.104167
0 0.819063 0.936250 0.061875 0.077500
2 0.630000 0.711667 0.091250 0.106667
0 0.925000 0.188333 0.080000 0.100000
0 0.207500 0.232500 0.063750 0.078333
0 0.695625 0.834583 0.080000 0.105833
0 0.724063 0.282917 0.063125 0.092500
0 0.097500 0.810833 0.067500 0.096667
0 0.264375 0.545000 0.062500 0.076667
0 0.816562 0.558750 0.068125 0.092500
0 0.822187 0.663750 0.070625 0.092500
6 0.133750 0.455000 0.085000 0.090000
3 0.914062 0.444167 0.084375 0.120000
0 0.453750 0.637083 0.060000 0.070833
0 0.857500 0.742083 0.068750 0.079167
0 0.915000 0.810000 0.060000 0.073333
0 0.875625 0.537917 0.048750 0.070833
0 0.657188 0.938333 0.081875 0.085000
0 0.244688 0.415000 0.060625 0.075000
0 0.550625 0.749167 0.078750 0.075000
0 0.180625 0.529167 0.068750 0.085000
0 0.952812 0.587917 0.069375 0.057500
0 0.054375 0.439167 0.086250 0.088333
0 0.222812 0.692917 0.064375 0.065833
0 0.218750 0.753333 0.067500 0.096667
0 0.183438 0.616250 0.068125 0.072500
0 0.233125 0.485000 0.065000 0.073333
0 0.131562 0.119167 0.051875 0.071667
0 0.177187 0.742500 0.066875 0.100000
0 0.067812 0.537917 0.070625 0.102500
0 0.045312 0.548333 0.073125 0.095000
0 0.175625 0.042083 0.062500 0.077500
