0 0.250312 0.210833 0.058125 0.085000
0 0.122500 0.220417 0.057500 0.102500
0 0.478125 0.756250 0.068750 0.099167
0 0.712187 0.395833 0.064375 0.100000
0 0.850313 0.290417 0.071875 0.105833
0 0.909062 0.188333 0.073125 0.095000
0 0.323437 0.138333 0.066875 0.103333
0 0.179063 0.193750 0.060625 0.100833
0 0.606250 0.677917 0.065000 0.090833
0 0.776250 0.842500 0.066250 0.088333
0 0.181562 0.101250 0.066875 0.097500
0 0.213125 0.600833 0.062500 0.108333
0 0.436563 0.169583 0.073125 0.100833
0 0.772813 0.100000 0.064375 0.098333
0 0.960625 0.903750 0.071250 0.094167
0 0.638125 0.135417 0.068750 0.097500
0 0.200937 0.723333 0.066875 0.113333
0 0.468438 0.537500 0.073125 0.103333
0 0.481250 0.333333 0.066250 0.093333
6 0.709688 0.860833 0.070625 0.113333
0 0.856875 0.062917 0.065000 0.095833
0 0.045000 0.120000 0.057500 0.093333
0 0.297187 0.323333 0.083125 0.086667
0 0.393125 0.545833 0.072500 0.091667
0 0.078125 0.525000 0.061250 0.106667
0 0.152812 0.379167 0.064375 0.095000
0 0.615000 0.525000 0.071250 0.088333
0 0.695312 0.559583 0.070625 0.089167
0 0.136875 0.515833 0.060000 0.115000
0 0.643750 0.245833 0.075000 0.106667
0 0.080312 0.400000 0.070625 0.108333
0 0.930937 0.746667 0.059375 0.086667
0 0.692187 0.266250 0.064375 0.099167
0 0.297187 0.387917 0.061875 0.094167
0 0.294063 0.676250 0.074375 0.102500
0 0.965625 0.669167 0.066250 0.098333
0 0.734062 0.598750 0.076875 0.112500
0 0.946250 0.813333 0.076250 0.091667
0 0.775625 0.671250 0.083750 0.079167
0 0.884062 0.718333 0.070625 0.100000
0 0.872188 0.372917 0.085625 0.097500
0 0.259375 0.636250 0.068750 0.114167
0 0.187812 0.490417 0.058125 0.120833
0 0.919063 0.500833 0.080625 0.135000
