0 0.626250 0.910833 0.075000 0.098333
0 0.524375 0.888333 0.078750 0.101667
0 0.221250 0.516667 0.055000 0.075000
0 0.485938 0.274167 0.043125 0.081667
0 0.087500 0.167917 0.073750 0.089167
0 0.552500 0.246667 0.067500 0.093333
0 0.447813 0.774167 0.080625 0.110000
0 0.873437 0.158750 0.069375 0.095833
0 0.719375 0.737500 0.067500 0.083333
0 0.392813 0.597083 0.070625 0.107500
0 0.260937 0.390000 0.054375 0.085000
0 0.058438 0.371667 0.056875 0.101667
0 0.323125 0.585000 0.075000 0.098333
0 0.609062 0.181667 0.065625 0.075000
0 0.206875 0.647917 0.076250 0.105833
0 0.130312 0.639583 0.070625 0.089167
0 0.430937 0.138750 0.061875 0.079167
0 0.530312 0.633750 0.078125 0.107500
0 0.098750 0.256250 0.063750 0.070833
0 0.728437 0.919583 0.061875 0.067500
0 0.752500 0.129167 0.056250 0.080000
0 0.271875 0.645417 0.070000 0.092500
0 0.919063 0.227083 0.070625 0.092500
0 0.295938 0.057083 0.064375 0.085833
0 0.337187 0.948750 0.070625 0.095833
0 0.321250 0.680000 0.065000 0.091667
0 0.604375 0.076250 0.077500 0.094167
0 0.516563 0.733750 0.076875 0.105833
0 0.451562 0.670000 0.084375 0.108333
0 0.787500 0.316667 0.076250 0.098333
0 0.865625 0.324583 0.076250 0.105833
0 0.503437 0.370417 0.076875 0.094167
0 0.075938 0.335000 0.073125 0.088333
0 0.051875 0.210000 0.082500 0.103333
0 0.632188 0.491250 0.083125 0.084167
0 0.151250 0.223333 0.055000 0.080000
0 0.386562 0.231250 0.075625 0.094167
0 0.775000 0.245417 0.056250 0.079167
0 0.327500 0.855417 0.076250 0.104167
0 0.432812 0.380833 0.059375 0.085000
0 0.157188 0.313333 0.054375 0.080000
0 0.819688 0.141667 0.069375 0.088333
1 0.821562 0.755417 0.086875 0.125833
1 0.543750 0.316667 0.081250 0.103333
0 0.306563 0.347500 0.066875 0.088333
0 0.159688 0.101250 0.068125 0.092500
0 0.284062 0.549583 0.079375 0.107500
0 0.764375 0.840000 0.068750 0.095000
0 0.936875 0.330833 0.071250 0.103333
0 0.332188 0.149167 0.074375 0.093333
0 0.143750 0.846667 0.066250 0.088333
0 0.744062 0.489167 0.079375 0.101667
0 0.688750 0.274583 0.070000 0.084167
1 0.203437 0.245000 0.079375 0.108333
0 0.365312 0.075833 0.076875 0.105000
0 0.478750 0.807500 0.071250 0.103333
0 0.668125 0.150417 0.056250 0.075833
0 0.806875 0.075833 0.068750 0.091667
0 0.238437 0.110417 0.073125 0.089167
0 0.394062 0.346667 0.066875 0.096667
0 0.519062 0.071667 0.061875 0.095000
0 0.949375 0.925000 0.075000 0.090000
1 0.240000 0.823750 0.081250 0.114167
1 0.877500 0.497083 0.095000 0.145833
1 0.970000 0.240833 0.060000 0.111667
1 0.102813 0.571250 0.085625 0.100833
0 0.161875 0.159583 0.063750 0.075833
0 0.728750 0.290833 0.061250 0.100000
0 0.809375 0.287500 0.060000 0.105000
0 0.693125 0.212083 0.065000 0.074167
0 0.686875 0.078333 0.056250 0.078333
0 0.426563 0.060833 0.066875 0.096667
0 0.724375 0.138750 0.056250 0.085833
0 0.080312 0.864167 0.066875 0.075000
0 0.754687 0.802083 0.065625 0.082500
0 0.918438 0.789583 0.069375 0.085833
0 0.034688 0.594583 0.059375 0.109167
0 0.165937 0.425833 0.064375 0.081667
0 0.111562 0.509167 0.060625 0.076667
0 0.171563 0.460833 0.065625 0.080000
0 0.124375 0.416250 0.075000 0.084167
0 0.126250 0.389583 0.071250 0.094167
0 0.305625 0.277083 0.057500 0.084167
0 0.335625 0.299167 0.058750 0.075000
0 0.372500 0.367917 0.055000 0.090833
0 0.302812 0.237917 0.070625 0.084167
0 0.271562 0.189583 0.050625 0.075833
0 0.226562 0.040000 0.056875 0.073333
0 0.203750 0.196250 0.055000 0.064167
0 0.248438 0.177083 0.050625 0.062500
0 0.370937 0.460000 0.065625 0.075000
0 0.309375 0.480000 0.060000 0.076667
0 0.482812 0.466250 0.064375 0.084167
0 0.449375 0.561667 0.058750 0.103333
0 0.657500 0.387083 0.075000 0.085833
0 0.571562 0.432917 0.065625 0.092500
0 0.590625 0.406667 0.075000 0.081667
0 0.386562 0.697917 0.066875 0.075833
0 0.439688 0.440000 0.071875 0.106667
0 0.330313 0.456250 0.069375 0.095833
0 0.275313 0.805833 0.064375 0.081667
0 0.439063 0.507917 0.054375 0.092500
0 0.111562 0.481250 0.065625 0.070833
