0 0.633437 0.403333 0.075625 0.100000
0 0.714375 0.323333 0.073750 0.088333
0 0.624062 0.274167 0.065625 0.105000
0 0.793125 0.577917 0.083750 0.094167
0 0.533125 0.565417 0.071250 0.094167
0 0.585625 0.673333 0.078750 0.106667
0 0.480938 0.793333 0.083125 0.083333
0 0.513437 0.862917 0.068125 0.087500
0 0.559063 0.814167 0.068125 0.086667
0 0.751875 0.857500 0.080000 0.105000
0 0.676562 0.756667 0.071875 0.098333
2 0.502812 0.265000 0.115625 0.110000
2 0.681562 0.161250 0.115625 0.149167
0 0.529375 0.112917 0.078750 0.104167
0 0.451562 0.097083 0.074375 0.099167
0 0.324688 0.167917 0.073125 0.097500
0 0.234687 0.147917 0.071875 0.087500
0 0.090625 0.188750 0.071250 0.092500
0 0.265625 0.277917 0.090000 0.104167
0 0.205937 0.378333 0.075625 0.096667
0 0.375000 0.319167 0.078750 0.083333
0 0.406875 0.208750 0.076250 0.100833
0 0.880625 0.670417 0.077500 0.100833
0 0.754687 0.747917 0.075625 0.117500
0 0.343750 0.716667 0.077500 0.101667
0 0.387188 0.659167 0.089375 0.106667
0 0.358438 0.485000 0.074375 0.088333
0 0.395000 0.420000 0.078750 0.108333
0 0.435625 0.424583 0.077500 0.095833
0 0.076563 0.457917 0.086875 0.092500
0 0.156250 0.501667 0.072500 0.091667
0 0.223750 0.549167 0.067500 0.101667
0 0.279375 0.598750 0.076250 0.102500
0 0.157500 0.687917 0.085000 0.094167
0 0.232500 0.679167 0.067500 0.108333
0 0.234063 0.786667 0.070625 0.085000
0 0.379063 0.798750 0.073125 0.094167
0 0.399062 0.901250 0.086875 0.097500
0 0.825625 0.419583 0.072500 0.080833
0 0.850000 0.312500 0.072500 0.103333
0 0.843437 0.096667 0.071875 0.111667
0 0.883125 0.177917 0.077500 0.114167
0 0.967500 0.422917 0.065000 0.089167
0 0.785937 0.945833 0.058125 0.076667
0 0.228437 0.874167 0.073125 0.081667
0 0.138125 0.788750 0.081250 0.095833
0 0.061250 0.828750 0.068750 0.097500
0 0.039062 0.674167 0.070625 0.101667
0 0.061875 0.270833 0.083750 0.090000
3 0.313750 0.918333 0.150000 0.088333
