0 0.628437 0.871667 0.068125 0.088333
0 0.487500 0.292917 0.065000 0.079167
0 0.820000 0.415417 0.065000 0.089167
0 0.673125 0.246667 0.072500 0.101667
0 0.404375 0.737500 0.061250 0.078333
0 0.685937 0.111250 0.073125 0.099167
0 0.111875 0.581250 0.065000 0.090833
0 0.485000 0.085833 0.063750 0.083333
0 0.795625 0.128333 0.073750 0.090000
0 0.594375 0.121250 0.073750 0.099167
0 0.744687 0.442083 0.065625 0.094167
0 0.135937 0.282917 0.066875 0.082500
0 0.049375 0.591667 0.071250 0.093333
0 0.118750 0.724583 0.060000 0.082500
0 0.897188 0.948333 0.075625 0.085000
0 0.288125 0.735000 0.068750 0.080000
0 0.235313 0.372083 0.068125 0.082500
0 0.761875 0.207500 0.076250 0.090000
0 0.574063 0.224167 0.068125 0.098333
1 0.857812 0.316250 0.075625 0.085833
0 0.750313 0.870417 0.069375 0.087500
0 0.869687 0.094167 0.070625 0.091667
0 0.634687 0.413750 0.071875 0.100833
0 0.742500 0.941667 0.065000 0.071667
0 0.212188 0.510417 0.069375 0.084167
0 0.936562 0.753333 0.064375 0.090000
0 0.320625 0.357500 0.058750 0.091667
0 0.156562 0.143333 0.074375 0.096667
0 0.402500 0.355833 0.065000 0.076667
0 0.530625 0.335417 0.068750 0.089167
0 0.883437 0.394167 0.065625 0.081667
0 0.966250 0.845000 0.061250 0.093333
0 0.388125 0.047917 0.073750 0.084167
0 0.858750 0.484583 0.080000 0.099167
0 0.361250 0.870833 0.080000 0.081667
0 0.400000 0.129167 0.061250 0.080000
0 0.433750 0.855000 0.071250 0.091667
0 0.719688 0.639583 0.060625 0.074167
0 0.848125 0.684583 0.057500 0.075833
0 0.682187 0.469583 0.065625 0.087500
0 0.529062 0.631250 0.063125 0.077500
0 0.194375 0.098333 0.066250 0.086667
0 0.233750 0.772500 0.053750 0.075000
0 0.522188 0.153750 0.070625 0.089167
0 0.482187 0.845000 0.070625 0.096667
0 0.928750 0.173750 0.051250 0.072500
0 0.475000 0.485833 0.051250 0.073333
0 0.745000 0.310417 0.062500 0.080833
0 0.779375 0.726250 0.073750 0.084167
0 0.879062 0.750417 0.056875 0.082500
0 0.229063 0.242917 0.059375 0.087500
5 0.067187 0.058333 0.058125 0.071667
0 0.345000 0.170417 0.058750 0.090833
0 0.709688 0.565417 0.053125 0.065833
0 0.903438 0.469583 0.063125 0.094167
0 0.303438 0.294583 0.065625 0.079167
0 0.820000 0.572083 0.068750 0.090833
0 0.875625 0.850417 0.066250 0.074167
0 0.831562 0.204167 0.056875 0.078333
0 0.295312 0.431250 0.069375 0.065833
0 0.688125 0.857083 0.063750 0.082500
0 0.783438 0.812083 0.053125 0.064167
0 0.115625 0.874167 0.055000 0.075000
0 0.064062 0.820833 0.065625 0.088333
0 0.530000 0.483333 0.058750 0.070000
0 0.781875 0.358750 0.050000 0.085833
0 0.428125 0.949167 0.060000 0.091667
0 0.043437 0.515417 0.061875 0.060833
0 0.157500 0.540000 0.066250 0.081667
0 0.745938 0.524583 0.064375 0.090833
0 0.537188 0.956250 0.058125 0.084167
0 0.405938 0.631667 0.071875 0.081667
0 0.208437 0.870417 0.059375 0.069167
0 0.064687 0.454167 0.058125 0.066667
0 0.601562 0.254583 0.068125 0.099167
0 0.375625 0.811667 0.058750 0.081667
0 0.482187 0.918750 0.056875 0.074167
0 0.282500 0.226250 0.055000 0.080833
0 0.555625 0.410417 0.061250 0.060833
0 0.548438 0.725000 0.054375 0.073333
0 0.446250 0.167917 0.051250 0.070833
0 0.112187 0.075833 0.044375 0.078333
0 0.119375 0.956667 0.067500 0.081667
0 0.596250 0.540833 0.062500 0.085000
0 0.069062 0.380417 0.071875 0.080833
0 0.503437 0.707500 0.051875 0.073333
0 0.173750 0.232917 0.053750 0.075833
0 0.116562 0.801250 0.054375 0.075833
0 0.119688 0.653750 0.064375 0.065833
2 0.664062 0.535000 0.088125 0.078333
0 0.463438 0.734167 0.064375 0.076667
0 0.573750 0.042500 0.053750 0.076667
0 0.807187 0.050000 0.058125 0.066667
0 0.485312 0.211250 0.068125 0.084167
0 0.509375 0.551667 0.052500 0.068333
0 0.288125 0.150833 0.066250 0.058333
0 0.499063 0.412917 0.060625 0.072500
0 0.276250 0.504167 0.053750 0.071667
0 0.092813 0.334583 0.060625 0.079167
0 0.892500 0.555000 0.053750 0.071667
0 0.868125 0.625000 0.045000 0.068333
0 0.044687 0.683750 0.058125 0.079167
0 0.128750 0.357083 0.051250 0.064167
0 0.106250 0.445833 0.062500 0.056667
0 0.874062 0.252083 0.059375 0.065833
0 0.969688 0.189167 0.058125 0.071667
0 0.050313 0.730000 0.069375 0.085000
0 0.064375 0.765833 0.066250 0.085000
0 0.047500 0.871667 0.052500 0.085000
0 0.594063 0.615833 0.060625 0.056667
0 0.323125 0.794167 0.051250 0.076667
0 0.165937 0.798750 0.048125 0.060833
0 0.178437 0.730000 0.059375 0.066667
0 0.435625 0.680000 0.055000 0.060000
0 0.217500 0.960417 0.043750 0.074167
0 0.631875 0.040833 0.053750 0.073333
0 0.554375 0.570000 0.041250 0.071667
0 0.172813 0.435417 0.045625 0.059167
