0 0.524062 0.337083 0.071875 0.099167
0 0.560312 0.644167 0.078125 0.096667
0 0.722500 0.558333 0.076250 0.113333
0 0.168125 0.830417 0.073750 0.100833
0 0.099062 0.470833 0.070625 0.083333
0 0.761875 0.402083 0.067500 0.094167
0 0.192500 0.681667 0.066250 0.101667
0 0.895938 0.570000 0.068125 0.100000
0 0.349687 0.192083 0.071875 0.090833
0 0.435937 0.887500 0.065625 0.093333
0 0.310312 0.869167 0.064375 0.083333
6 0.174687 0.153333 0.083125 0.106667
0 0.479687 0.946667 0.068125 0.090000
0 0.650000 0.609583 0.072500 0.092500
0 0.705313 0.657500 0.064375 0.080000
0 0.280000 0.610417 0.070000 0.092500
0 0.254375 0.126250 0.082500 0.090833
0 0.070000 0.206667 0.067500 0.113333
0 0.559375 0.100000 0.082500 0.086667
0 0.048438 0.535833 0.081875 0.088333
2 0.074375 0.746250 0.102500 0.099167
0 0.825625 0.832083 0.081250 0.104167
0 0.040000 0.620417 0.072500 0.084167
3 0.680937 0.048333 0.088125 0.096667
0 0.622812 0.211250 0.049375 0.064167
0 0.326875 0.250000 0.087500 0.086667
0 0.240625 0.063333 0.086250 0.066667
0 0.620000 0.162083 0.078750 0.080833
0 0.600313 0.955833 0.060625 0.086667
0 0.485625 0.098750 0.073750 0.085833
0 0.196875 0.390833 0.063750 0.140000
