0 0.557500 0.767500 0.062500 0.093333
0 0.328750 0.083750 0.071250 0.092500
0 0.082187 0.513750 0.066875 0.094167
0 0.801562 0.630000 0.063125 0.091667
0 0.464687 0.810000 0.063125 0.090000
0 0.640938 0.524583 0.066875 0.099167
0 0.115937 0.925000 0.059375 0.101667
0 0.080937 0.216250 0.068125 0.087500
0 0.766875 0.165417 0.076250 0.092500
0 0.468750 0.112083 0.078750 0.097500
0 0.375625 0.163333 0.061250 0.091667
0 0.084375 0.312083 0.068750 0.084167
0 0.304375 0.461250 0.071250 0.110833
0 0.502500 0.724167 0.068750 0.081667
0 0.822500 0.466250 0.071250 0.127500
0 0.055313 0.407083 0.061875 0.120833
0 0.552500 0.183750 0.070000 0.077500
0 0.479063 0.626250 0.070625 0.089167
0 0.376875 0.470000 0.058750 0.136667
0 0.880000 0.926667 0.066250 0.108333
0 0.214062 0.208333 0.080625 0.110000
0 0.350938 0.239167 0.060625 0.115000
0 0.226562 0.734167 0.075625 0.116667
6 0.583750 0.565833 0.073750 0.110000
