0 0.330000 0.072500 0.062500 0.086667
0 0.169375 0.710417 0.075000 0.094167
0 0.750313 0.668750 0.056875 0.089167
0 0.233750 0.235417 0.063750 0.077500
0 0.511875 0.216250 0.067500 0.082500
0 0.259062 0.727500 0.065625 0.086667
0 0.142187 0.159583 0.074375 0.097500
0 0.882188 0.610417 0.063125 0.082500
0 0.291875 0.450833 0.056250 0.080000
0 0.066875 0.435000 0.077500 0.100000
0 0.609375 0.687500 0.061250 0.085000
0 0.824375 0.222917 0.067500 0.084167
0 0.543438 0.932500 0.064375 0.076667
3 0.822500 0.476667 0.082500 0.101667
0 0.957500 0.380000 0.070000 0.081667
0 0.195937 0.395833 0.070625 0.088333
0 0.915000 0.952083 0.067500 0.085833
0 0.826875 0.333750 0.066250 0.092500
0 0.695000 0.135833 0.078750 0.093333
0 0.394062 0.085000 0.064375 0.091667
0 0.199375 0.547083 0.075000 0.095833
0 0.594375 0.287917 0.071250 0.089167
0 0.433437 0.531250 0.069375 0.099167
0 0.260313 0.165000 0.066875 0.080000
3 0.882812 0.812500 0.075625 0.103333
0 0.384062 0.177083 0.071875 0.094167
0 0.130938 0.823333 0.063125 0.080000
0 0.330313 0.365833 0.069375 0.083333
0 0.428438 0.249167 0.083125 0.095000
1 0.082812 0.741667 0.078125 0.110000
0 0.923750 0.304583 0.068750 0.097500
0 0.291250 0.588333 0.067500 0.090000
0 0.283438 0.880417 0.065625 0.095833
0 0.488125 0.964583 0.050000 0.070833
0 0.170313 0.903750 0.065625 0.090833
0 0.910312 0.114167 0.064375 0.080000
0 0.217812 0.351250 0.069375 0.082500
0 0.465000 0.173750 0.061250 0.085833
0 0.795000 0.911667 0.066250 0.091667
0 0.135937 0.510417 0.065625 0.094167
0 0.318750 0.154167 0.062500 0.086667
0 0.408438 0.912917 0.054375 0.085833
0 0.795312 0.599583 0.054375 0.072500
0 0.071250 0.564167 0.055000 0.078333
0 0.197813 0.837917 0.066875 0.089167
0 0.092813 0.288750 0.063125 0.089167
0 0.682187 0.493750 0.076875 0.077500
0 0.230000 0.910833 0.057500 0.075000
0 0.327500 0.687083 0.065000 0.092500
0 0.401250 0.725833 0.063750 0.081667
1 0.845625 0.920417 0.082500 0.104167
0 0.697187 0.564167 0.073125 0.076667
0 0.806562 0.121667 0.061875 0.066667
0 0.032500 0.239167 0.057500 0.086667
0 0.330937 0.509167 0.063125 0.066667
0 0.652188 0.687917 0.060625 0.072500
6 0.928125 0.665000 0.077500 0.098333
0 0.856875 0.171250 0.058750 0.089167
0 0.640938 0.276250 0.079375 0.079167
0 0.761875 0.571667 0.052500 0.081667
0 0.455313 0.319167 0.066875 0.068333
1 0.929375 0.193750 0.078750 0.105833
0 0.350938 0.907917 0.070625 0.082500
0 0.442188 0.776667 0.060625 0.083333
0 0.455000 0.092500 0.063750 0.073333
0 0.962812 0.070833 0.064375 0.075000
0 0.160938 0.802083 0.061875 0.087500
0 0.157500 0.310833 0.085000 0.088333
0 0.356563 0.846250 0.074375 0.077500
0 0.651563 0.197500 0.053125 0.080000
0 0.091250 0.034167 0.043750 0.068333
