0 0.464375 0.162917 0.070000 0.084167
0 0.615000 0.682083 0.070000 0.087500
0 0.594688 0.065417 0.064375 0.087500
0 0.766875 0.345833 0.071250 0.093333
0 0.574375 0.287917 0.070000 0.094167
0 0.710000 0.103333 0.063750 0.088333
0 0.735313 0.471250 0.060625 0.079167
0 0.824688 0.545833 0.065625 0.098333
0 0.858125 0.119583 0.061250 0.087500
0 0.868437 0.244167 0.059375 0.090000
0 0.711562 0.688750 0.059375 0.092500
0 0.570000 0.552917 0.066250 0.092500
0 0.643437 0.589583 0.065625 0.092500
0 0.210938 0.860000 0.064375 0.086667
0 0.447500 0.375833 0.068750 0.091667
0 0.391875 0.514167 0.061250 0.100000
0 0.893750 0.796667 0.063750 0.101667
0 0.692813 0.290417 0.066875 0.090833
0 0.244688 0.675000 0.069375 0.086667
0 0.339687 0.248750 0.064375 0.087500
0 0.330313 0.117083 0.061875 0.089167
0 0.045312 0.191667 0.061875 0.081667
0 0.934063 0.224167 0.061875 0.081667
0 0.398438 0.838333 0.065625 0.088333
0 0.683750 0.867500 0.061250 0.086667
0 0.490000 0.563333 0.062500 0.088333
0 0.385000 0.332083 0.057500 0.094167
0 0.784062 0.917083 0.076875 0.090833
0 0.116875 0.644583 0.067500 0.080833
0 0.426563 0.242917 0.064375 0.082500
0 0.150938 0.575417 0.070625 0.084167
0 0.104063 0.306667 0.070625 0.090000
0 0.768750 0.733750 0.066250 0.099167
0 0.693125 0.391667 0.067500 0.090000
0 0.496563 0.713333 0.068125 0.086667
0 0.390000 0.167083 0.057500 0.084167
0 0.411562 0.937917 0.074375 0.099167
0 0.265313 0.290417 0.068125 0.099167
0 0.625938 0.437917 0.071875 0.084167
0 0.569688 0.386250 0.064375 0.087500
0 0.760000 0.610000 0.070000 0.096667
0 0.899062 0.677917 0.064375 0.082500
0 0.515000 0.644583 0.070000 0.082500
0 0.669687 0.762500 0.079375 0.095000
0 0.458437 0.476667 0.069375 0.100000
0 0.960938 0.805000 0.064375 0.086667
0 0.895625 0.896250 0.071250 0.077500
0 0.148125 0.482917 0.060000 0.082500
0 0.843125 0.637917 0.062500 0.080833
0 0.958438 0.472083 0.068125 0.094167
0 0.926562 0.357917 0.071875 0.085833
0 0.504687 0.883750 0.066875 0.084167
0 0.053125 0.685833 0.075000 0.076667
0 0.754375 0.839167 0.055000 0.075000
0 0.393437 0.078750 0.061875 0.079167
0 0.840313 0.339167 0.059375 0.090000
0 0.335938 0.611250 0.068125 0.085833
0 0.331875 0.801667 0.068750 0.091667
0 0.502500 0.247500 0.062500 0.091667
0 0.551875 0.915417 0.070000 0.070833
0 0.802188 0.158333 0.064375 0.080000
0 0.324688 0.509583 0.058125 0.099167
0 0.325313 0.391250 0.065625 0.085833
0 0.161562 0.795833 0.083125 0.086667
0 0.519062 0.110000 0.063125 0.081667
0 0.170937 0.698333 0.071875 0.093333
0 0.055313 0.571667 0.063125 0.078333
0 0.308125 0.896667 0.085000 0.076667
0 0.720000 0.581667 0.062500 0.100000
0 0.552188 0.760000 0.064375 0.071667
0 0.816562 0.429167 0.065625 0.090000
0 0.124375 0.075417 0.057500 0.082500
0 0.632188 0.136250 0.076875 0.074167
0 0.294063 0.759167 0.063125 0.068333
0 0.254375 0.522083 0.053750 0.080833
0 0.426875 0.632500 0.065000 0.091667
0 0.463438 0.046250 0.063125 0.092500
0 0.166875 0.383750 0.065000 0.074167
0 0.034063 0.349167 0.068125 0.098333
0 0.597500 0.857917 0.068750 0.075833
0 0.132188 0.922917 0.069375 0.085833
0 0.426563 0.704167 0.053125 0.083333
0 0.910625 0.318333 0.062500 0.083333
0 0.798125 0.249167 0.050000 0.078333
0 0.938750 0.124167 0.066250 0.076667
0 0.357812 0.693333 0.061875 0.086667
0 0.032500 0.891667 0.065000 0.095000
0 0.627812 0.950833 0.060625 0.096667
0 0.525312 0.955833 0.063125 0.081667
0 0.113750 0.880417 0.070000 0.072500
0 0.128438 0.384167 0.063125 0.078333
0 0.149688 0.102917 0.054375 0.087500
0 0.587187 0.763750 0.059375 0.072500
0 0.752812 0.494167 0.059375 0.081667
0 0.770312 0.242083 0.054375 0.087500
0 0.237187 0.485000 0.060625 0.081667
