0 0.245938 0.952083 0.083125 0.095833
0 0.721250 0.247083 0.071250 0.094167
0 0.113750 0.929583 0.071250 0.099167
0 0.148750 0.459167 0.081250 0.098333
0 0.194062 0.750417 0.071875 0.092500
0 0.187812 0.895000 0.074375 0.095000
0 0.525625 0.499583 0.080000 0.099167
0 0.628750 0.853333 0.080000 0.095000
0 0.861250 0.497083 0.076250 0.099167
0 0.444688 0.523750 0.071875 0.099167
0 0.197187 0.538333 0.071875 0.093333
0 0.354687 0.685417 0.071875 0.082500
0 0.212812 0.090417 0.073125 0.095833
0 0.444375 0.702917 0.070000 0.102500
0 0.350625 0.183333 0.075000 0.103333
0 0.772188 0.416667 0.073125 0.100000
0 0.805000 0.589167 0.070000 0.081667
0 0.572500 0.676250 0.077500 0.102500
0 0.398438 0.783750 0.069375 0.102500
0 0.745313 0.535417 0.080625 0.094167
0 0.693750 0.492083 0.070000 0.097500
0 0.234687 0.344167 0.070625 0.081667
0 0.629687 0.456667 0.069375 0.095000
1 0.459062 0.292083 0.083125 0.127500
0 0.718125 0.926250 0.071250 0.100833
0 0.721875 0.712083 0.073750 0.099167
0 0.739375 0.069583 0.071250 0.112500
3 0.121250 0.225000 0.097500 0.121667
0 0.561250 0.530000 0.072500 0.081667
0 0.340625 0.938750 0.077500 0.092500
0 0.038437 0.055000 0.069375 0.091667
2 0.862187 0.345000 0.068125 0.116667
0 0.774375 0.281250 0.083750 0.089167
0 0.881563 0.732083 0.068125 0.102500
0 0.933438 0.535000 0.071875 0.095000
0 0.435625 0.407917 0.070000 0.107500
0 0.658750 0.319583 0.076250 0.097500
0 0.105313 0.646250 0.076875 0.107500
0 0.112500 0.758333 0.061250 0.103333
0 0.072500 0.294167 0.066250 0.090000
0 0.283125 0.747083 0.083750 0.099167
0 0.287500 0.538333 0.077500 0.096667
0 0.681875 0.925000 0.071250 0.105000
0 0.938750 0.103333 0.065000 0.096667
0 0.566875 0.173333 0.066250 0.098333
0 0.270625 0.179167 0.068750 0.080000
0 0.944063 0.240417 0.070625 0.095833
0 0.127188 0.695833 0.068125 0.101667
0 0.244688 0.845833 0.061875 0.093333
0 0.697500 0.335833 0.072500 0.093333
0 0.285000 0.507083 0.073750 0.099167
0 0.884375 0.406667 0.078750 0.088333
0 0.962500 0.822500 0.071250 0.100000
0 0.474375 0.380000 0.071250 0.076667
0 0.937500 0.833750 0.062500 0.092500
0 0.426250 0.748750 0.072500 0.097500
