0 0.305625 0.499167 0.072500 0.093333
0 0.661563 0.945833 0.076875 0.106667
0 0.654375 0.289583 0.076250 0.097500
0 0.616563 0.405417 0.074375 0.100833
0 0.846875 0.352500 0.077500 0.090000
0 0.233750 0.492917 0.080000 0.090833
0 0.090625 0.179583 0.082500 0.090833
0 0.082500 0.572917 0.081250 0.104167
0 0.421563 0.119167 0.073125 0.101667
0 0.493750 0.908750 0.075000 0.097500
0 0.609688 0.209583 0.073125 0.102500
0 0.690000 0.178333 0.076250 0.100000
0 0.480625 0.387500 0.071250 0.096667
0 0.710000 0.527917 0.076250 0.094167
0 0.703750 0.262083 0.073750 0.090833
0 0.410000 0.690417 0.063750 0.089167
0 0.682813 0.399583 0.079375 0.099167
0 0.091250 0.422500 0.081250 0.105000
0 0.558438 0.082083 0.073125 0.110833
0 0.098750 0.329167 0.073750 0.095000
0 0.047500 0.895000 0.072500 0.096667
0 0.827812 0.927083 0.073125 0.084167
0 0.738437 0.740417 0.070625 0.089167
0 0.829688 0.061667 0.063125 0.111667
0 0.293750 0.716667 0.080000 0.100000
0 0.799063 0.587500 0.073125 0.108333
0 0.965313 0.602500 0.068125 0.115000
0 0.253125 0.877917 0.067500 0.094167
0 0.163125 0.570833 0.075000 0.121667
0 0.300938 0.172500 0.073125 0.095000
0 0.449062 0.208750 0.070625 0.090833
0 0.347813 0.886250 0.084375 0.105833
0 0.765312 0.091667 0.080625 0.096667
0 0.932187 0.110833 0.069375 0.086667
0 0.569063 0.743333 0.071875 0.093333
0 0.145000 0.065417 0.076250 0.100833
0 0.922500 0.777917 0.068750 0.099167
0 0.302812 0.264167 0.080625 0.083333
0 0.542500 0.210000 0.065000 0.093333
0 0.031250 0.206667 0.061250 0.093333
0 0.415000 0.876667 0.066250 0.101667
0 0.274375 0.895833 0.075000 0.095000
0 0.427500 0.448333 0.068750 0.085000
0 0.153750 0.184583 0.082500 0.099167
0 0.589063 0.313333 0.066875 0.100000
0 0.512188 0.713333 0.075625 0.111667
0 0.425000 0.564167 0.075000 0.106667
0 0.539687 0.807500 0.075625 0.103333
0 0.519687 0.294583 0.074375 0.097500
0 0.234687 0.439583 0.090625 0.112500
0 0.800312 0.222500 0.074375 0.090000
0 0.245000 0.725833 0.077500 0.108333
0 0.813125 0.506250 0.071250 0.107500
0 0.886563 0.799167 0.084375 0.100000
0 0.439375 0.307500 0.068750 0.088333
0 0.736563 0.888750 0.080625 0.107500
0 0.845938 0.797083 0.068125 0.095833
0 0.483438 0.108333 0.083125 0.091667
0 0.679688 0.634583 0.066875 0.112500
0 0.795625 0.862083 0.078750 0.094167
0 0.756875 0.648333 0.081250 0.100000
0 0.488125 0.047083 0.056250 0.070833
0 0.495000 0.682083 0.083750 0.105833
0 0.388750 0.206250 0.082500 0.089167
0 0.870938 0.246250 0.075625 0.100833
6 0.236563 0.255000 0.091875 0.138333
0 0.051562 0.047083 0.063125 0.075833
0 0.790000 0.791250 0.080000 0.089167
0 0.824688 0.393750 0.073125 0.102500
0 0.895938 0.258750 0.080625 0.105833
0 0.449062 0.792500 0.066875 0.103333
0 0.282500 0.066667 0.067500 0.086667
0 0.097812 0.906667 0.058125 0.093333
0 0.481563 0.167917 0.068125 0.099167
0 0.684688 0.045833 0.059375 0.091667
0 0.803438 0.167083 0.078125 0.090833
0 0.874687 0.067083 0.056875 0.084167
0 0.178437 0.597500 0.076875 0.095000
0 0.347813 0.102500 0.068125 0.091667
0 0.469687 0.804583 0.070625 0.110833
