0 0.381875 0.439583 0.077500 0.084167
0 0.603750 0.277500 0.072500 0.096667
0 0.283438 0.197500 0.075625 0.100000
0 0.650937 0.865000 0.083125 0.105000
0 0.722187 0.272500 0.083125 0.086667
0 0.311250 0.756250 0.073750 0.099167
0 0.897813 0.812917 0.075625 0.100833
0 0.599688 0.757500 0.085625 0.100000
0 0.266250 0.293750 0.072500 0.104167
0 0.188125 0.453333 0.078750 0.096667
0 0.627500 0.101667 0.082500 0.105000
0 0.100312 0.605417 0.080625 0.105833
0 0.236563 0.084583 0.069375 0.084167
0 0.762813 0.120000 0.075625 0.121667
0 0.101562 0.844167 0.080625 0.095000
0 0.150938 0.213333 0.071875 0.100000
0 0.162812 0.376667 0.066875 0.088333
0 0.714375 0.545833 0.068750 0.096667
0 0.717500 0.676250 0.076250 0.094167
0 0.595313 0.171667 0.079375 0.098333
0 0.167500 0.666667 0.081250 0.095000
0 0.382812 0.611667 0.070625 0.098333
0 0.881875 0.576667 0.086250 0.098333
0 0.693750 0.132083 0.068750 0.105833
0 0.384688 0.198333 0.071875 0.093333
0 0.958438 0.623333 0.081875 0.103333
0 0.202500 0.749583 0.083750 0.100833
0 0.053437 0.180417 0.071875 0.097500
0 0.325313 0.151250 0.078125 0.109167
0 0.439375 0.820833 0.068750 0.096667
0 0.112187 0.135000 0.073125 0.095000
0 0.927188 0.174167 0.073125 0.093333
0 0.755000 0.853333 0.077500 0.100000
0 0.055625 0.813750 0.077500 0.092500
0 0.828438 0.809167 0.066875 0.088333
0 0.075313 0.482917 0.078125 0.094167
0 0.885625 0.081250 0.082500 0.097500
0 0.493437 0.140833 0.079375 0.108333
0 0.213125 0.239583 0.067500 0.094167
0 0.402187 0.108333 0.084375 0.090000
0 0.329062 0.252083 0.071875 0.115833
0 0.484687 0.916250 0.074375 0.104167
0 0.407500 0.859167 0.071250 0.090000
0 0.665312 0.693333 0.088125 0.095000
0 0.624687 0.465833 0.079375 0.115000
0 0.569688 0.517500 0.066875 0.100000
0 0.127188 0.041667 0.070625 0.081667
0 0.308750 0.052083 0.081250 0.092500
0 0.530937 0.084167 0.064375 0.093333
0 0.278438 0.410833 0.075625 0.096667
0 0.842187 0.702500 0.073125 0.091667
0 0.063750 0.320417 0.075000 0.092500
0 0.053125 0.620000 0.068750 0.100000
0 0.429688 0.324167 0.070625 0.088333
0 0.243438 0.828333 0.075625 0.108333
0 0.259375 0.505417 0.071250 0.090833
0 0.643125 0.594583 0.086250 0.100833
0 0.812813 0.290417 0.059375 0.112500
0 0.678438 0.391250 0.073125 0.085833
0 0.820937 0.506250 0.081875 0.104167
0 0.390625 0.312500 0.077500 0.106667
0 0.068125 0.282500 0.070000 0.095000
0 0.312188 0.900000 0.079375 0.103333
0 0.833125 0.466667 0.071250 0.096667
0 0.182500 0.146667 0.063750 0.115000
0 0.383125 0.855833 0.065000 0.096667
0 0.341250 0.922500 0.062500 0.095000
2 0.851875 0.405417 0.078750 0.150833
0 0.857187 0.280417 0.059375 0.120833
0 0.441250 0.260833 0.075000 0.063333
0 0.358750 0.605000 0.067500 0.095000
0 0.303438 0.555000 0.056875 0.088333
0 0.110312 0.096250 0.068125 0.095833
