0 0.473750 0.655417 0.066250 0.082500
0 0.488750 0.343333 0.067500 0.100000
0 0.300312 0.699167 0.064375 0.083333
0 0.633437 0.142083 0.066875 0.080833
0 0.676875 0.781250 0.073750 0.099167
0 0.923438 0.691667 0.070625 0.083333
0 0.320937 0.589167 0.061875 0.080000
0 0.919375 0.293333 0.072500 0.081667
0 0.090625 0.285833 0.063750 0.078333
0 0.196563 0.135833 0.075625 0.100000
0 0.241250 0.726250 0.060000 0.087500
0 0.710938 0.298750 0.056875 0.085833
3 0.781563 0.229583 0.083125 0.110833
0 0.410000 0.729583 0.067500 0.095833
0 0.176875 0.312083 0.075000 0.092500
0 0.398750 0.470417 0.057500 0.079167
0 0.874375 0.529583 0.062500 0.080833
0 0.895312 0.874583 0.065625 0.087500
0 0.434375 0.904167 0.066250 0.096667
0 0.530937 0.175417 0.069375 0.082500
0 0.796875 0.781250 0.058750 0.075833
0 0.135000 0.533750 0.082500 0.080833
0 0.677813 0.902083 0.086875 0.084167
0 0.377812 0.111250 0.054375 0.075833
0 0.190312 0.482083 0.070625 0.092500
0 0.879375 0.754167 0.068750 0.081667
0 0.077500 0.389167 0.068750 0.091667
0 0.844063 0.182083 0.063125 0.094167
0 0.962500 0.555417 0.066250 0.089167
0 0.346875 0.350417 0.063750 0.084167
0 0.085000 0.741667 0.070000 0.090000
4 0.271250 0.099167 0.081250 0.081667
0 0.077188 0.646667 0.065625 0.098333
0 0.432188 0.091250 0.068125 0.104167
0 0.895000 0.155417 0.073750 0.080833
0 0.159375 0.064167 0.055000 0.083333
0 0.764375 0.701250 0.055000 0.087500
0 0.040625 0.588750 0.068750 0.090833
1 0.152812 0.431667 0.085625 0.106667
0 0.045625 0.247083 0.076250 0.082500
0 0.756250 0.404167 0.073750 0.086667
0 0.283750 0.140417 0.067500 0.089167
0 0.470313 0.527500 0.088125 0.076667
0 0.040313 0.952500 0.066875 0.091667
0 0.728125 0.370833 0.065000 0.070000
