0 0.638125 0.595417 0.085000 0.107500
0 0.679063 0.140000 0.081875 0.096667
0 0.946875 0.417500 0.073750 0.118333
0 0.632812 0.085833 0.083125 0.105000
0 0.160312 0.470417 0.081875 0.102500
0 0.285938 0.682083 0.074375 0.097500
0 0.137500 0.607917 0.066250 0.097500
0 0.613125 0.315000 0.077500 0.101667
0 0.282813 0.362500 0.068125 0.101667
0 0.890625 0.243333 0.075000 0.113333
0 0.869375 0.582083 0.067500 0.094167
0 0.861563 0.852917 0.079375 0.102500
0 0.711250 0.377500 0.080000 0.103333
0 0.549063 0.197917 0.069375 0.105833
0 0.390000 0.871667 0.073750 0.091667
0 0.864688 0.440417 0.070625 0.100833
0 0.072813 0.300000 0.065625 0.093333
0 0.940312 0.606250 0.084375 0.084167
0 0.740000 0.785833 0.070000 0.096667
0 0.564063 0.143750 0.071875 0.092500
0 0.473750 0.830000 0.076250 0.111667
0 0.230937 0.313750 0.070625 0.120833
0 0.496875 0.535417 0.072500 0.120833
0 0.506563 0.430000 0.060625 0.098333
0 0.097500 0.058333 0.081250 0.116667
0 0.353750 0.745000 0.070000 0.113333
0 0.927500 0.533333 0.067500 0.093333
0 0.464062 0.300000 0.086875 0.098333
0 0.753125 0.952917 0.067500 0.089167
0 0.566562 0.580000 0.071875 0.108333
0 0.194375 0.223750 0.082500 0.110833
0 0.357500 0.600833 0.067500 0.116667
0 0.335938 0.933750 0.060625 0.090833
0 0.456562 0.669167 0.086875 0.111667
0 0.815625 0.865417 0.068750 0.092500
0 0.072188 0.473750 0.076875 0.105833
0 0.415312 0.777083 0.060625 0.107500
0 0.767500 0.537500 0.072500 0.110000
0 0.504375 0.223750 0.070000 0.102500
0 0.052500 0.424583 0.092500 0.099167
0 0.097500 0.691250 0.067500 0.147500
0 0.819688 0.487500 0.089375 0.088333
0 0.835938 0.056667 0.065625 0.113333
0 0.739688 0.228750 0.070625 0.105833
0 0.688125 0.235417 0.076250 0.105833
0 0.660312 0.260000 0.066875 0.103333
2 0.123438 0.260833 0.070625 0.171667
0 0.796250 0.725417 0.063750 0.149167
