0 0.508437 0.379167 0.066875 0.085000
0 0.279062 0.295000 0.060625 0.083333
0 0.912813 0.055000 0.061875 0.073333
0 0.626563 0.306250 0.071875 0.079167
0 0.112187 0.254583 0.068125 0.075833
0 0.957812 0.547917 0.060625 0.077500
0 0.482812 0.774167 0.070625 0.090000
0 0.041875 0.363750 0.071250 0.099167
0 0.254688 0.711250 0.075625 0.100833
0 0.688750 0.522917 0.060000 0.075833
0 0.493750 0.282500 0.061250 0.083333
0 0.221562 0.285417 0.059375 0.080833
0 0.811562 0.697500 0.064375 0.098333
0 0.209375 0.747917 0.070000 0.087500
1 0.626563 0.085417 0.083125 0.094167
0 0.271250 0.817500 0.063750 0.073333
0 0.538750 0.610000 0.062500 0.086667
0 0.048438 0.114583 0.070625 0.092500
0 0.247500 0.917500 0.066250 0.095000
0 0.458750 0.522500 0.067500 0.090000
0 0.420000 0.815417 0.068750 0.077500
0 0.640625 0.236667 0.055000 0.075000
0 0.472813 0.630000 0.065625 0.076667
0 0.269375 0.118750 0.065000 0.087500
0 0.489063 0.055833 0.059375 0.080000
0 0.386562 0.275833 0.056875 0.080000
0 0.375625 0.547500 0.073750 0.088333
1 0.305625 0.389583 0.076250 0.109167
0 0.340938 0.651667 0.063125 0.073333
0 0.801875 0.439167 0.072500 0.095000
0 0.375312 0.170417 0.056875 0.084167
0 0.694375 0.352083 0.067500 0.087500
0 0.055313 0.482917 0.055625 0.070833
0 0.244688 0.208333 0.055625 0.073333
0 0.127812 0.910833 0.056875 0.070000
0 0.770625 0.377500 0.058750 0.078333
0 0.698750 0.154583 0.061250 0.077500
0 0.808125 0.061250 0.063750 0.075833
0 0.096875 0.477917 0.053750 0.072500
0 0.714688 0.271667 0.068125 0.073333
0 0.886875 0.261667 0.063750 0.076667
0 0.082187 0.191667 0.058125 0.068333
6 0.116250 0.800000 0.098750 0.095000
0 0.763437 0.895417 0.071875 0.084167
0 0.325313 0.624167 0.059375 0.081667
0 0.384688 0.086667 0.065625 0.078333
0 0.337187 0.469583 0.068125 0.070833
0 0.639687 0.943333 0.059375 0.086667
0 0.511250 0.704583 0.061250 0.075833
0 0.696875 0.237500 0.060000 0.085000
0 0.533750 0.135000 0.053750 0.071667
0 0.112500 0.150000 0.061250 0.081667
0 0.565312 0.942500 0.054375 0.078333
0 0.859688 0.938750 0.056875 0.060833
0 0.149688 0.135000 0.058125 0.075000
0 0.516250 0.924167 0.055000 0.073333
0 0.698438 0.071667 0.054375 0.080000
0 0.745625 0.034583 0.060000 0.067500
0 0.936875 0.957083 0.048750 0.082500
0 0.905937 0.951667 0.053125 0.078333
0 0.139063 0.838750 0.051875 0.072500
0 0.161250 0.512500 0.048750 0.068333
0 0.450937 0.141250 0.046875 0.060833
0 0.542188 0.086667 0.049375 0.066667
0 0.198750 0.503750 0.048750 0.057500
