0 0.142500 0.764167 0.055000 0.081667
0 0.596875 0.110417 0.076250 0.100833
0 0.279687 0.727083 0.060625 0.082500
0 0.380937 0.232500 0.059375 0.093333
0 0.828125 0.409583 0.082500 0.100833
0 0.579375 0.811250 0.066250 0.092500
1 0.808750 0.887917 0.080000 0.102500
0 0.720938 0.213333 0.073125 0.095000
0 0.525625 0.755000 0.067500 0.095000
0 0.411562 0.436250 0.083125 0.087500
0 0.504687 0.420833 0.069375 0.081667
0 0.875313 0.711250 0.074375 0.099167
0 0.094687 0.108750 0.073125 0.079167
0 0.457813 0.910000 0.074375 0.105000
0 0.959688 0.810000 0.065625 0.088333
0 0.149375 0.604167 0.071250 0.098333
0 0.891250 0.477500 0.116250 0.065000
0 0.108438 0.252917 0.081875 0.097500
0 0.295312 0.577083 0.079375 0.087500
0 0.069687 0.037083 0.066875 0.072500
0 0.243750 0.112500 0.071250 0.091667
1 0.213125 0.805000 0.081250 0.105000
0 0.107500 0.631250 0.070000 0.100833
0 0.822187 0.117917 0.076875 0.089167
0 0.903125 0.200833 0.075000 0.098333
0 0.680000 0.539583 0.070000 0.070833
0 0.637813 0.465000 0.069375 0.091667
0 0.593125 0.423333 0.065000 0.080000
0 0.681875 0.122917 0.067500 0.085833
0 0.205000 0.063333 0.063750 0.086667
0 0.078437 0.196667 0.085625 0.083333
0 0.689375 0.312083 0.078750 0.084167
0 0.405000 0.110417 0.076250 0.084167
0 0.959063 0.563333 0.080625 0.113333
0 0.336562 0.800000 0.064375 0.091667
1 0.137813 0.351250 0.075625 0.099167
0 0.443437 0.245000 0.070625 0.098333
0 0.312812 0.192083 0.071875 0.070833
0 0.580313 0.526250 0.071875 0.079167
0 0.964063 0.277083 0.068125 0.087500
0 0.745000 0.770000 0.070000 0.078333
0 0.173437 0.381250 0.080625 0.092500
0 0.565312 0.590833 0.063125 0.085000
0 0.622188 0.377917 0.073125 0.085833
0 0.145937 0.455000 0.066875 0.090000
0 0.106875 0.467083 0.067500 0.087500
0 0.431250 0.488750 0.088750 0.064167
0 0.858125 0.581250 0.093750 0.075833
0 0.369375 0.417083 0.068750 0.090833
0 0.719063 0.344583 0.069375 0.082500
0 0.350938 0.865417 0.066875 0.094167
0 0.422500 0.288333 0.058750 0.085000
0 0.555000 0.942083 0.073750 0.069167
