0 0.765625 0.842083 0.072500 0.092500
0 0.548125 0.552500 0.067500 0.101667
0 0.250937 0.434167 0.070625 0.088333
0 0.325000 0.837917 0.083750 0.075833
0 0.307812 0.538750 0.055625 0.094167
0 0.252812 0.345417 0.076875 0.074167
0 0.177813 0.726667 0.078125 0.085000
0 0.884687 0.449583 0.074375 0.109167
0 0.775625 0.688333 0.078750 0.105000
0 0.533750 0.178333 0.092500 0.070000
0 0.096250 0.390000 0.076250 0.106667
0 0.273438 0.640000 0.075625 0.080000
0 0.721250 0.918333 0.077500 0.075000
0 0.765312 0.435000 0.070625 0.103333
0 0.901250 0.540000 0.071250 0.108333
0 0.520625 0.237917 0.092500 0.055833
0 0.192812 0.845833 0.094375 0.061667
0 0.918750 0.651667 0.071250 0.110000
0 0.626250 0.385417 0.080000 0.092500
0 0.241875 0.509167 0.086250 0.071667
0 0.578438 0.318750 0.080625 0.075833
0 0.704375 0.653750 0.072500 0.109167
0 0.806250 0.324167 0.072500 0.096667
0 0.238437 0.586667 0.085625 0.073333
0 0.688125 0.503750 0.070000 0.120833
0 0.793750 0.577083 0.058750 0.119167
0 0.380000 0.657083 0.068750 0.107500
4 0.618125 0.470417 0.078750 0.112500
0 0.855625 0.737500 0.046250 0.148333
