0 0.343438 0.682500 0.068125 0.085000
0 0.428438 0.716250 0.060625 0.097500
0 0.262500 0.868333 0.067500 0.083333
0 0.732187 0.319167 0.061875 0.085000
0 0.880625 0.889583 0.081250 0.102500
0 0.399687 0.616250 0.073125 0.087500
0 0.409062 0.520833 0.076875 0.101667
0 0.302187 0.166250 0.059375 0.090833
0 0.233437 0.361250 0.075625 0.089167
0 0.785000 0.850000 0.075000 0.095000
0 0.221562 0.543333 0.070625 0.088333
0 0.047188 0.321250 0.070625 0.087500
0 0.294063 0.066667 0.068125 0.076667
0 0.488750 0.665417 0.075000 0.097500
0 0.030625 0.896667 0.061250 0.083333
0 0.798125 0.328750 0.075000 0.095833
0 0.651875 0.890000 0.077500 0.100000
0 0.196875 0.245417 0.068750 0.094167
0 0.839688 0.050417 0.068125 0.092500
0 0.094375 0.790833 0.063750 0.093333
0 0.398750 0.093750 0.082500 0.104167
0 0.162500 0.322500 0.067500 0.085000
0 0.783750 0.246250 0.063750 0.085833
0 0.670937 0.156250 0.073125 0.095833
0 0.956875 0.410417 0.065000 0.084167
0 0.153438 0.200417 0.075625 0.087500
0 0.863125 0.327500 0.057500 0.071667
0 0.383437 0.214167 0.073125 0.085000
0 0.931250 0.343750 0.063750 0.080833
0 0.206250 0.678333 0.077500 0.105000
0 0.862500 0.070833 0.076250 0.088333
0 0.442188 0.457500 0.069375 0.095000
0 0.591562 0.802500 0.078125 0.083333
0 0.968437 0.539167 0.061875 0.086667
0 0.512813 0.412917 0.076875 0.092500
0 0.566875 0.660833 0.077500 0.095000
0 0.723125 0.866250 0.068750 0.095833
0 0.243750 0.108750 0.075000 0.094167
0 0.673125 0.800000 0.073750 0.093333
0 0.424063 0.152917 0.059375 0.084167
0 0.618125 0.728750 0.078750 0.095833
0 0.848437 0.198750 0.071875 0.097500
0 0.453125 0.887917 0.063750 0.079167
0 0.813438 0.747917 0.059375 0.065833
0 0.585625 0.415000 0.063750 0.090000
0 0.163125 0.655833 0.068750 0.100000
0 0.469375 0.961667 0.055000 0.076667
0 0.682813 0.378333 0.073125 0.085000
0 0.652500 0.476667 0.072500 0.091667
0 0.621563 0.270417 0.066875 0.097500
0 0.081875 0.620417 0.056250 0.077500
0 0.929688 0.179583 0.064375 0.082500
0 0.590000 0.351250 0.075000 0.100833
0 0.901563 0.094583 0.071875 0.099167
1 0.904687 0.677500 0.079375 0.101667
0 0.946875 0.780000 0.070000 0.105000
0 0.870000 0.213750 0.076250 0.105833
0 0.495000 0.734167 0.073750 0.081667
0 0.576875 0.104167 0.080000 0.108333
1 0.162812 0.105833 0.076875 0.125000
0 0.083750 0.652917 0.085000 0.082500
0 0.706562 0.789167 0.073125 0.095000
1 0.499063 0.879167 0.089375 0.088333
0 0.426250 0.333333 0.056250 0.070000
0 0.128750 0.666667 0.053750 0.090000
0 0.964688 0.722083 0.068125 0.092500
0 0.640938 0.435417 0.063125 0.089167
0 0.883750 0.759167 0.065000 0.075000
0 0.959688 0.056667 0.069375 0.083333
0 0.974375 0.114583 0.051250 0.077500
0 0.530312 0.809583 0.069375 0.107500
