0 0.168125 0.860417 0.073750 0.095833
0 0.586875 0.699167 0.067500 0.105000
0 0.500313 0.572083 0.065625 0.084167
0 0.861563 0.337917 0.063125 0.099167
0 0.845938 0.707500 0.066875 0.096667
0 0.726875 0.377917 0.086250 0.102500
0 0.665000 0.922500 0.071250 0.108333
0 0.236875 0.322500 0.072500 0.111667
0 0.917813 0.565417 0.076875 0.107500
0 0.667500 0.223750 0.077500 0.102500
0 0.794063 0.742917 0.066875 0.095833
0 0.723750 0.527917 0.065000 0.087500
0 0.045625 0.357500 0.076250 0.101667
0 0.760000 0.834167 0.071250 0.090000
0 0.287187 0.356250 0.066875 0.102500
0 0.500938 0.883333 0.091875 0.091667
0 0.542500 0.642917 0.073750 0.092500
0 0.678125 0.100000 0.086250 0.081667
6 0.342500 0.156250 0.076250 0.125833
0 0.909062 0.340833 0.070625 0.121667
0 0.275625 0.947500 0.082500 0.083333
0 0.426250 0.742500 0.075000 0.086667
0 0.482500 0.657083 0.080000 0.085833
1 0.401875 0.131667 0.075000 0.115000
0 0.461875 0.158750 0.073750 0.100833
0 0.513125 0.733750 0.086250 0.089167
0 0.468438 0.773333 0.074375 0.070000
0 0.478750 0.818750 0.087500 0.077500
