0 0.561875 0.304583 0.062500 0.085833
0 0.640312 0.790833 0.060625 0.088333
0 0.211875 0.407083 0.080000 0.090833
0 0.941250 0.601667 0.085000 0.088333
0 0.059687 0.655833 0.059375 0.083333
0 0.792813 0.530000 0.061875 0.100000
0 0.305312 0.670833 0.070625 0.105000
1 0.158125 0.827917 0.077500 0.109167
0 0.923125 0.432083 0.068750 0.094167
0 0.331250 0.273750 0.061250 0.079167
0 0.695000 0.851667 0.082500 0.083333
0 0.618125 0.408750 0.082500 0.099167
0 0.730938 0.412083 0.075625 0.097500
0 0.451875 0.486667 0.078750 0.085000
0 0.130000 0.492500 0.071250 0.093333
0 0.464687 0.245833 0.075625 0.085000
0 0.700937 0.946667 0.066875 0.095000
0 0.845938 0.478750 0.071875 0.089167
0 0.426563 0.703333 0.075625 0.098333
0 0.510312 0.157500 0.056875 0.083333
0 0.442188 0.613750 0.070625 0.095833
0 0.475000 0.174167 0.073750 0.085000
0 0.620938 0.403333 0.061875 0.098333
1 0.191250 0.582917 0.091250 0.097500
0 0.223750 0.126250 0.078750 0.080833
0 0.623125 0.920417 0.068750 0.079167
0 0.196563 0.488333 0.064375 0.090000
0 0.242500 0.517917 0.083750 0.067500
3 0.541250 0.051250 0.087500 0.092500
