0 0.375937 0.187500 0.070625 0.095000
0 0.121875 0.671250 0.073750 0.105833
0 0.415938 0.295417 0.066875 0.097500
0 0.085000 0.243333 0.068750 0.093333
0 0.533438 0.385000 0.075625 0.093333
0 0.947187 0.226667 0.063125 0.096667
0 0.324688 0.490000 0.060625 0.105000
0 0.635625 0.318333 0.082500 0.103333
0 0.791875 0.884167 0.071250 0.105000
0 0.185312 0.511250 0.064375 0.105833
0 0.630938 0.569583 0.073125 0.095833
0 0.744687 0.606667 0.074375 0.091667
0 0.867188 0.681250 0.083125 0.092500
0 0.855000 0.328750 0.058750 0.100833
0 0.487812 0.520833 0.066875 0.100000
0 0.048750 0.647917 0.068750 0.115833
0 0.156875 0.896250 0.061250 0.107500
0 0.198750 0.661667 0.071250 0.110000
0 0.500938 0.607917 0.063125 0.097500
0 0.760938 0.444167 0.068125 0.088333
0 0.388437 0.430417 0.069375 0.104167
0 0.907813 0.322917 0.063125 0.100833
0 0.807500 0.260417 0.068750 0.080833
0 0.680000 0.580000 0.067500 0.090000
0 0.515312 0.835000 0.064375 0.083333
0 0.803750 0.500417 0.065000 0.102500
0 0.891250 0.165833 0.073750 0.101667
0 0.294375 0.928333 0.062500 0.113333
0 0.684063 0.147083 0.076875 0.082500
0 0.449375 0.817083 0.068750 0.112500
0 0.862500 0.537917 0.070000 0.097500
0 0.231250 0.445000 0.080000 0.096667
0 0.614062 0.821667 0.071875 0.076667
0 0.568750 0.761667 0.078750 0.103333
0 0.853437 0.608333 0.084375 0.071667
0 0.470313 0.082500 0.063125 0.086667
0 0.333750 0.600000 0.072500 0.100000
0 0.295312 0.397083 0.055625 0.100833
0 0.503125 0.774583 0.071250 0.077500
0 0.359063 0.099167 0.080625 0.090000
0 0.086875 0.126667 0.060000 0.101667
0 0.446250 0.686250 0.071250 0.104167
0 0.640000 0.655000 0.070000 0.075000
0 0.663750 0.453333 0.068750 0.098333
0 0.687500 0.798333 0.056250 0.085000
0 0.767188 0.711250 0.065625 0.090833
0 0.578438 0.606250 0.060625 0.114167
0 0.645000 0.510417 0.081250 0.075833
0 0.721250 0.694583 0.055000 0.084167
0 0.740625 0.481250 0.083750 0.079167
0 0.026562 0.741667 0.051875 0.115000
0 0.728750 0.128333 0.086250 0.063333
0 0.648750 0.248333 0.065000 0.103333
0 0.571562 0.692083 0.068125 0.097500
0 0.150625 0.608333 0.063750 0.118333
0 0.763125 0.199583 0.091250 0.087500
0 0.761563 0.932917 0.065625 0.115833
0 0.768437 0.796250 0.065625 0.080833
0 0.533750 0.310000 0.073750 0.098333
0 0.660312 0.713750 0.093125 0.099167
0 0.120938 0.948333 0.063125 0.098333
0 0.582187 0.085417 0.091875 0.085833
0 0.432500 0.475000 0.091250 0.086667
0 0.741563 0.267500 0.069375 0.091667
0 0.625000 0.901667 0.083750 0.118333
0 0.510312 0.679583 0.056875 0.097500
0 0.262500 0.079583 0.092500 0.090833
0 0.713125 0.232083 0.071250 0.102500
0 0.774375 0.547500 0.080000 0.090000
0 0.673750 0.893750 0.067500 0.139167
0 0.715625 0.073333 0.077500 0.075000
0 0.236563 0.379167 0.075625 0.098333
0 0.050937 0.555417 0.073125 0.115833
0 0.081875 0.553750 0.057500 0.107500
0 0.735625 0.804583 0.060000 0.109167
0 0.702812 0.894167 0.051875 0.108333
0 0.374375 0.564583 0.048750 0.130833
