0 0.294375 0.460000 0.070000 0.091667
0 0.242812 0.750833 0.076875 0.121667
0 0.300625 0.858750 0.072500 0.102500
0 0.193438 0.295000 0.076875 0.098333
0 0.219375 0.887500 0.072500 0.105000
0 0.386875 0.347500 0.071250 0.090000
0 0.358125 0.861667 0.063750 0.091667
0 0.420625 0.429583 0.062500 0.094167
0 0.930312 0.808333 0.071875 0.088333
0 0.735938 0.875417 0.069375 0.084167
0 0.074375 0.540000 0.072500 0.110000
0 0.044375 0.939167 0.076250 0.083333
0 0.444375 0.898750 0.086250 0.095833
0 0.166875 0.826667 0.070000 0.088333
0 0.887500 0.926667 0.068750 0.096667
0 0.360938 0.567500 0.071875 0.096667
0 0.841562 0.772917 0.066875 0.087500
0 0.957187 0.891250 0.078125 0.105833
0 0.562813 0.775833 0.068125 0.095000
0 0.475938 0.816250 0.063125 0.090833
0 0.641563 0.087917 0.074375 0.095833
0 0.579688 0.925000 0.071875 0.091667
0 0.590625 0.430833 0.066250 0.086667
0 0.102500 0.685000 0.065000 0.106667
0 0.148438 0.712917 0.066875 0.095833
0 0.334375 0.397500 0.062500 0.103333
0 0.149375 0.902917 0.081250 0.089167
0 0.473750 0.685000 0.065000 0.103333
0 0.092813 0.841667 0.078125 0.103333
0 0.478750 0.332917 0.082500 0.100833
0 0.094375 0.958333 0.075000 0.081667
0 0.053437 0.815000 0.078125 0.080000
0 0.764062 0.955417 0.076875 0.087500
0 0.142500 0.543750 0.078750 0.095833
0 0.057500 0.734583 0.070000 0.122500
0 0.258125 0.232917 0.077500 0.087500
0 0.195000 0.106667 0.067500 0.078333
0 0.098437 0.301667 0.060625 0.105000
0 0.351875 0.267500 0.073750 0.098333
0 0.290000 0.284583 0.077500 0.100833
0 0.547813 0.670417 0.076875 0.100833
0 0.713125 0.420000 0.071250 0.083333
0 0.781563 0.679167 0.065625 0.120000
0 0.724375 0.808750 0.070000 0.089167
0 0.071250 0.080417 0.077500 0.102500
0 0.695625 0.680417 0.083750 0.084167
0 0.150625 0.419167 0.090000 0.090000
0 0.180000 0.212500 0.066250 0.076667
0 0.291563 0.582917 0.066875 0.110833
0 0.351562 0.671667 0.075625 0.100000
0 0.396875 0.572500 0.067500 0.118333
0 0.420312 0.260000 0.080625 0.090000
0 0.898125 0.459167 0.077500 0.108333
0 0.499375 0.569167 0.077500 0.105000
1 0.651875 0.840833 0.092500 0.105000
0 0.223750 0.492083 0.056250 0.134167
0 0.204687 0.615417 0.058125 0.094167
0 0.238750 0.633333 0.067500 0.116667
0 0.267813 0.648333 0.058125 0.108333
0 0.311875 0.685000 0.076250 0.126667
0 0.074375 0.702083 0.076250 0.089167
0 0.430000 0.771250 0.048750 0.092500
0 0.425312 0.858750 0.068125 0.065833
0 0.506563 0.487917 0.109375 0.067500
0 0.577500 0.457083 0.073750 0.090833
0 0.580937 0.562083 0.090625 0.090833
0 0.536875 0.708333 0.070000 0.101667
0 0.612500 0.764167 0.061250 0.096667
0 0.645000 0.768750 0.073750 0.080833
0 0.699375 0.768750 0.077500 0.080833
0 0.643125 0.617917 0.080000 0.107500
0 0.704063 0.480417 0.089375 0.085833
0 0.945000 0.643333 0.077500 0.103333
0 0.643750 0.124583 0.076250 0.090833
0 0.679688 0.309167 0.068125 0.105000
0 0.654375 0.326250 0.082500 0.092500
0 0.951875 0.718750 0.076250 0.094167
0 0.565625 0.590833 0.080000 0.105000
0 0.115000 0.054167 0.075000 0.095000
0 0.125938 0.140000 0.068125 0.101667
0 0.209687 0.173750 0.073125 0.092500
0 0.186562 0.071250 0.070625 0.080833
0 0.285938 0.377917 0.070625 0.094167
1 0.333437 0.097917 0.119375 0.097500
3 0.539375 0.117917 0.066250 0.124167
