0 0.870938 0.199167 0.051875 0.076667
0 0.103125 0.703750 0.062500 0.084167
0 0.758125 0.348750 0.065000 0.079167
0 0.129375 0.869583 0.068750 0.079167
0 0.141563 0.478750 0.065625 0.082500
0 0.286562 0.932083 0.063125 0.085833
0 0.920312 0.796250 0.056875 0.077500
0 0.081250 0.061667 0.058750 0.080000
0 0.471250 0.892917 0.068750 0.082500
0 0.380625 0.760833 0.067500 0.091667
0 0.647813 0.247083 0.060625 0.087500
0 0.155938 0.944167 0.063125 0.080000
0 0.889062 0.050417 0.064375 0.074167
0 0.350938 0.920417 0.056875 0.070833
0 0.045312 0.751667 0.063125 0.081667
0 0.230000 0.321667 0.072500 0.101667
0 0.035000 0.104583 0.066250 0.092500
0 0.258750 0.853333 0.063750 0.090000
0 0.684375 0.389583 0.075000 0.097500
0 0.861563 0.905417 0.068125 0.099167
0 0.409062 0.929583 0.066875 0.084167
0 0.369688 0.852083 0.058125 0.085833
0 0.412813 0.535833 0.066875 0.073333
0 0.150000 0.798333 0.060000 0.066667
0 0.318125 0.117917 0.073750 0.090833
0 0.769062 0.924167 0.056875 0.083333
0 0.277500 0.670417 0.051250 0.072500
0 0.234375 0.782917 0.061250 0.087500
0 0.566250 0.365417 0.060000 0.082500
0 0.702500 0.716250 0.062500 0.079167
0 0.183750 0.734583 0.073750 0.092500
0 0.507188 0.690417 0.070625 0.092500
0 0.957812 0.205000 0.070625 0.100000
0 0.396250 0.675833 0.063750 0.085000
1 0.117813 0.153333 0.088125 0.088333
0 0.154375 0.377917 0.071250 0.060833
0 0.138437 0.552917 0.060625 0.077500
0 0.542813 0.764167 0.064375 0.086667
0 0.919375 0.880000 0.060000 0.083333
0 0.825937 0.428333 0.076875 0.088333
0 0.938125 0.308750 0.067500 0.099167
0 0.228750 0.220417 0.063750 0.082500
1 0.300312 0.553333 0.076875 0.133333
0 0.165313 0.616250 0.070625 0.069167
0 0.571562 0.895000 0.073125 0.090000
1 0.807500 0.574167 0.096250 0.081667
0 0.163750 0.204167 0.055000 0.083333
0 0.275313 0.167500 0.053125 0.081667
0 0.434688 0.102500 0.079375 0.111667
0 0.726562 0.823333 0.065625 0.106667
0 0.753437 0.713750 0.068125 0.084167
1 0.214062 0.162917 0.090625 0.090833
0 0.512813 0.111667 0.060625 0.076667
0 0.508437 0.198750 0.068125 0.097500
0 0.901563 0.324583 0.063125 0.089167
0 0.448437 0.592083 0.063125 0.092500
0 0.738437 0.893750 0.068125 0.090833
0 0.657500 0.851250 0.077500 0.090833
0 0.651250 0.778750 0.077500 0.085833
0 0.542188 0.873750 0.073125 0.085833
0 0.586250 0.809583 0.060000 0.089167
0 0.457188 0.647917 0.064375 0.090833
0 0.190312 0.667500 0.061875 0.066667
0 0.319375 0.780833 0.061250 0.075000
0 0.298438 0.756667 0.066875 0.090000
0 0.321562 0.720000 0.060625 0.085000
0 0.354687 0.592917 0.065625 0.087500
0 0.342813 0.635417 0.068125 0.094167
