0 0.784687 0.351250 0.070625 0.097500
0 0.139063 0.519583 0.078125 0.089167
0 0.624062 0.863333 0.078125 0.100000
0 0.200313 0.217917 0.075625 0.097500
0 0.489063 0.555417 0.068125 0.092500
0 0.203750 0.331667 0.067500 0.091667
0 0.126250 0.716667 0.077500 0.093333
0 0.403125 0.627500 0.075000 0.098333
0 0.168437 0.607917 0.063125 0.105833
0 0.530000 0.142500 0.066250 0.088333
0 0.205313 0.820000 0.061875 0.105000
0 0.642500 0.460833 0.063750 0.091667
0 0.238125 0.707917 0.068750 0.092500
0 0.786563 0.684167 0.064375 0.101667
0 0.335313 0.495000 0.079375 0.096667
0 0.682813 0.537917 0.083125 0.097500
0 0.701250 0.432083 0.061250 0.105833
0 0.074375 0.554167 0.058750 0.108333
0 0.489375 0.651667 0.075000 0.103333
0 0.076250 0.816250 0.081250 0.092500
0 0.862187 0.273333 0.095625 0.085000
0 0.667813 0.705000 0.080625 0.110000
0 0.782500 0.487500 0.087500 0.110000
0 0.917813 0.362083 0.066875 0.107500
0 0.143750 0.321667 0.075000 0.096667
0 0.595000 0.078333 0.078750 0.095000
0 0.822500 0.801667 0.082500 0.110000
0 0.274062 0.277500 0.076875 0.105000
