0 0.750625 0.882083 0.067500 0.075833
0 0.287500 0.852917 0.058750 0.084167
0 0.699375 0.752500 0.070000 0.081667
0 0.510625 0.372500 0.080000 0.096667
0 0.230313 0.713750 0.058125 0.084167
0 0.359375 0.351667 0.070000 0.085000
0 0.947500 0.606250 0.067500 0.079167
0 0.439063 0.709167 0.051875 0.090000
0 0.308750 0.737917 0.070000 0.092500
0 0.799375 0.468750 0.075000 0.095833
0 0.445937 0.352917 0.045625 0.080833
0 0.273125 0.476667 0.075000 0.093333
0 0.525937 0.471667 0.071875 0.090000
0 0.089375 0.832500 0.080000 0.101667
0 0.803750 0.193750 0.075000 0.092500
0 0.157188 0.928750 0.063125 0.089167
0 0.357500 0.664167 0.071250 0.095000
0 0.072500 0.750833 0.063750 0.081667
0 0.927500 0.484583 0.067500 0.080833
0 0.761875 0.272500 0.056250 0.075000
0 0.762813 0.814583 0.065625 0.092500
0 0.821250 0.341667 0.065000 0.076667
0 0.426563 0.804583 0.069375 0.087500
0 0.714688 0.441250 0.080625 0.110833
0 0.828750 0.833333 0.058750 0.086667
0 0.227187 0.795833 0.050625 0.083333
1 0.250000 0.275833 0.087500 0.116667
0 0.127812 0.818333 0.059375 0.096667
0 0.489063 0.743750 0.070625 0.099167
0 0.629687 0.293750 0.083125 0.099167
0 0.176875 0.846250 0.047500 0.075833
0 0.260313 0.591667 0.064375 0.085000
0 0.827500 0.402500 0.063750 0.081667
0 0.405938 0.627083 0.055625 0.110833
0 0.920937 0.271250 0.061875 0.074167
0 0.659062 0.191667 0.061875 0.091667
0 0.584688 0.705833 0.068125 0.088333
0 0.484375 0.615417 0.073750 0.097500
0 0.168437 0.197083 0.069375 0.087500
0 0.450625 0.209583 0.053750 0.075833
0 0.394375 0.724167 0.051250 0.075000
0 0.154375 0.692083 0.066250 0.089167
0 0.420625 0.142500 0.070000 0.083333
0 0.722500 0.341667 0.071250 0.086667
0 0.546250 0.825417 0.057500 0.079167
0 0.406562 0.071667 0.061875 0.088333
0 0.785312 0.063333 0.070625 0.083333
0 0.052812 0.163750 0.076875 0.092500
0 0.244062 0.095417 0.081875 0.107500
0 0.707812 0.289583 0.070625 0.100833
0 0.320000 0.186250 0.070000 0.090833
0 0.831562 0.268333 0.061875 0.080000
0 0.116875 0.432500 0.078750 0.081667
0 0.049063 0.877917 0.065625 0.084167
0 0.632500 0.420833 0.072500 0.085000
0 0.924375 0.394583 0.072500 0.099167
0 0.595625 0.399583 0.073750 0.085833
0 0.714688 0.161667 0.054375 0.086667
0 0.871875 0.443333 0.065000 0.085000
0 0.108750 0.920417 0.053750 0.072500
0 0.878437 0.523333 0.068125 0.086667
0 0.325625 0.272500 0.066250 0.095000
0 0.155938 0.615000 0.060625 0.086667
0 0.616563 0.346667 0.081875 0.103333
1 0.111250 0.522083 0.092500 0.089167
0 0.341562 0.100833 0.063125 0.086667
1 0.172813 0.407917 0.068125 0.120833
1 0.389688 0.241667 0.079375 0.126667
1 0.893437 0.371667 0.065625 0.105000
0 0.741563 0.140833 0.065625 0.090000
0 0.767813 0.159583 0.070625 0.090833
0 0.836250 0.251250 0.081250 0.089167
0 0.935937 0.821667 0.064375 0.093333
0 0.647188 0.932500 0.085625 0.071667
0 0.213438 0.612500 0.070625 0.083333
0 0.294063 0.134167 0.069375 0.126667
0 0.086250 0.066250 0.065000 0.092500
0 0.173125 0.108750 0.065000 0.082500
0 0.050625 0.067083 0.061250 0.094167
0 0.889687 0.322500 0.060625 0.075000
0 0.957187 0.364583 0.069375 0.097500
0 0.881875 0.781667 0.057500 0.086667
0 0.417812 0.289583 0.060625 0.072500
0 0.893750 0.812917 0.062500 0.089167
0 0.849688 0.543333 0.081875 0.085000
0 0.162500 0.157083 0.060000 0.092500
