0 0.733750 0.385417 0.073750 0.095833
0 0.754062 0.815417 0.064375 0.097500
0 0.246250 0.614583 0.071250 0.090833
0 0.883125 0.540000 0.062500 0.086667
0 0.196563 0.541250 0.071875 0.094167
0 0.173750 0.171667 0.067500 0.091667
0 0.945625 0.805833 0.068750 0.086667
0 0.946875 0.425000 0.061250 0.071667
0 0.516563 0.064583 0.063125 0.080833
0 0.663438 0.259583 0.073125 0.094167
0 0.848125 0.758750 0.076250 0.097500
0 0.522500 0.820833 0.070000 0.095000
0 0.818750 0.950833 0.073750 0.096667
0 0.480312 0.338333 0.059375 0.068333
0 0.708125 0.880833 0.071250 0.105000
0 0.822812 0.586250 0.079375 0.095833
0 0.432188 0.917500 0.064375 0.096667
0 0.915000 0.956250 0.073750 0.085833
0 0.197813 0.355833 0.070625 0.105000
0 0.774375 0.695000 0.082500 0.095000
0 0.588437 0.407500 0.078125 0.103333
0 0.817187 0.066667 0.076875 0.093333
0 0.445000 0.797083 0.067500 0.097500
0 0.100937 0.376667 0.050625 0.078333
0 0.390000 0.670833 0.066250 0.095000
0 0.355000 0.263333 0.076250 0.098333
0 0.856563 0.879583 0.073125 0.092500
0 0.050000 0.395417 0.071250 0.072500
0 0.109063 0.104583 0.064375 0.087500
0 0.103438 0.542083 0.080625 0.100833
0 0.580000 0.537083 0.071250 0.064167
0 0.927188 0.339583 0.068125 0.089167
0 0.466562 0.696667 0.071875 0.100000
0 0.080000 0.176250 0.066250 0.089167
0 0.345938 0.472500 0.074375 0.095000
0 0.809688 0.797917 0.073125 0.092500
0 0.906250 0.488750 0.081250 0.089167
0 0.320937 0.849583 0.066875 0.089167
0 0.618125 0.794167 0.065000 0.091667
0 0.255000 0.918750 0.067500 0.097500
0 0.963125 0.094583 0.063750 0.099167
0 0.875000 0.692083 0.082500 0.095833
0 0.189062 0.845000 0.085625 0.108333
0 0.461250 0.508333 0.068750 0.086667
0 0.265000 0.699167 0.072500 0.090000
0 0.147813 0.326250 0.071875 0.110833
0 0.649687 0.134583 0.060625 0.085833
0 0.825000 0.249583 0.070000 0.099167
0 0.262500 0.379583 0.072500 0.094167
0 0.928125 0.880833 0.068750 0.090000
0 0.537500 0.717083 0.068750 0.089167
0 0.468750 0.946250 0.072500 0.079167
0 0.722187 0.561667 0.068125 0.098333
0 0.463125 0.160833 0.063750 0.106667
0 0.676250 0.067917 0.070000 0.090833
0 0.465625 0.275000 0.071250 0.105000
0 0.748750 0.212917 0.071250 0.074167
0 0.366250 0.781250 0.068750 0.107500
0 0.228437 0.095000 0.069375 0.108333
0 0.765625 0.278333 0.073750 0.096667
0 0.525000 0.180000 0.071250 0.095000
0 0.309375 0.577083 0.063750 0.099167
0 0.680937 0.800000 0.065625 0.101667
0 0.842187 0.210833 0.068125 0.103333
0 0.510312 0.217083 0.070625 0.080833
0 0.499688 0.640417 0.070625 0.097500
0 0.157812 0.505417 0.068125 0.109167
0 0.723437 0.151667 0.078125 0.090000
0 0.496250 0.531250 0.068750 0.097500
0 0.408438 0.722917 0.063125 0.097500
0 0.343750 0.565417 0.070000 0.104167
0 0.920312 0.252083 0.080625 0.094167
0 0.232500 0.782083 0.071250 0.105833
0 0.901250 0.845833 0.068750 0.091667
0 0.316250 0.734167 0.061250 0.101667
0 0.600313 0.293750 0.078125 0.100833
0 0.270313 0.215000 0.076875 0.106667
0 0.559375 0.685000 0.063750 0.098333
0 0.067187 0.357917 0.066875 0.099167
0 0.621563 0.656667 0.080625 0.080000
0 0.801562 0.505000 0.071875 0.091667
0 0.187812 0.132083 0.061875 0.094167
0 0.113437 0.786667 0.079375 0.098333
0 0.374375 0.217500 0.076250 0.100000
0 0.650312 0.575000 0.065625 0.103333
0 0.090000 0.627083 0.080000 0.100833
0 0.954688 0.307083 0.076875 0.095833
0 0.230000 0.450417 0.071250 0.092500
0 0.881563 0.410000 0.076875 0.090000
0 0.400000 0.112083 0.071250 0.084167
0 0.742812 0.511250 0.071875 0.090833
0 0.647188 0.461250 0.065625 0.084167
0 0.821250 0.430417 0.062500 0.115833
0 0.415625 0.225833 0.073750 0.085000
0 0.350313 0.937500 0.070625 0.091667
0 0.589063 0.592500 0.066875 0.101667
0 0.688125 0.548333 0.058750 0.110000
0 0.242188 0.295000 0.080625 0.095000
0 0.617500 0.699583 0.060000 0.085833
0 0.656563 0.776250 0.058125 0.104167
0 0.355000 0.746667 0.065000 0.103333
0 0.668125 0.432917 0.081250 0.100833
0 0.801250 0.460833 0.097500 0.071667
0 0.897813 0.378333 0.073125 0.096667
0 0.616875 0.144583 0.071250 0.095833
0 0.638437 0.510833 0.074375 0.091667
0 0.262813 0.777083 0.071875 0.095833
0 0.407813 0.154167 0.070625 0.088333
0 0.115312 0.830417 0.068125 0.092500
0 0.032188 0.852500 0.061875 0.090000
