0 0.268437 0.396667 0.071875 0.095000
0 0.368437 0.329583 0.070625 0.092500
0 0.247500 0.083333 0.065000 0.085000
0 0.654375 0.317917 0.076250 0.099167
0 0.153750 0.128333 0.073750 0.086667
0 0.626563 0.413750 0.074375 0.097500
0 0.797500 0.121250 0.065000 0.080833
0 0.733437 0.427917 0.074375 0.095833
0 0.441563 0.079167 0.073125 0.095000
0 0.331250 0.430417 0.062500 0.082500
0 0.349062 0.546667 0.066875 0.081667
0 0.365625 0.201667 0.077500 0.100000
0 0.607187 0.928333 0.070625 0.101667
0 0.722812 0.339583 0.073125 0.090833
0 0.231875 0.311250 0.077500 0.102500
0 0.765938 0.504583 0.065625 0.085833
0 0.431250 0.262083 0.066250 0.082500
0 0.455625 0.647083 0.065000 0.089167
0 0.425312 0.166250 0.068125 0.084167
0 0.128125 0.240000 0.075000 0.081667
0 0.680937 0.057500 0.079375 0.100000
0 0.055938 0.412500 0.066875 0.088333
0 0.246250 0.530417 0.076250 0.090833
0 0.110625 0.788750 0.067500 0.089167
0 0.250937 0.759583 0.070625 0.094167
0 0.134063 0.712500 0.070625 0.091667
0 0.780625 0.205417 0.068750 0.084167
0 0.858125 0.162500 0.072500 0.090000
0 0.539375 0.762083 0.085000 0.097500
0 0.956250 0.443750 0.076250 0.087500
0 0.587500 0.687083 0.077500 0.087500
0 0.411250 0.402917 0.071250 0.087500
0 0.194688 0.715833 0.063125 0.090000
0 0.784062 0.315000 0.054375 0.081667
0 0.582187 0.835833 0.073125 0.105000
0 0.914375 0.085833 0.068750 0.076667
0 0.053750 0.242083 0.081250 0.094167
0 0.927813 0.168750 0.068125 0.087500
0 0.235313 0.895417 0.074375 0.095833
0 0.097500 0.082500 0.067500 0.081667
0 0.956875 0.324583 0.077500 0.094167
0 0.718125 0.762083 0.072500 0.104167
0 0.375937 0.472083 0.068125 0.082500
0 0.470313 0.417083 0.056875 0.079167
0 0.302187 0.260833 0.075625 0.101667
0 0.387188 0.636667 0.076875 0.110000
0 0.525937 0.632917 0.075625 0.095833
0 0.747188 0.663333 0.066875 0.083333
0 0.555937 0.555417 0.071875 0.084167
0 0.936562 0.541250 0.090625 0.095833
0 0.233125 0.617083 0.058750 0.080833
1 0.085312 0.660833 0.089375 0.113333
0 0.256563 0.437083 0.071875 0.087500
0 0.855313 0.308333 0.073125 0.073333
0 0.488125 0.549167 0.077500 0.091667
0 0.749687 0.607500 0.061875 0.088333
3 0.527500 0.892500 0.092500 0.118333
0 0.868750 0.562083 0.068750 0.092500
1 0.917813 0.255417 0.080625 0.110833
0 0.120313 0.872917 0.059375 0.089167
0 0.641250 0.793750 0.081250 0.102500
0 0.299687 0.642083 0.075625 0.104167
0 0.117500 0.173333 0.070000 0.096667
0 0.148125 0.867917 0.066250 0.085833
1 0.716250 0.140833 0.095000 0.081667
0 0.761875 0.040417 0.062500 0.080833
0 0.669375 0.192500 0.066250 0.068333
0 0.037500 0.587083 0.072500 0.075833
0 0.289687 0.235000 0.075625 0.088333
0 0.338125 0.691250 0.063750 0.067500
0 0.284687 0.547917 0.073125 0.090833
0 0.287500 0.598750 0.060000 0.082500
0 0.123750 0.591250 0.075000 0.075833
