0 0.640312 0.305000 0.080625 0.098333
0 0.651563 0.203333 0.075625 0.101667
0 0.466562 0.708750 0.066875 0.090833
0 0.947812 0.750833 0.080625 0.110000
0 0.041250 0.181250 0.082500 0.087500
0 0.828438 0.601250 0.071875 0.109167
0 0.931250 0.137083 0.085000 0.090833
0 0.720625 0.899583 0.070000 0.082500
0 0.718125 0.449583 0.075000 0.100833
0 0.191562 0.632917 0.073125 0.102500
2 0.545312 0.580000 0.111875 0.116667
1 0.368750 0.600000 0.088750 0.128333
0 0.058125 0.648333 0.076250 0.103333
0 0.367812 0.060833 0.076875 0.101667
0 0.080312 0.480417 0.074375 0.099167
0 0.910937 0.830000 0.066875 0.096667
0 0.745625 0.216667 0.075000 0.100000
0 0.112812 0.794167 0.073125 0.101667
0 0.777500 0.402917 0.075000 0.109167
0 0.836250 0.227500 0.081250 0.093333
0 0.811562 0.897500 0.091875 0.100000
0 0.830000 0.149583 0.085000 0.100833
0 0.490625 0.145417 0.082500 0.099167
0 0.605000 0.940000 0.078750 0.108333
0 0.322188 0.515833 0.088125 0.075000
0 0.401250 0.879167 0.085000 0.096667
0 0.223125 0.719167 0.071250 0.093333
0 0.110000 0.175417 0.058750 0.124167
0 0.314375 0.786667 0.078750 0.091667
0 0.962500 0.309167 0.075000 0.096667
0 0.419063 0.282083 0.083125 0.075833
0 0.267188 0.718333 0.086875 0.098333
0 0.357812 0.805000 0.064375 0.080000
0 0.457188 0.570833 0.081875 0.098333
0 0.807187 0.943750 0.076875 0.107500
0 0.434063 0.609167 0.064375 0.123333
0 0.360312 0.692083 0.126875 0.122500
