0 0.549063 0.911250 0.061875 0.084167
0 0.750000 0.337917 0.060000 0.085833
0 0.229375 0.568750 0.085000 0.094167
0 0.325937 0.833333 0.075625 0.105000
0 0.920312 0.622917 0.059375 0.082500
0 0.362812 0.551250 0.069375 0.087500
0 0.956875 0.756250 0.068750 0.080833
0 0.310312 0.097500 0.063125 0.085000
0 0.057813 0.924583 0.064375 0.084167
0 0.442500 0.567083 0.063750 0.082500
0 0.535000 0.134167 0.048750 0.063333
0 0.868750 0.467917 0.052500 0.080833
0 0.308750 0.406250 0.060000 0.079167
0 0.127812 0.646667 0.066875 0.080000
0 0.229375 0.233333 0.060000 0.076667
0 0.702187 0.712917 0.070625 0.092500
0 0.699688 0.099167 0.059375 0.096667
0 0.724375 0.554583 0.070000 0.099167
0 0.275938 0.672500 0.066875 0.080000
0 0.932813 0.290000 0.064375 0.093333
0 0.766250 0.489583 0.058750 0.080833
0 0.370625 0.246667 0.056250 0.081667
0 0.563125 0.822083 0.065000 0.097500
0 0.952187 0.423750 0.063125 0.092500
0 0.778438 0.627083 0.068125 0.092500
0 0.778750 0.852083 0.066250 0.084167
0 0.883125 0.204583 0.065000 0.094167
0 0.873437 0.769167 0.065625 0.098333
0 0.900312 0.712083 0.058125 0.099167
0 0.212500 0.474167 0.056250 0.085000
0 0.621250 0.846250 0.053750 0.084167
0 0.416250 0.662500 0.067500 0.081667
0 0.775312 0.782917 0.068125 0.097500
0 0.399062 0.161667 0.053125 0.086667
0 0.214375 0.112500 0.070000 0.091667
0 0.667500 0.477917 0.057500 0.060833
0 0.240625 0.355833 0.070000 0.100000
0 0.741250 0.106667 0.052500 0.126667
0 0.044062 0.801667 0.055625 0.075000
0 0.132500 0.235000 0.058750 0.076667
0 0.861563 0.131250 0.055625 0.085833
0 0.897813 0.065000 0.069375 0.103333
0 0.379063 0.338333 0.070625 0.081667
0 0.501563 0.506250 0.058125 0.085833
0 0.244688 0.888750 0.063125 0.090833
0 0.137500 0.155417 0.067500 0.075833
0 0.929375 0.956667 0.058750 0.073333
0 0.115937 0.874583 0.075625 0.075833
0 0.939688 0.193750 0.048125 0.084167
0 0.779687 0.054583 0.053125 0.077500
1 0.893437 0.367500 0.079375 0.110000
0 0.570312 0.230417 0.055625 0.075833
0 0.183438 0.118750 0.061875 0.080833
0 0.864062 0.835833 0.066875 0.103333
0 0.914062 0.872917 0.051875 0.074167
0 0.313750 0.230417 0.065000 0.064167
0 0.075000 0.502083 0.063750 0.080833
0 0.664062 0.630417 0.050625 0.072500
0 0.658125 0.323333 0.058750 0.076667
0 0.834375 0.298333 0.051250 0.071667
0 0.515000 0.219583 0.062500 0.077500
0 0.236563 0.315000 0.066875 0.085000
0 0.066562 0.282083 0.056875 0.089167
0 0.176875 0.327917 0.066250 0.075833
0 0.321875 0.352500 0.068750 0.093333
0 0.357187 0.152083 0.071875 0.097500
0 0.652188 0.953333 0.056875 0.080000
0 0.095625 0.710000 0.070000 0.080000
0 0.220938 0.652917 0.059375 0.079167
0 0.821875 0.487917 0.051250 0.082500
0 0.034063 0.729583 0.050625 0.065833
0 0.070938 0.626667 0.054375 0.086667
0 0.425312 0.302917 0.069375 0.095833
0 0.139687 0.816667 0.058125 0.073333
0 0.434063 0.217083 0.065625 0.090833
0 0.180312 0.691667 0.056875 0.061667
0 0.475938 0.255000 0.063125 0.091667
0 0.491563 0.089167 0.060625 0.065000
0 0.594375 0.096667 0.050000 0.063333
1 0.478125 0.151667 0.077500 0.085000
0 0.525625 0.704583 0.051250 0.067500
0 0.741563 0.922917 0.058125 0.072500
0 0.533125 0.065417 0.047500 0.077500
0 0.947812 0.062917 0.054375 0.070833
0 0.253437 0.044583 0.056875 0.077500
0 0.852187 0.965417 0.046875 0.064167
0 0.730313 0.962917 0.060625 0.064167
0 0.153125 0.757083 0.065000 0.049167
