0 0.790312 0.800417 0.056875 0.079167
0 0.138125 0.847917 0.053750 0.074167
0 0.759687 0.352917 0.059375 0.094167
0 0.779062 0.217083 0.075625 0.087500
0 0.857812 0.428750 0.063125 0.089167
0 0.751875 0.514167 0.062500 0.083333
1 0.719375 0.685417 0.076250 0.097500
0 0.963125 0.112083 0.065000 0.080833
0 0.920937 0.411667 0.055625 0.080000
0 0.506875 0.161250 0.066250 0.092500
0 0.065312 0.779583 0.070625 0.097500
0 0.518437 0.812083 0.066875 0.085833
0 0.082812 0.154167 0.065625 0.086667
2 0.207500 0.292917 0.078750 0.089167
0 0.515938 0.517500 0.069375 0.105000
0 0.139687 0.114167 0.055625 0.085000
0 0.400625 0.872500 0.071250 0.088333
0 0.471562 0.454583 0.060625 0.087500
0 0.110625 0.504583 0.065000 0.087500
0 0.323750 0.340000 0.073750 0.100000
0 0.833750 0.611250 0.070000 0.080833
0 0.579063 0.889583 0.061875 0.074167
0 0.701562 0.882083 0.066875 0.080833
0 0.638125 0.921250 0.058750 0.092500
0 0.292812 0.173750 0.050625 0.079167
0 0.443125 0.509583 0.071250 0.104167
0 0.251875 0.360833 0.072500 0.096667
0 0.118750 0.297500 0.066250 0.100000
0 0.555312 0.624583 0.076875 0.074167
0 0.172813 0.365833 0.074375 0.098333
0 0.194062 0.660833 0.078125 0.098333
0 0.075000 0.072917 0.050000 0.072500
0 0.659062 0.087500 0.069375 0.066667
0 0.588437 0.749583 0.064375 0.090833
0 0.190625 0.871250 0.063750 0.094167
0 0.912188 0.859167 0.061875 0.073333
0 0.214688 0.945417 0.064375 0.075833
0 0.898125 0.287083 0.071250 0.082500
0 0.336875 0.586667 0.062500 0.085000
0 0.765625 0.135833 0.057500 0.078333
0 0.296875 0.927083 0.066250 0.082500
0 0.458750 0.370000 0.075000 0.083333
0 0.362812 0.389583 0.073125 0.097500
0 0.804063 0.702083 0.058125 0.070833
0 0.205937 0.578333 0.051875 0.066667
0 0.800000 0.459167 0.062500 0.071667
0 0.233125 0.514583 0.053750 0.082500
0 0.197500 0.106667 0.068750 0.083333
0 0.493750 0.306667 0.060000 0.081667
0 0.674063 0.720417 0.073125 0.094167
0 0.543125 0.311250 0.055000 0.080833
0 0.090938 0.676667 0.056875 0.078333
0 0.166563 0.204167 0.068125 0.081667
0 0.357500 0.139167 0.068750 0.080000
1 0.730313 0.796250 0.071875 0.105833
0 0.175000 0.512083 0.062500 0.082500
0 0.512188 0.727083 0.063125 0.084167
0 0.309688 0.838333 0.064375 0.098333
0 0.725625 0.951250 0.056250 0.074167
0 0.601250 0.669167 0.063750 0.075000
0 0.313437 0.063333 0.049375 0.073333
0 0.653750 0.839167 0.052500 0.070000
0 0.395625 0.621250 0.068750 0.090833
0 0.856875 0.944583 0.067500 0.090833
0 0.917188 0.054583 0.069375 0.090833
0 0.559063 0.959583 0.054375 0.070833
0 0.367500 0.524167 0.055000 0.096667
0 0.090000 0.960833 0.055000 0.076667
0 0.164375 0.038750 0.051250 0.074167
0 0.875000 0.217917 0.065000 0.067500
0 0.905000 0.690000 0.048750 0.076667
3 0.313750 0.519167 0.076250 0.098333
0 0.705625 0.553333 0.050000 0.063333
0 0.931250 0.631667 0.052500 0.073333
0 0.362500 0.228750 0.058750 0.069167
0 0.434375 0.219167 0.057500 0.066667
0 0.805312 0.879167 0.061875 0.078333
1 0.105000 0.583333 0.077500 0.086667
0 0.342187 0.447917 0.055625 0.069167
0 0.361875 0.935833 0.055000 0.073333
0 0.568750 0.556250 0.062500 0.072500
0 0.798125 0.550833 0.053750 0.068333
0 0.217188 0.420417 0.058125 0.080833
0 0.169687 0.769583 0.074375 0.110833
0 0.643125 0.185833 0.055000 0.065000
1 0.689063 0.258750 0.075625 0.129167
0 0.412813 0.141250 0.049375 0.064167
0 0.122500 0.041250 0.063750 0.079167
0 0.594063 0.095417 0.049375 0.062500
0 0.595000 0.152083 0.053750 0.077500
0 0.876250 0.158333 0.063750 0.056667
0 0.809688 0.373750 0.058125 0.064167
0 0.035000 0.459167 0.063750 0.083333
0 0.026875 0.378333 0.053750 0.070000
0 0.800937 0.955000 0.078125 0.070000
0 0.573125 0.037917 0.043750 0.060833
0 0.717500 0.185833 0.050000 0.070000
0 0.166563 0.591250 0.046875 0.064167
0 0.631875 0.965000 0.056250 0.070000
0 0.031250 0.951667 0.053750 0.060000
0 0.026875 0.622917 0.051250 0.079167
0 0.076563 0.695000 0.065625 0.095000
0 0.718125 0.249167 0.053750 0.075000
