0 0.509062 0.916667 0.078125 0.096667
0 0.690312 0.276667 0.071875 0.110000
4 0.818125 0.618333 0.075000 0.115000
4 0.716875 0.810000 0.076250 0.101667
0 0.075625 0.203750 0.075000 0.095833
0 0.613437 0.297500 0.076875 0.095000
0 0.869687 0.082917 0.068125 0.100833
0 0.510625 0.813333 0.081250 0.100000
0 0.077500 0.318750 0.075000 0.080833
0 0.239687 0.167083 0.070625 0.099167
0 0.216875 0.818333 0.075000 0.085000
0 0.569063 0.598333 0.075625 0.100000
0 0.854688 0.482917 0.076875 0.115833
0 0.521250 0.725417 0.075000 0.084167
0 0.549063 0.472917 0.070625 0.099167
0 0.165937 0.286250 0.073125 0.102500
0 0.435625 0.752083 0.070000 0.104167
0 0.725938 0.706250 0.076875 0.104167
0 0.493437 0.676250 0.073125 0.090833
0 0.648750 0.754167 0.068750 0.101667
4 0.402813 0.106667 0.076875 0.106667
0 0.272188 0.459583 0.065625 0.109167
0 0.201563 0.596250 0.080625 0.102500
0 0.562813 0.095833 0.074375 0.091667
0 0.532500 0.350833 0.068750 0.095000
0 0.893750 0.758750 0.067500 0.107500
0 0.872188 0.886667 0.065625 0.110000
0 0.079062 0.417083 0.079375 0.100833
0 0.449062 0.411250 0.085625 0.112500
