0 0.680937 0.795833 0.060625 0.086667
0 0.875938 0.126667 0.066875 0.086667
0 0.819688 0.461250 0.064375 0.092500
0 0.477812 0.865417 0.061875 0.084167
0 0.840313 0.848333 0.068125 0.091667
0 0.079687 0.322917 0.059375 0.090833
0 0.208437 0.824167 0.073125 0.100000
0 0.456250 0.763333 0.065000 0.090000
0 0.625000 0.556667 0.071250 0.083333
0 0.556250 0.324583 0.073750 0.089167
0 0.718125 0.632500 0.067500 0.083333
0 0.727187 0.388333 0.068125 0.085000
0 0.635625 0.190000 0.055000 0.078333
0 0.666250 0.077917 0.062500 0.089167
0 0.587812 0.676250 0.058125 0.084167
0 0.374688 0.803750 0.059375 0.092500
0 0.426250 0.168333 0.071250 0.085000
0 0.106875 0.147917 0.072500 0.082500
0 0.803438 0.254583 0.065625 0.095833
0 0.910000 0.578333 0.065000 0.083333
0 0.463750 0.545000 0.070000 0.090000
0 0.602500 0.253333 0.068750 0.085000
0 0.134063 0.478333 0.073125 0.096667
4 0.692500 0.513333 0.076250 0.110000
0 0.160938 0.590000 0.065625 0.090000
0 0.267500 0.435417 0.070000 0.084167
0 0.755938 0.732083 0.063125 0.094167
0 0.561250 0.820417 0.067500 0.089167
0 0.603437 0.460417 0.059375 0.092500
0 0.845313 0.666250 0.065625 0.097500
0 0.670937 0.708333 0.068125 0.090000
0 0.751250 0.185417 0.073750 0.095833
0 0.054062 0.063750 0.059375 0.097500
0 0.424687 0.421667 0.064375 0.095000
0 0.385625 0.536250 0.063750 0.117500
0 0.132188 0.637917 0.063125 0.109167
0 0.248750 0.949167 0.066250 0.085000
0 0.960313 0.496667 0.073125 0.088333
4 0.628125 0.823750 0.075000 0.120833
