0 0.499063 0.676250 0.081875 0.094167
0 0.103438 0.232500 0.069375 0.096667
0 0.205000 0.356250 0.073750 0.090833
0 0.239063 0.105417 0.086875 0.080833
0 0.728125 0.075833 0.078750 0.111667
0 0.801250 0.876250 0.072500 0.100833
0 0.370312 0.380833 0.069375 0.091667
0 0.397500 0.936250 0.072500 0.099167
0 0.665937 0.933750 0.076875 0.099167
0 0.867500 0.865000 0.068750 0.081667
0 0.838750 0.155833 0.077500 0.095000
0 0.606250 0.690417 0.076250 0.115833
0 0.504062 0.804167 0.078125 0.090000
0 0.056563 0.156250 0.075625 0.125833
0 0.339687 0.848750 0.069375 0.104167
0 0.817813 0.497083 0.076875 0.102500
0 0.541875 0.593750 0.072500 0.094167
0 0.145313 0.776250 0.068125 0.097500
0 0.488438 0.503750 0.085625 0.110833
1 0.179375 0.260000 0.085000 0.115000
0 0.263125 0.412500 0.068750 0.073333
0 0.918750 0.287917 0.087500 0.109167
0 0.720313 0.653333 0.068125 0.098333
0 0.765938 0.298333 0.076875 0.111667
0 0.257500 0.522500 0.071250 0.086667
0 0.860313 0.584167 0.071875 0.088333
0 0.430937 0.083750 0.066875 0.092500
0 0.839688 0.732500 0.068125 0.108333
0 0.150312 0.160833 0.073125 0.098333
0 0.702812 0.303750 0.080625 0.100833
0 0.359375 0.271250 0.063750 0.117500
0 0.081562 0.744583 0.074375 0.100833
0 0.567500 0.260000 0.093750 0.081667
0 0.175625 0.910417 0.081250 0.104167
0 0.644375 0.307917 0.071250 0.125833
0 0.468750 0.588750 0.072500 0.099167
0 0.900937 0.774583 0.071875 0.079167
0 0.789375 0.693333 0.066250 0.105000
0 0.120000 0.885417 0.070000 0.102500
3 0.415938 0.653333 0.089375 0.171667
0 0.338125 0.270833 0.070000 0.093333
0 0.103750 0.719167 0.075000 0.100000
0 0.162188 0.858333 0.086875 0.088333
