0 0.098437 0.607500 0.071875 0.100000
0 0.106563 0.180417 0.084375 0.104167
0 0.492500 0.941667 0.082500 0.103333
0 0.061875 0.066250 0.086250 0.109167
0 0.511250 0.820833 0.085000 0.103333
0 0.320937 0.500417 0.073125 0.095833
0 0.162188 0.290417 0.084375 0.099167
0 0.834063 0.179167 0.075625 0.100000
0 0.618125 0.630833 0.075000 0.091667
0 0.149688 0.769583 0.079375 0.100833
0 0.660000 0.880000 0.080000 0.101667
0 0.594375 0.883750 0.068750 0.099167
0 0.749062 0.403750 0.076875 0.094167
0 0.660937 0.287083 0.079375 0.099167
0 0.621250 0.735833 0.077500 0.110000
0 0.239063 0.089583 0.080625 0.104167
0 0.948750 0.687500 0.068750 0.091667
0 0.240000 0.850833 0.071250 0.095000
0 0.955937 0.530833 0.078125 0.120000
0 0.910625 0.846250 0.081250 0.109167
0 0.405938 0.327083 0.088125 0.100833
0 0.269375 0.346250 0.070000 0.110833
0 0.608750 0.333750 0.071250 0.099167
0 0.847500 0.534583 0.073750 0.097500
0 0.483125 0.471667 0.071250 0.103333
0 0.687500 0.616667 0.077500 0.101667
0 0.246250 0.751667 0.078750 0.110000
0 0.122500 0.932083 0.076250 0.104167
0 0.932813 0.207917 0.076875 0.109167
0 0.539375 0.107917 0.081250 0.104167
0 0.837812 0.944167 0.081875 0.105000
0 0.157500 0.577083 0.071250 0.100833
0 0.785937 0.713333 0.078125 0.105000
0 0.739688 0.183333 0.078125 0.105000
0 0.351250 0.752083 0.067500 0.124167
0 0.777813 0.188750 0.068125 0.119167
0 0.206875 0.514167 0.076250 0.116667
0 0.535625 0.556250 0.073750 0.112500
0 0.382188 0.785417 0.074375 0.110833
0 0.322500 0.587083 0.080000 0.095833
0 0.660000 0.544583 0.068750 0.092500
0 0.930625 0.317500 0.091250 0.093333
0 0.470625 0.649583 0.070000 0.110833
0 0.392813 0.464583 0.081875 0.115833
1 0.420312 0.601667 0.074375 0.123333
0 0.398125 0.510833 0.071250 0.085000
0 0.771250 0.482083 0.076250 0.094167
0 0.531563 0.877083 0.070625 0.117500
0 0.324688 0.285833 0.083125 0.108333
0 0.738750 0.750833 0.081250 0.111667
2 0.305312 0.644583 0.090625 0.122500
0 0.671562 0.470000 0.074375 0.098333
0 0.475938 0.565833 0.078125 0.095000
0 0.705000 0.470000 0.071250 0.106667
0 0.310000 0.743750 0.068750 0.107500
