0 0.389375 0.446250 0.061250 0.082500
0 0.955625 0.761250 0.070000 0.075833
0 0.790937 0.591667 0.060625 0.083333
0 0.376875 0.634583 0.063750 0.087500
4 0.627812 0.252083 0.078125 0.094167
0 0.373125 0.130833 0.063750 0.093333
0 0.711250 0.725417 0.057500 0.082500
0 0.192188 0.722083 0.056875 0.079167
0 0.140000 0.225417 0.068750 0.079167
0 0.295000 0.087083 0.062500 0.087500
0 0.180000 0.505417 0.058750 0.090833
0 0.474062 0.245417 0.063125 0.079167
0 0.435000 0.848750 0.066250 0.092500
0 0.547500 0.177083 0.063750 0.094167
0 0.754062 0.155000 0.064375 0.085000
0 0.754062 0.289167 0.066875 0.086667
0 0.832812 0.658750 0.071875 0.087500
0 0.949063 0.590833 0.071875 0.085000
0 0.142813 0.909583 0.070625 0.082500
0 0.286250 0.242500 0.065000 0.078333
0 0.955625 0.679167 0.065000 0.073333
0 0.614062 0.164167 0.066875 0.083333
0 0.464062 0.942917 0.061875 0.079167
0 0.455313 0.428750 0.060625 0.074167
0 0.657500 0.627083 0.068750 0.082500
0 0.041875 0.472083 0.071250 0.089167
0 0.485000 0.160000 0.060000 0.091667
0 0.117188 0.461250 0.066875 0.084167
0 0.306250 0.778333 0.056250 0.078333
0 0.106875 0.370833 0.076250 0.090000
4 0.375625 0.792917 0.076250 0.109167
0 0.666562 0.086667 0.068125 0.083333
0 0.706875 0.910417 0.056250 0.094167
0 0.114062 0.711250 0.063125 0.089167
0 0.953750 0.105417 0.081250 0.100833
0 0.888125 0.491250 0.060000 0.085833
0 0.257500 0.307917 0.062500 0.082500
0 0.054375 0.221250 0.062500 0.100833
0 0.724375 0.538750 0.061250 0.082500
0 0.222188 0.659167 0.065625 0.090000
0 0.042188 0.111667 0.066875 0.076667
0 0.334375 0.485000 0.058750 0.093333
0 0.522500 0.571667 0.062500 0.080000
0 0.866563 0.390417 0.061875 0.100833
0 0.360312 0.536250 0.069375 0.079167
0 0.934063 0.926667 0.064375 0.091667
0 0.196250 0.446250 0.068750 0.095833
0 0.597187 0.481667 0.066875 0.090000
0 0.548125 0.520000 0.082500 0.093333
0 0.696875 0.591667 0.076250 0.083333
0 0.136250 0.628750 0.058750 0.104167
0 0.271875 0.487500 0.060000 0.098333
0 0.032188 0.775833 0.058125 0.086667
0 0.910625 0.453333 0.073750 0.101667
0 0.257500 0.462500 0.065000 0.083333
0 0.239687 0.817500 0.054375 0.116667
0 0.251875 0.376667 0.065000 0.093333
0 0.214062 0.363333 0.059375 0.085000
