0 0.690625 0.559583 0.068750 0.087500
0 0.184375 0.893750 0.070000 0.075833
0 0.200625 0.668333 0.066250 0.078333
0 0.632812 0.227917 0.071875 0.089167
0 0.053437 0.430833 0.069375 0.086667
0 0.848437 0.703750 0.085625 0.094167
0 0.863750 0.569167 0.068750 0.091667
0 0.602812 0.437917 0.073125 0.089167
0 0.721562 0.918750 0.065625 0.080833
0 0.195937 0.090000 0.078125 0.091667
0 0.080312 0.858750 0.064375 0.082500
0 0.340000 0.771667 0.078750 0.105000
0 0.463438 0.814167 0.064375 0.088333
0 0.382500 0.225833 0.073750 0.098333
0 0.134375 0.243333 0.071250 0.086667
0 0.960313 0.410833 0.065625 0.086667
0 0.804375 0.500000 0.076250 0.098333
0 0.140000 0.780833 0.066250 0.090000
0 0.851250 0.252917 0.056250 0.075833
0 0.707812 0.412083 0.078125 0.089167
0 0.563750 0.069583 0.075000 0.089167
0 0.942500 0.854167 0.070000 0.088333
0 0.662500 0.474583 0.071250 0.084167
0 0.633125 0.752917 0.062500 0.085833
0 0.915625 0.679167 0.058750 0.085000
0 0.803750 0.239583 0.058750 0.085833
0 0.865625 0.447917 0.077500 0.089167
0 0.623437 0.132500 0.076875 0.101667
0 0.692500 0.069583 0.070000 0.085833
0 0.761875 0.162083 0.070000 0.099167
0 0.691562 0.158750 0.075625 0.097500
0 0.260937 0.708750 0.074375 0.089167
0 0.825937 0.152917 0.064375 0.102500
0 0.106250 0.935417 0.078750 0.092500
0 0.044062 0.752083 0.075625 0.090833
0 0.192500 0.595417 0.077500 0.095833
0 0.967812 0.706250 0.060625 0.087500
0 0.947187 0.310000 0.068125 0.086667
0 0.387500 0.426667 0.057500 0.078333
5 0.713750 0.824583 0.070000 0.095833
0 0.358125 0.956667 0.056250 0.085000
0 0.897813 0.114167 0.069375 0.081667
0 0.781250 0.775417 0.061250 0.089167
0 0.960000 0.231250 0.058750 0.085833
0 0.041563 0.653750 0.065625 0.099167
0 0.465313 0.265000 0.065625 0.090000
0 0.578125 0.706250 0.073750 0.092500
0 0.869375 0.810000 0.065000 0.083333
0 0.342813 0.882083 0.059375 0.080833
0 0.761250 0.572083 0.070000 0.080833
0 0.668438 0.677917 0.070625 0.087500
0 0.780937 0.879167 0.078125 0.096667
0 0.837812 0.927500 0.063125 0.071667
0 0.888125 0.886667 0.058750 0.080000
0 0.583438 0.942917 0.059375 0.077500
0 0.175625 0.380833 0.061250 0.071667
0 0.264062 0.620833 0.069375 0.086667
0 0.100312 0.666667 0.065625 0.093333
0 0.255625 0.193333 0.068750 0.086667
0 0.145625 0.702917 0.051250 0.069167
0 0.311250 0.226667 0.067500 0.091667
0 0.855313 0.362083 0.080625 0.080833
0 0.219375 0.516667 0.067500 0.081667
0 0.326875 0.397500 0.060000 0.103333
0 0.272813 0.873333 0.071875 0.093333
0 0.129688 0.400417 0.055625 0.079167
0 0.921875 0.048333 0.063750 0.071667
0 0.475000 0.131667 0.072500 0.101667
0 0.583438 0.855417 0.068125 0.087500
1 0.322813 0.144167 0.089375 0.113333
0 0.426875 0.058333 0.072500 0.088333
0 0.685937 0.657500 0.069375 0.078333
0 0.241563 0.233750 0.075625 0.080833
0 0.361563 0.593333 0.075625 0.095000
0 0.130312 0.537917 0.083125 0.107500
0 0.089063 0.591250 0.066875 0.077500
0 0.450937 0.935833 0.068125 0.090000
0 0.612812 0.878333 0.064375 0.083333
0 0.343438 0.479167 0.064375 0.093333
0 0.833125 0.100417 0.065000 0.087500
0 0.372188 0.555833 0.074375 0.093333
0 0.270625 0.317083 0.080000 0.099167
0 0.293438 0.833750 0.068125 0.092500
0 0.251563 0.825417 0.073125 0.087500
0 0.115000 0.457083 0.058750 0.079167
0 0.531875 0.634167 0.072500 0.115000
0 0.185000 0.478750 0.068750 0.089167
0 0.430625 0.886667 0.053750 0.096667
0 0.048438 0.546250 0.069375 0.085833
0 0.504062 0.880833 0.068125 0.073333
0 0.560625 0.612083 0.072500 0.094167
0 0.707500 0.756250 0.077500 0.065833
0 0.198750 0.160000 0.062500 0.071667
0 0.230313 0.447917 0.071875 0.082500
0 0.660937 0.816250 0.053125 0.085833
0 0.758750 0.072500 0.063750 0.076667
1 0.465000 0.350833 0.090000 0.121667
0 0.132188 0.318750 0.076875 0.094167
0 0.835938 0.858333 0.059375 0.070000
0 0.219062 0.330417 0.069375 0.075833
1 0.532500 0.774583 0.113750 0.147500
0 0.266250 0.400417 0.065000 0.097500
0 0.296250 0.438333 0.065000 0.071667
0 0.516250 0.905833 0.066250 0.070000
