0 0.090625 0.087917 0.060000 0.089167
0 0.627500 0.100833 0.061250 0.083333
0 0.682187 0.542917 0.069375 0.092500
0 0.098125 0.405833 0.065000 0.088333
4 0.459375 0.499167 0.077500 0.105000
0 0.765000 0.325833 0.076250 0.096667
0 0.733437 0.214583 0.066875 0.084167
0 0.282187 0.304583 0.064375 0.084167
0 0.558125 0.364167 0.058750 0.078333
0 0.100312 0.702917 0.064375 0.089167
0 0.209687 0.584167 0.061875 0.090000
0 0.365625 0.221250 0.063750 0.085833
0 0.907500 0.914583 0.073750 0.092500
0 0.302812 0.126667 0.070625 0.100000
0 0.837187 0.453750 0.078125 0.105833
0 0.917188 0.537917 0.064375 0.084167
0 0.680937 0.284583 0.068125 0.094167
0 0.566250 0.698333 0.061250 0.083333
0 0.404375 0.069583 0.067500 0.094167
0 0.342187 0.525833 0.068125 0.091667
0 0.834063 0.258333 0.064375 0.080000
0 0.429063 0.719583 0.071875 0.092500
0 0.493437 0.306250 0.066875 0.089167
0 0.932500 0.672917 0.085000 0.105833
0 0.330313 0.580417 0.064375 0.095833
0 0.633125 0.639583 0.066250 0.097500
0 0.058438 0.304167 0.061875 0.096667
0 0.682187 0.797917 0.075625 0.092500
0 0.139063 0.300833 0.069375 0.093333
0 0.224688 0.245417 0.079375 0.092500
0 0.388437 0.134583 0.075625 0.080833
0 0.434688 0.229583 0.063125 0.097500
0 0.477812 0.396667 0.073125 0.093333
0 0.793750 0.585000 0.063750 0.076667
0 0.495312 0.127500 0.058125 0.096667
0 0.232813 0.713333 0.076875 0.105000
0 0.645625 0.925833 0.058750 0.096667
0 0.422500 0.295417 0.063750 0.107500
0 0.765625 0.453750 0.063750 0.082500
0 0.647188 0.445000 0.070625 0.085000
0 0.774687 0.501250 0.079375 0.072500
1 0.221875 0.451250 0.075000 0.094167
0 0.780000 0.054583 0.063750 0.109167
