0 0.127500 0.682083 0.063750 0.084167
0 0.071875 0.469167 0.077500 0.086667
0 0.930625 0.872083 0.077500 0.102500
0 0.059687 0.692083 0.059375 0.082500
0 0.428125 0.804583 0.078750 0.100833
0 0.888750 0.508333 0.060000 0.083333
0 0.348438 0.186667 0.069375 0.095000
0 0.274687 0.175833 0.070625 0.091667
0 0.330625 0.085833 0.071250 0.098333
0 0.574375 0.167917 0.068750 0.095833
0 0.924375 0.407500 0.060000 0.100000
0 0.788438 0.074583 0.073125 0.105833
0 0.521250 0.600000 0.083750 0.110000
0 0.719063 0.048333 0.070625 0.095000
0 0.681562 0.619167 0.069375 0.085000
0 0.629062 0.402917 0.056875 0.089167
0 0.725313 0.681250 0.071875 0.097500
0 0.745313 0.746250 0.069375 0.092500
0 0.613750 0.552083 0.068750 0.092500
0 0.705937 0.158750 0.074375 0.099167
0 0.380625 0.350833 0.072500 0.096667
0 0.428125 0.726667 0.073750 0.076667
0 0.589688 0.318333 0.080625 0.101667
0 0.945312 0.591667 0.071875 0.088333
0 0.241563 0.840417 0.079375 0.107500
0 0.257812 0.547917 0.074375 0.100833
0 0.530937 0.226667 0.066875 0.085000
0 0.547500 0.852083 0.070000 0.112500
0 0.492500 0.144583 0.073750 0.104167
0 0.465313 0.665417 0.078125 0.119167
0 0.966875 0.531250 0.063750 0.100833
0 0.656875 0.787500 0.085000 0.105000
0 0.662500 0.289167 0.071250 0.091667
0 0.834688 0.252917 0.075625 0.094167
0 0.174375 0.082083 0.071250 0.079167
0 0.693438 0.513750 0.069375 0.105833
0 0.115625 0.874167 0.078750 0.106667
0 0.127188 0.923750 0.078125 0.099167
0 0.650000 0.392083 0.056250 0.087500
0 0.730625 0.378333 0.066250 0.091667
0 0.364687 0.635417 0.066875 0.085833
0 0.183438 0.257917 0.070625 0.092500
0 0.365625 0.810000 0.078750 0.101667
0 0.777813 0.887083 0.070625 0.084167
0 0.298750 0.469583 0.062500 0.092500
0 0.698750 0.824583 0.067500 0.092500
0 0.415000 0.142917 0.076250 0.090833
0 0.242188 0.684583 0.061875 0.080833
0 0.844375 0.383333 0.076250 0.105000
0 0.235000 0.046667 0.067500 0.091667
0 0.418125 0.575000 0.075000 0.100000
0 0.730625 0.277083 0.062500 0.092500
0 0.055938 0.052917 0.079375 0.094167
0 0.154375 0.623750 0.071250 0.097500
0 0.909062 0.225000 0.070625 0.078333
0 0.423750 0.900833 0.073750 0.088333
0 0.342813 0.615000 0.066875 0.088333
0 0.728750 0.905000 0.070000 0.088333
1 0.191875 0.527083 0.077500 0.117500
0 0.905625 0.186250 0.065000 0.090833
0 0.305937 0.530417 0.073125 0.089167
0 0.447813 0.949583 0.051875 0.100833
0 0.875313 0.169583 0.064375 0.107500
1 0.958125 0.082917 0.083750 0.139167
0 0.208750 0.595833 0.067500 0.066667
