0 0.200625 0.687083 0.076250 0.097500
0 0.410313 0.677917 0.055625 0.092500
0 0.356563 0.263333 0.064375 0.076667
0 0.910937 0.665833 0.063125 0.080000
0 0.543438 0.673750 0.075625 0.094167
0 0.647500 0.904583 0.073750 0.100833
0 0.749687 0.840417 0.086875 0.079167
0 0.469375 0.184583 0.063750 0.089167
0 0.061250 0.351250 0.072500 0.097500
0 0.890625 0.814583 0.058750 0.092500
0 0.211875 0.770417 0.065000 0.089167
0 0.313437 0.410833 0.076875 0.096667
0 0.641563 0.590417 0.066875 0.090833
0 0.266562 0.267917 0.065625 0.090833
0 0.365000 0.467917 0.067500 0.090833
0 0.211250 0.480833 0.070000 0.093333
0 0.810000 0.261250 0.060000 0.072500
0 0.843125 0.639583 0.073750 0.089167
0 0.080312 0.824583 0.064375 0.085833
1 0.810625 0.132083 0.082500 0.110833
0 0.935312 0.724167 0.074375 0.076667
0 0.368750 0.811667 0.047500 0.083333
0 0.445937 0.397917 0.078125 0.092500
0 0.705000 0.339167 0.067500 0.083333
0 0.586250 0.070833 0.073750 0.086667
0 0.952812 0.796250 0.065625 0.089167
0 0.213750 0.294167 0.061250 0.081667
0 0.935312 0.286667 0.061875 0.081667
0 0.204687 0.911250 0.075625 0.085833
0 0.354687 0.721250 0.069375 0.075833
0 0.788438 0.690000 0.078125 0.070000
0 0.605625 0.631250 0.072500 0.097500
0 0.099062 0.664167 0.078125 0.066667
1 0.840938 0.205000 0.106875 0.108333
0 0.645312 0.725000 0.059375 0.095000
0 0.036250 0.779583 0.050000 0.069167
0 0.161562 0.894583 0.065625 0.087500
0 0.229063 0.032500 0.104375 0.063333
0 0.415938 0.220417 0.068125 0.085833
0 0.064687 0.618333 0.085625 0.080000
0 0.950625 0.045417 0.076250 0.079167
0 0.955313 0.230833 0.053125 0.075000
0 0.259688 0.350000 0.068125 0.071667
4 0.750938 0.737500 0.121875 0.070000
