0 0.268125 0.885417 0.065000 0.072500
0 0.372188 0.240000 0.064375 0.083333
0 0.459375 0.446250 0.066250 0.082500
0 0.526250 0.472500 0.070000 0.081667
0 0.351250 0.823333 0.073750 0.083333
0 0.785625 0.264583 0.062500 0.082500
0 0.217188 0.288750 0.068125 0.085833
0 0.396250 0.760000 0.066250 0.071667
0 0.376563 0.060000 0.073125 0.081667
0 0.143750 0.432917 0.060000 0.090833
0 0.195000 0.435833 0.063750 0.098333
0 0.830000 0.663750 0.073750 0.099167
0 0.767188 0.191250 0.076875 0.085833
0 0.499063 0.377917 0.068125 0.087500
0 0.812187 0.452500 0.121875 0.063333
3 0.880313 0.800833 0.115625 0.111667
0 0.150938 0.184583 0.083125 0.095833
0 0.699063 0.856667 0.080625 0.095000
0 0.714063 0.255000 0.074375 0.110000
3 0.112500 0.519583 0.090000 0.100833
