0 0.310000 0.642083 0.078750 0.085833
0 0.072813 0.480833 0.075625 0.085000
0 0.868750 0.878750 0.075000 0.092500
0 0.651875 0.817500 0.065000 0.083333
0 0.430937 0.858750 0.078125 0.097500
0 0.175000 0.893333 0.070000 0.098333
0 0.890625 0.163750 0.062500 0.102500
0 0.770625 0.131250 0.065000 0.090833
0 0.872812 0.255000 0.078125 0.093333
0 0.517500 0.293750 0.076250 0.090833
0 0.703125 0.542917 0.063750 0.094167
1 0.487187 0.807500 0.081875 0.096667
0 0.949375 0.469583 0.070000 0.097500
0 0.904062 0.620000 0.075625 0.081667
0 0.618437 0.874583 0.070625 0.092500
3 0.146250 0.315417 0.077500 0.107500
0 0.578438 0.147500 0.071875 0.121667
4 0.353750 0.359167 0.087500 0.086667
0 0.250937 0.509583 0.074375 0.099167
0 0.366250 0.492083 0.083750 0.074167
0 0.400625 0.572917 0.071250 0.082500
0 0.775625 0.324583 0.073750 0.082500
0 0.594375 0.275000 0.065000 0.115000
0 0.207500 0.792500 0.073750 0.108333
0 0.895000 0.549167 0.082500 0.083333
0 0.051875 0.215000 0.073750 0.093333
6 0.916250 0.374583 0.110000 0.097500
0 0.276250 0.558750 0.087500 0.095833
0 0.343438 0.225000 0.070625 0.118333
0 0.799063 0.452083 0.086875 0.072500
0 0.161562 0.765417 0.069375 0.105833
0 0.052500 0.857917 0.072500 0.070833
0 0.106875 0.692917 0.070000 0.105833
0 0.776250 0.561667 0.095000 0.063333
0 0.396250 0.441667 0.080000 0.076667
0 0.084687 0.277500 0.101875 0.090000
0 0.768437 0.409167 0.070625 0.075000
0 0.781563 0.208750 0.068125 0.065833
0 0.672188 0.442083 0.085625 0.059167
0 0.354063 0.421667 0.069375 0.066667
0 0.446875 0.244583 0.111250 0.055833
