0 0.645625 0.167083 0.070000 0.082500
0 0.816875 0.227500 0.063750 0.080000
0 0.452813 0.446250 0.075625 0.099167
0 0.484687 0.612917 0.078125 0.090833
0 0.876563 0.248750 0.064375 0.085833
0 0.838437 0.405417 0.055625 0.069167
0 0.581250 0.793333 0.073750 0.098333
0 0.557187 0.602917 0.069375 0.082500
0 0.778750 0.160417 0.055000 0.084167
0 0.757812 0.903333 0.075625 0.098333
0 0.408125 0.591667 0.078750 0.101667
0 0.715938 0.380417 0.043125 0.080833
0 0.344687 0.262500 0.065625 0.096667
0 0.517188 0.448333 0.063125 0.076667
0 0.592812 0.707500 0.068125 0.085000
0 0.584375 0.497500 0.060000 0.080000
0 0.554688 0.189583 0.076875 0.099167
1 0.224688 0.397500 0.076875 0.116667
0 0.636250 0.524583 0.067500 0.079167
0 0.659062 0.735000 0.073125 0.095000
0 0.744062 0.585417 0.079375 0.097500
0 0.292812 0.322500 0.071875 0.091667
0 0.510000 0.333750 0.065000 0.092500
0 0.512500 0.377083 0.057500 0.075833
0 0.620000 0.249167 0.071250 0.091667
0 0.465938 0.780000 0.070625 0.095000
0 0.645938 0.354583 0.061875 0.075833
0 0.752812 0.134167 0.066875 0.078333
0 0.818125 0.444167 0.080000 0.100000
0 0.902500 0.403333 0.063750 0.078333
0 0.286562 0.189167 0.063125 0.088333
0 0.805312 0.545417 0.050625 0.069167
0 0.549687 0.295833 0.075625 0.098333
0 0.383437 0.187500 0.064375 0.078333
0 0.956562 0.941250 0.074375 0.104167
0 0.676562 0.621667 0.068125 0.091667
0 0.690000 0.804167 0.056250 0.081667
0 0.532188 0.527917 0.069375 0.085833
0 0.853437 0.639167 0.078125 0.095000
0 0.811250 0.779167 0.067500 0.110000
0 0.782188 0.065000 0.066875 0.066667
0 0.595625 0.407917 0.078750 0.095833
0 0.872500 0.319167 0.083750 0.108333
0 0.584375 0.336250 0.058750 0.084167
0 0.560000 0.135000 0.072500 0.096667
0 0.218125 0.211667 0.075000 0.108333
0 0.759687 0.507083 0.049375 0.070833
0 0.367188 0.106667 0.074375 0.095000
0 0.705625 0.125417 0.071250 0.122500
0 0.785937 0.315833 0.064375 0.070000
0 0.341875 0.872083 0.072500 0.105833
0 0.630000 0.076667 0.048750 0.080000
1 0.869062 0.888333 0.093125 0.101667
0 0.277813 0.427500 0.071875 0.103333
0 0.696875 0.519167 0.067500 0.091667
0 0.254063 0.092917 0.079375 0.102500
0 0.485000 0.702917 0.071250 0.095833
0 0.650625 0.671250 0.072500 0.092500
0 0.127188 0.119167 0.075625 0.103333
0 0.096562 0.455417 0.083125 0.095833
0 0.053125 0.503750 0.085000 0.102500
0 0.053437 0.348333 0.059375 0.073333
0 0.158438 0.264583 0.073125 0.087500
0 0.274687 0.785000 0.060625 0.083333
1 0.232813 0.769583 0.064375 0.115833
1 0.502812 0.906250 0.083125 0.097500
1 0.876875 0.758333 0.075000 0.126667
0 0.163125 0.636250 0.070000 0.099167
0 0.055625 0.420000 0.057500 0.076667
1 0.752188 0.316250 0.070625 0.097500
1 0.915937 0.475833 0.069375 0.100000
0 0.679063 0.506250 0.066875 0.082500
0 0.312812 0.216667 0.080625 0.095000
0 0.294063 0.382500 0.071875 0.101667
0 0.397188 0.209583 0.071875 0.065833
0 0.342813 0.089167 0.060625 0.078333
0 0.269375 0.062500 0.068750 0.093333
0 0.197187 0.137500 0.058125 0.081667
0 0.410000 0.154167 0.076250 0.101667
0 0.434063 0.067083 0.070625 0.065833
0 0.468750 0.107917 0.055000 0.069167
0 0.469062 0.155833 0.069375 0.080000
0 0.536875 0.130000 0.062500 0.085000
0 0.727812 0.055833 0.073125 0.080000
0 0.953125 0.267083 0.061250 0.067500
0 0.617812 0.044583 0.066875 0.079167
0 0.721250 0.215833 0.055000 0.093333
0 0.673750 0.275417 0.053750 0.084167
0 0.736875 0.247500 0.058750 0.075000
0 0.653125 0.290417 0.065000 0.089167
0 0.942500 0.881667 0.063750 0.095000
0 0.820312 0.712083 0.073125 0.090833
0 0.875000 0.601667 0.078750 0.083333
0 0.856250 0.517083 0.050000 0.082500
0 0.919687 0.532500 0.074375 0.076667
0 0.510625 0.845833 0.085000 0.083333
