3 0.665000 0.486667 0.083750 0.121667
0 0.755938 0.497500 0.073125 0.100000
0 0.639375 0.626667 0.075000 0.096667
0 0.860313 0.151667 0.073125 0.086667
0 0.271875 0.514583 0.082500 0.102500
0 0.048438 0.915417 0.073125 0.099167
0 0.615313 0.912083 0.080625 0.099167
0 0.568750 0.107917 0.076250 0.092500
0 0.154688 0.223333 0.073125 0.098333
0 0.578125 0.740000 0.076250 0.111667
0 0.231250 0.215833 0.076250 0.098333
0 0.950937 0.076667 0.071875 0.098333
0 0.846250 0.450000 0.070000 0.101667
0 0.474375 0.944167 0.075000 0.091667
0 0.093438 0.260000 0.056875 0.085000
0 0.464375 0.211250 0.077500 0.100833
0 0.355938 0.658333 0.078125 0.100000
0 0.611250 0.267083 0.082500 0.095833
0 0.669375 0.717083 0.075000 0.099167
0 0.037500 0.495000 0.073750 0.103333
0 0.947500 0.374583 0.070000 0.094167
0 0.923750 0.467917 0.078750 0.097500
0 0.116250 0.566667 0.077500 0.096667
0 0.111875 0.865000 0.078750 0.100000
0 0.964063 0.857917 0.071875 0.099167
0 0.834063 0.070833 0.066875 0.090000
0 0.882188 0.919167 0.055625 0.100000
0 0.931562 0.617917 0.084375 0.094167
0 0.869375 0.762917 0.076250 0.102500
0 0.221875 0.113750 0.065000 0.085833
2 0.874687 0.322917 0.084375 0.155833
0 0.269375 0.135417 0.076250 0.095833
0 0.095625 0.663750 0.076250 0.095833
0 0.108125 0.688333 0.072500 0.098333
0 0.964063 0.541667 0.071875 0.101667
