0 0.392813 0.106667 0.055625 0.078333
4 0.813750 0.372917 0.075000 0.107500
0 0.149062 0.140000 0.056875 0.081667
0 0.318437 0.780417 0.058125 0.085833
0 0.834375 0.139167 0.067500 0.088333
0 0.089688 0.797917 0.065625 0.089167
0 0.485938 0.674583 0.064375 0.087500
0 0.079062 0.619583 0.066875 0.087500
0 0.813438 0.566667 0.063125 0.088333
0 0.178750 0.871667 0.078750 0.105000
0 0.713750 0.527500 0.067500 0.085000
0 0.396875 0.205833 0.066250 0.081667
4 0.246562 0.711250 0.078125 0.109167
0 0.943438 0.885833 0.075625 0.103333
0 0.614375 0.644167 0.070000 0.086667
0 0.505000 0.873333 0.067500 0.086667
0 0.273750 0.110417 0.062500 0.090833
0 0.769687 0.272083 0.055625 0.084167
0 0.577500 0.762500 0.071250 0.090000
0 0.391250 0.778750 0.072500 0.084167
4 0.125312 0.564167 0.065625 0.095000
0 0.247188 0.272917 0.065625 0.067500
0 0.536875 0.054167 0.060000 0.081667
0 0.650625 0.301250 0.070000 0.102500
0 0.916875 0.363333 0.062500 0.090000
0 0.684688 0.887083 0.059375 0.085833
0 0.396562 0.573750 0.054375 0.129167
0 0.519375 0.581667 0.068750 0.118333
0 0.737500 0.370000 0.071250 0.088333
0 0.276250 0.423750 0.070000 0.089167
0 0.909687 0.597500 0.061875 0.096667
0 0.175313 0.567917 0.056875 0.079167
0 0.558125 0.129167 0.068750 0.093333
0 0.715313 0.290000 0.065625 0.088333
0 0.477812 0.471667 0.065625 0.095000
0 0.585938 0.555417 0.066875 0.094167
0 0.956562 0.536250 0.064375 0.090833
0 0.444375 0.412500 0.058750 0.088333
0 0.650000 0.173333 0.066250 0.091667
0 0.870938 0.577500 0.059375 0.100000
0 0.245000 0.171667 0.057500 0.090000
0 0.186875 0.493750 0.065000 0.094167
0 0.346875 0.392500 0.068750 0.093333
0 0.444688 0.300833 0.058125 0.106667
0 0.628437 0.530417 0.064375 0.087500
0 0.681250 0.097083 0.060000 0.100833
0 0.723437 0.776667 0.056875 0.116667
0 0.604375 0.485417 0.057500 0.080833
0 0.609688 0.380833 0.065625 0.105000
0 0.714375 0.217917 0.056250 0.130833
0 0.198125 0.447083 0.066250 0.085833
0 0.895938 0.260000 0.061875 0.110000
0 0.398438 0.410417 0.048125 0.097500
0 0.348750 0.351250 0.062500 0.077500
0 0.029063 0.536250 0.058125 0.120833
0 0.900000 0.283333 0.095000 0.075000
0 0.970938 0.591250 0.058125 0.082500
