0 0.479687 0.762500 0.056875 0.081667
0 0.348750 0.724583 0.065000 0.094167
0 0.689688 0.634583 0.073125 0.087500
0 0.527188 0.290417 0.069375 0.084167
0 0.634687 0.380000 0.073125 0.100000
0 0.899687 0.824583 0.065625 0.100833
0 0.870000 0.707083 0.066250 0.094167
0 0.786563 0.111250 0.066875 0.090833
0 0.113125 0.207917 0.057500 0.090833
0 0.181250 0.420417 0.063750 0.095833
0 0.732812 0.448333 0.056875 0.083333
0 0.151875 0.802917 0.061250 0.095833
0 0.637813 0.053750 0.061875 0.084167
0 0.491250 0.901667 0.067500 0.093333
0 0.458125 0.087083 0.068750 0.097500
0 0.795000 0.425000 0.070000 0.093333
0 0.060000 0.048750 0.072500 0.089167
0 0.684688 0.325000 0.056875 0.083333
0 0.223125 0.233750 0.070000 0.095833
0 0.596250 0.857083 0.068750 0.094167
0 0.079687 0.825000 0.073125 0.101667
0 0.899687 0.171250 0.068125 0.090833
0 0.325625 0.131250 0.062500 0.092500
3 0.769375 0.261667 0.082500 0.115000
0 0.954063 0.127917 0.061875 0.092500
0 0.164375 0.890000 0.068750 0.088333
0 0.225000 0.724167 0.080000 0.078333
0 0.044375 0.200417 0.078750 0.097500
0 0.614375 0.135833 0.066250 0.085000
0 0.104063 0.107083 0.058125 0.082500
0 0.519687 0.709583 0.075625 0.102500
0 0.286562 0.575833 0.078125 0.100000
0 0.647813 0.245417 0.074375 0.082500
0 0.079375 0.618750 0.076250 0.087500
0 0.915000 0.637500 0.072500 0.115000
0 0.377500 0.345417 0.070000 0.095833
0 0.943125 0.755000 0.062500 0.105000
0 0.097812 0.330417 0.063125 0.117500
0 0.669375 0.497917 0.070000 0.080833
0 0.457188 0.179167 0.066875 0.083333
0 0.724063 0.885833 0.059375 0.103333
1 0.880000 0.262500 0.087500 0.110000
3 0.230625 0.355417 0.105000 0.130833
0 0.517813 0.195833 0.066875 0.091667
0 0.730000 0.566250 0.046250 0.079167
0 0.497188 0.225000 0.073125 0.086667
0 0.117188 0.956667 0.066875 0.086667
