0 0.283750 0.059583 0.076250 0.104167
0 0.679063 0.220833 0.074375 0.106667
0 0.350625 0.128750 0.078750 0.097500
0 0.478438 0.605833 0.071875 0.101667
0 0.257188 0.622917 0.081875 0.105833
0 0.231875 0.070000 0.083750 0.098333
0 0.117188 0.097083 0.080625 0.095833
0 0.078437 0.061667 0.073125 0.101667
0 0.935000 0.670417 0.078750 0.099167
0 0.263125 0.744167 0.077500 0.100000
0 0.215625 0.562917 0.078750 0.112500
0 0.750938 0.875833 0.088125 0.110000
0 0.875000 0.466250 0.071250 0.099167
0 0.652188 0.615000 0.080625 0.088333
0 0.939688 0.451667 0.080625 0.101667
0 0.667188 0.519583 0.076875 0.105833
0 0.888125 0.839583 0.077500 0.094167
0 0.415000 0.573750 0.075000 0.104167
0 0.615625 0.891250 0.081250 0.090833
0 0.586875 0.862917 0.063750 0.099167
3 0.491250 0.116250 0.085000 0.115833
0 0.156875 0.200417 0.081250 0.102500
0 0.036562 0.163333 0.068125 0.095000
0 0.709688 0.402917 0.071875 0.092500
0 0.796562 0.114167 0.089375 0.105000
0 0.805000 0.709167 0.075000 0.106667
0 0.251563 0.392083 0.066875 0.099167
0 0.795625 0.608333 0.083750 0.096667
0 0.201563 0.315000 0.076875 0.088333
0 0.705625 0.879583 0.070000 0.099167
0 0.894375 0.217917 0.077500 0.099167
0 0.473438 0.878750 0.078125 0.094167
0 0.316875 0.560833 0.072500 0.095000
0 0.197813 0.759583 0.075625 0.094167
0 0.646875 0.705833 0.080000 0.100000
0 0.513750 0.203333 0.076250 0.093333
0 0.515000 0.924167 0.078750 0.098333
0 0.505313 0.476250 0.078125 0.107500
0 0.923438 0.315833 0.086875 0.098333
0 0.063125 0.722083 0.081250 0.100833
0 0.576250 0.621667 0.072500 0.106667
0 0.091250 0.752917 0.076250 0.102500
0 0.935312 0.569167 0.074375 0.103333
0 0.210938 0.397083 0.064375 0.094167
0 0.893125 0.407500 0.087500 0.091667
0 0.423750 0.942083 0.066250 0.090833
0 0.937187 0.783750 0.073125 0.095833
0 0.737187 0.315000 0.089375 0.105000
0 0.810000 0.553750 0.091250 0.090833
0 0.884687 0.917083 0.078125 0.099167
0 0.251250 0.493750 0.080000 0.100833
0 0.323750 0.726250 0.078750 0.107500
0 0.062500 0.345000 0.063750 0.115000
0 0.556875 0.451667 0.076250 0.100000
0 0.385000 0.477917 0.112500 0.080833
0 0.544375 0.517917 0.090000 0.094167
3 0.389062 0.879167 0.105625 0.151667
0 0.542188 0.604167 0.068125 0.095000
0 0.464062 0.812500 0.124375 0.091667
