0 0.861875 0.292917 0.061250 0.089167
0 0.917188 0.870000 0.056875 0.080000
0 0.450937 0.698333 0.074375 0.100000
0 0.625625 0.295000 0.061250 0.081667
0 0.274062 0.260417 0.064375 0.087500
0 0.069062 0.907083 0.060625 0.082500
0 0.951875 0.418750 0.071250 0.090833
0 0.630313 0.790000 0.063125 0.086667
0 0.285625 0.513750 0.072500 0.100833
0 0.380000 0.551667 0.073750 0.100000
0 0.114062 0.745000 0.069375 0.100000
0 0.113437 0.309167 0.064375 0.088333
0 0.133125 0.871250 0.067500 0.097500
0 0.921250 0.559583 0.060000 0.085833
0 0.334062 0.230000 0.058125 0.090000
0 0.072813 0.432083 0.065625 0.090833
0 0.640312 0.543333 0.059375 0.083333
0 0.551250 0.297083 0.061250 0.097500
0 0.405625 0.450417 0.052500 0.127500
0 0.823438 0.064583 0.071875 0.087500
0 0.718125 0.358333 0.067500 0.085000
0 0.198437 0.883333 0.061875 0.081667
0 0.058438 0.657500 0.058125 0.078333
0 0.938125 0.761250 0.060000 0.084167
0 0.257188 0.379583 0.064375 0.080833
0 0.321250 0.826667 0.060000 0.080000
0 0.425938 0.192083 0.058125 0.097500
0 0.937187 0.172083 0.066875 0.104167
4 0.059062 0.537083 0.073125 0.105833
0 0.548125 0.087500 0.066250 0.088333
0 0.205625 0.411667 0.062500 0.080000
0 0.345625 0.682083 0.062500 0.085833
0 0.137187 0.059583 0.056875 0.080833
0 0.549687 0.614583 0.071875 0.104167
0 0.867500 0.773750 0.068750 0.094167
0 0.588750 0.383333 0.065000 0.095000
0 0.822187 0.371667 0.065625 0.096667
0 0.772813 0.244167 0.064375 0.080000
0 0.858750 0.639167 0.071250 0.091667
0 0.248125 0.810417 0.066250 0.087500
1 0.664062 0.232500 0.070625 0.115000
0 0.214688 0.590833 0.053125 0.080000
0 0.314375 0.601667 0.066250 0.093333
0 0.521250 0.875417 0.071250 0.085833
0 0.764375 0.701250 0.051250 0.089167
0 0.393437 0.267500 0.070625 0.093333
0 0.108750 0.131250 0.060000 0.094167
0 0.045937 0.174167 0.066875 0.073333
0 0.545625 0.920833 0.062500 0.086667
1 0.605313 0.182083 0.075625 0.124167
0 0.295625 0.768333 0.065000 0.085000
0 0.858125 0.581667 0.066250 0.086667
0 0.448437 0.437917 0.063125 0.095833
0 0.800625 0.620417 0.067500 0.077500
0 0.598750 0.517083 0.058750 0.085833
0 0.807500 0.781250 0.065000 0.092500
0 0.824375 0.896250 0.058750 0.079167
0 0.544375 0.391250 0.051250 0.075833
3 0.172187 0.347917 0.083125 0.097500
0 0.255312 0.560000 0.060625 0.086667
0 0.914062 0.477917 0.076875 0.084167
0 0.448125 0.314167 0.061250 0.090000
0 0.145313 0.389167 0.056875 0.081667
0 0.505625 0.442500 0.062500 0.086667
