0 0.711562 0.830000 0.060625 0.076667
0 0.790000 0.391667 0.062500 0.090000
0 0.451562 0.360417 0.061875 0.087500
0 0.069687 0.180417 0.068125 0.092500
0 0.929375 0.458750 0.061250 0.089167
0 0.237813 0.317500 0.060625 0.083333
0 0.972500 0.395833 0.055000 0.088333
0 0.251563 0.571250 0.064375 0.084167
0 0.522500 0.818333 0.061250 0.081667
0 0.100625 0.742917 0.067500 0.107500
0 0.704688 0.712500 0.063125 0.085000
0 0.839375 0.922083 0.056250 0.082500
0 0.317500 0.476667 0.077500 0.101667
0 0.295938 0.886667 0.079375 0.088333
4 0.417500 0.701667 0.072500 0.088333
0 0.225000 0.087083 0.073750 0.087500
0 0.192500 0.906667 0.070000 0.091667
0 0.950313 0.704583 0.075625 0.089167
0 0.530312 0.385000 0.054375 0.081667
0 0.608750 0.708333 0.072500 0.085000
0 0.107500 0.287500 0.061250 0.083333
0 0.355312 0.283750 0.073125 0.077500
0 0.743125 0.315833 0.067500 0.090000
0 0.291875 0.200417 0.055000 0.090833
0 0.738125 0.917917 0.076250 0.107500
0 0.650312 0.537917 0.060625 0.077500
0 0.394688 0.890833 0.065625 0.083333
0 0.400938 0.066250 0.061875 0.080833
0 0.234375 0.199583 0.065000 0.084167
0 0.345313 0.680833 0.065625 0.083333
0 0.165000 0.608333 0.056250 0.081667
0 0.432500 0.194167 0.056250 0.085000
0 0.372500 0.196667 0.065000 0.095000
0 0.575313 0.849167 0.059375 0.081667
0 0.873437 0.412500 0.065625 0.081667
0 0.855000 0.721667 0.072500 0.098333
0 0.562500 0.572500 0.075000 0.100000
0 0.785000 0.864583 0.060000 0.082500
0 0.728750 0.072083 0.067500 0.079167
0 0.060000 0.465833 0.065000 0.086667
0 0.116875 0.852917 0.076250 0.085833
0 0.918438 0.315833 0.060625 0.083333
0 0.676875 0.479583 0.058750 0.077500
0 0.181250 0.442083 0.076250 0.095833
0 0.644062 0.083333 0.061875 0.080000
0 0.555000 0.455833 0.063750 0.085000
0 0.801562 0.732500 0.065625 0.096667
0 0.080000 0.415417 0.076250 0.099167
0 0.270000 0.853750 0.072500 0.094167
0 0.623437 0.609583 0.063125 0.090833
0 0.674375 0.939167 0.061250 0.073333
0 0.851875 0.327083 0.057500 0.074167
0 0.443750 0.793333 0.065000 0.081667
0 0.942813 0.615417 0.053125 0.089167
0 0.794375 0.076667 0.053750 0.058333
