0 0.954688 0.585417 0.061875 0.082500
0 0.163438 0.588333 0.063125 0.088333
0 0.846562 0.911667 0.065625 0.091667
0 0.551562 0.537917 0.064375 0.074167
0 0.079062 0.473333 0.070625 0.083333
0 0.055625 0.812500 0.080000 0.083333
0 0.570312 0.362083 0.069375 0.084167
0 0.344687 0.770000 0.066875 0.081667
0 0.514375 0.840417 0.071250 0.074167
0 0.499375 0.930833 0.058750 0.083333
0 0.941875 0.452917 0.070000 0.079167
0 0.851562 0.582917 0.075625 0.087500
0 0.494375 0.765833 0.062500 0.078333
0 0.147813 0.729167 0.076875 0.078333
0 0.540937 0.663750 0.071875 0.077500
0 0.397500 0.923750 0.077500 0.084167
0 0.407500 0.832500 0.075000 0.078333
0 0.674375 0.610833 0.072500 0.071667
0 0.537188 0.148333 0.060625 0.086667
0 0.735625 0.139583 0.080000 0.080833
0 0.082500 0.588333 0.075000 0.090000
0 0.703438 0.817083 0.086875 0.082500
0 0.648125 0.524167 0.073750 0.078333
0 0.049063 0.366250 0.074375 0.060833
0 0.730000 0.890417 0.068750 0.085833
0 0.709688 0.425833 0.059375 0.086667
0 0.205625 0.386667 0.067500 0.080000
0 0.245312 0.575417 0.060625 0.075833
0 0.719375 0.716667 0.077500 0.078333
0 0.828125 0.087083 0.072500 0.074167
0 0.168125 0.467500 0.070000 0.088333
0 0.806562 0.831250 0.066875 0.084167
0 0.571562 0.917083 0.074375 0.090833
0 0.868437 0.770000 0.071875 0.071667
0 0.852812 0.461667 0.063125 0.088333
0 0.052187 0.162500 0.070625 0.086667
0 0.554375 0.456250 0.065000 0.074167
0 0.839063 0.683750 0.054375 0.070833
0 0.782188 0.536667 0.078125 0.073333
0 0.476562 0.380833 0.078125 0.081667
0 0.430312 0.622500 0.084375 0.080000
0 0.618750 0.092917 0.071250 0.070833
0 0.952500 0.890000 0.076250 0.078333
0 0.559688 0.247083 0.068125 0.085833
0 0.164062 0.216667 0.093125 0.066667
0 0.886875 0.677917 0.058750 0.095833
0 0.393437 0.489167 0.073125 0.065000
0 0.195625 0.138333 0.078750 0.081667
0 0.192500 0.301250 0.097500 0.072500
0 0.459688 0.514167 0.074375 0.078333
0 0.229375 0.666250 0.077500 0.079167
0 0.127188 0.389583 0.061875 0.079167
0 0.945937 0.693333 0.053125 0.100000
0 0.149062 0.822917 0.090625 0.069167
0 0.617500 0.734583 0.048750 0.067500
0 0.901250 0.130000 0.067500 0.081667
0 0.965000 0.375833 0.068750 0.073333
0 0.228437 0.913333 0.080625 0.068333
0 0.367500 0.145417 0.062500 0.079167
6 0.339062 0.266250 0.059375 0.082500
4 0.632812 0.445833 0.063125 0.083333
