0 0.611875 0.235000 0.060000 0.083333
0 0.070000 0.777917 0.067500 0.087500
0 0.226875 0.327500 0.078750 0.091667
0 0.816875 0.118750 0.070000 0.087500
0 0.329375 0.845833 0.063750 0.093333
0 0.128125 0.923750 0.073750 0.104167
0 0.822500 0.309583 0.065000 0.092500
0 0.465313 0.369583 0.066875 0.092500
0 0.528125 0.465000 0.061250 0.088333
0 0.588750 0.330833 0.055000 0.083333
0 0.685937 0.065000 0.070625 0.085000
0 0.342500 0.550000 0.076250 0.101667
0 0.908438 0.206667 0.066875 0.091667
0 0.810000 0.792083 0.066250 0.087500
0 0.536563 0.569583 0.058125 0.085833
0 0.389688 0.112917 0.055625 0.090833
0 0.527813 0.242500 0.065625 0.088333
0 0.106250 0.652083 0.082500 0.102500
0 0.330313 0.185833 0.061875 0.086667
0 0.451562 0.556250 0.068125 0.107500
0 0.120938 0.452083 0.061875 0.095833
0 0.797188 0.436667 0.075625 0.095000
0 0.277500 0.677917 0.071250 0.092500
0 0.237813 0.611250 0.061875 0.089167
0 0.513125 0.059167 0.067500 0.100000
0 0.636250 0.154167 0.060000 0.086667
0 0.271875 0.065833 0.055000 0.070000
3 0.777500 0.516667 0.085000 0.116667
0 0.230000 0.235833 0.058750 0.085000
0 0.064687 0.441250 0.061875 0.082500
0 0.160312 0.820000 0.059375 0.091667
0 0.685312 0.686250 0.061875 0.104167
4 0.770625 0.713333 0.067500 0.115000
0 0.919063 0.616667 0.074375 0.103333
0 0.370625 0.235000 0.072500 0.101667
0 0.416875 0.641250 0.066250 0.082500
0 0.940937 0.960417 0.061875 0.079167
0 0.721562 0.307917 0.065625 0.097500
0 0.437188 0.192083 0.065625 0.114167
0 0.910937 0.925833 0.065625 0.088333
0 0.180312 0.793333 0.071875 0.096667
0 0.222500 0.406250 0.051250 0.077500
