4 0.575937 0.783333 0.074375 0.090000
0 0.632812 0.306250 0.056875 0.079167
0 0.120625 0.286667 0.058750 0.080000
0 0.352500 0.076250 0.058750 0.089167
0 0.871563 0.297500 0.059375 0.081667
0 0.692500 0.755833 0.055000 0.090000
0 0.222812 0.715833 0.058125 0.086667
0 0.883750 0.151250 0.060000 0.079167
0 0.272500 0.257917 0.070000 0.090833
4 0.209375 0.180000 0.071250 0.103333
0 0.154688 0.705833 0.061875 0.073333
4 0.394688 0.627917 0.081875 0.100833
0 0.079687 0.767917 0.060625 0.087500
0 0.431563 0.817917 0.059375 0.084167
0 0.192812 0.274583 0.070625 0.085833
0 0.278438 0.166250 0.060625 0.082500
0 0.707812 0.602917 0.063125 0.085833
0 0.769375 0.773750 0.070000 0.100833
0 0.883125 0.377917 0.063750 0.079167
0 0.927500 0.848333 0.052500 0.076667
0 0.530312 0.400417 0.060625 0.082500
0 0.065937 0.151667 0.065625 0.081667
0 0.694063 0.275000 0.071875 0.088333
0 0.801875 0.687500 0.058750 0.085000
0 0.745000 0.134583 0.067500 0.077500
0 0.134063 0.162917 0.058125 0.079167
0 0.373750 0.741667 0.068750 0.088333
0 0.455000 0.422917 0.058750 0.079167
0 0.085000 0.839167 0.061250 0.088333
0 0.183125 0.605833 0.061250 0.080000
0 0.340000 0.223333 0.066250 0.116667
0 0.042813 0.518333 0.070625 0.091667
0 0.467813 0.218750 0.066875 0.085833
0 0.876250 0.803333 0.055000 0.088333
0 0.258125 0.894167 0.053750 0.078333
0 0.532188 0.186667 0.069375 0.093333
0 0.705313 0.482500 0.083125 0.103333
4 0.354063 0.797917 0.080625 0.085833
0 0.421875 0.387500 0.060000 0.071667
0 0.471875 0.661667 0.061250 0.078333
0 0.434688 0.210417 0.069375 0.089167
0 0.375000 0.432917 0.063750 0.082500
0 0.376563 0.874167 0.065625 0.078333
0 0.654062 0.107083 0.068125 0.089167
0 0.285313 0.457500 0.065625 0.088333
0 0.212188 0.570833 0.051875 0.093333
0 0.622812 0.186250 0.063125 0.114167
0 0.496250 0.729167 0.065000 0.086667
0 0.314375 0.893750 0.060000 0.087500
0 0.665937 0.857917 0.064375 0.070833
0 0.824375 0.469583 0.058750 0.094167
0 0.287813 0.079167 0.068125 0.091667
0 0.764375 0.434167 0.056250 0.075000
0 0.868125 0.471667 0.065000 0.080000
0 0.493125 0.355417 0.065000 0.087500
0 0.768750 0.297083 0.067500 0.090833
0 0.256250 0.576667 0.068750 0.086667
0 0.556562 0.697500 0.058125 0.080000
0 0.708125 0.177083 0.067500 0.082500
0 0.031563 0.869583 0.061875 0.089167
0 0.667813 0.200417 0.070625 0.095833
0 0.268437 0.512500 0.065625 0.075000
