0 0.790937 0.216250 0.065625 0.089167
0 0.633437 0.190417 0.068125 0.094167
0 0.474062 0.322917 0.073125 0.097500
0 0.924063 0.362083 0.070625 0.079167
0 0.280000 0.224167 0.056250 0.071667
0 0.182812 0.143333 0.071875 0.101667
0 0.150625 0.537083 0.071250 0.095833
0 0.040938 0.895417 0.059375 0.079167
0 0.639687 0.322917 0.070625 0.087500
0 0.403438 0.303333 0.069375 0.091667
0 0.879062 0.283750 0.075625 0.097500
0 0.212500 0.485833 0.063750 0.078333
0 0.696250 0.617500 0.056250 0.083333
0 0.293438 0.149583 0.075625 0.085833
0 0.622500 0.425000 0.063750 0.085000
0 0.268750 0.589583 0.073750 0.090833
0 0.841250 0.862917 0.068750 0.090833
0 0.422812 0.157917 0.075625 0.090833
0 0.578125 0.747083 0.062500 0.082500
0 0.849063 0.149583 0.054375 0.074167
0 0.132500 0.848333 0.071250 0.091667
0 0.690625 0.720000 0.070000 0.076667
0 0.572812 0.488750 0.059375 0.079167
1 0.831875 0.724583 0.078750 0.104167
0 0.304688 0.519167 0.063125 0.073333
0 0.789375 0.407917 0.072500 0.090833
0 0.360625 0.540000 0.058750 0.075000
0 0.293750 0.928750 0.061250 0.085833
0 0.402500 0.088750 0.057500 0.077500
0 0.531563 0.299167 0.053125 0.080000
0 0.452813 0.820417 0.059375 0.074167
0 0.535312 0.110417 0.064375 0.089167
0 0.041250 0.565833 0.066250 0.078333
0 0.866563 0.619167 0.068125 0.078333
0 0.782188 0.710833 0.059375 0.086667
0 0.688750 0.442917 0.073750 0.094167
0 0.178750 0.310000 0.058750 0.075000
0 0.555312 0.156250 0.065625 0.072500
0 0.547813 0.806667 0.056875 0.071667
0 0.885312 0.122500 0.063125 0.085000
0 0.097500 0.329167 0.057500 0.073333
0 0.123438 0.627083 0.055625 0.070833
0 0.175000 0.664583 0.051250 0.067500
0 0.897813 0.735833 0.069375 0.098333
0 0.717812 0.198750 0.071875 0.095833
0 0.347813 0.576250 0.068125 0.095833
0 0.185000 0.410000 0.068750 0.080000
0 0.940000 0.617083 0.067500 0.090833
0 0.521875 0.737917 0.058750 0.082500
0 0.430937 0.512500 0.060625 0.071667
0 0.516250 0.510417 0.061250 0.094167
1 0.464687 0.648333 0.071875 0.095000
0 0.071563 0.647500 0.055625 0.073333
0 0.043750 0.705417 0.060000 0.080833
0 0.744062 0.797500 0.049375 0.073333
0 0.725313 0.932500 0.068125 0.073333
0 0.418125 0.603750 0.067500 0.082500
0 0.933438 0.532917 0.064375 0.070833
0 0.649687 0.955833 0.053125 0.080000
0 0.662188 0.791250 0.051875 0.077500
0 0.050313 0.807500 0.068125 0.073333
0 0.930625 0.454167 0.068750 0.080000
0 0.925312 0.187917 0.058125 0.060833
0 0.430625 0.677917 0.057500 0.060833
0 0.053437 0.398333 0.063125 0.073333
0 0.112500 0.702500 0.052500 0.071667
0 0.948125 0.097917 0.068750 0.089167
0 0.391250 0.834583 0.061250 0.072500
6 0.361563 0.219583 0.113125 0.080833
0 0.466875 0.040417 0.073750 0.080833
0 0.261250 0.473333 0.050000 0.078333
0 0.591875 0.866250 0.052500 0.065833
0 0.879687 0.947917 0.060625 0.067500
0 0.440937 0.753333 0.064375 0.073333
0 0.276250 0.676250 0.060000 0.084167
0 0.964375 0.047500 0.050000 0.066667
0 0.949688 0.074583 0.081875 0.079167
0 0.892500 0.077917 0.070000 0.077500
0 0.408438 0.707917 0.048125 0.064167
0 0.260000 0.722083 0.076250 0.089167
0 0.715625 0.871667 0.060000 0.076667
0 0.674687 0.856667 0.050625 0.068333
0 0.643125 0.882500 0.052500 0.063333
0 0.032813 0.183750 0.058125 0.077500
