0 0.912813 0.450833 0.064375 0.083333
0 0.689375 0.894583 0.062500 0.085833
0 0.168125 0.255833 0.063750 0.086667
0 0.505625 0.255833 0.068750 0.095000
0 0.226875 0.824583 0.067500 0.082500
0 0.438750 0.114583 0.061250 0.072500
0 0.184688 0.125417 0.070625 0.095833
0 0.817813 0.591250 0.070625 0.080833
0 0.123438 0.180833 0.060625 0.085000
0 0.825313 0.362500 0.068125 0.080000
0 0.673438 0.177083 0.074375 0.080833
0 0.640938 0.740417 0.064375 0.089167
0 0.041563 0.868750 0.068125 0.084167
0 0.346250 0.875833 0.071250 0.086667
0 0.385000 0.516667 0.066250 0.080000
0 0.167187 0.884583 0.064375 0.089167
0 0.405625 0.600417 0.068750 0.085833
0 0.748437 0.819583 0.068125 0.094167
0 0.333750 0.784583 0.077500 0.095833
0 0.792500 0.111250 0.070000 0.087500
0 0.074063 0.145833 0.066875 0.086667
0 0.888750 0.832917 0.061250 0.095833
0 0.068750 0.527083 0.060000 0.094167
0 0.902500 0.150000 0.073750 0.085000
0 0.175937 0.435833 0.076875 0.080000
0 0.339375 0.354167 0.062500 0.071667
0 0.896563 0.728333 0.074375 0.080000
0 0.652813 0.590833 0.069375 0.086667
0 0.250312 0.174583 0.053125 0.069167
0 0.243125 0.259583 0.063750 0.089167
0 0.560000 0.325000 0.072500 0.090000
0 0.050000 0.673750 0.068750 0.084167
0 0.575937 0.166667 0.063125 0.085000
0 0.724063 0.716667 0.080625 0.081667
0 0.767813 0.315000 0.065625 0.085000
0 0.841875 0.224583 0.063750 0.104167
0 0.620000 0.924583 0.060000 0.082500
0 0.767500 0.905000 0.065000 0.081667
0 0.485312 0.350000 0.069375 0.093333
0 0.086250 0.799583 0.068750 0.087500
0 0.168750 0.537917 0.056250 0.097500
0 0.956562 0.352083 0.061875 0.082500
0 0.167813 0.366250 0.065625 0.079167
0 0.486250 0.167917 0.050000 0.075833
0 0.231563 0.342500 0.074375 0.096667
0 0.678438 0.250000 0.066875 0.086667
0 0.905625 0.290833 0.068750 0.068333
0 0.583750 0.392500 0.082500 0.098333
0 0.744062 0.406667 0.066875 0.083333
0 0.063437 0.745417 0.066875 0.074167
0 0.647500 0.091250 0.073750 0.079167
0 0.650000 0.490417 0.071250 0.087500
0 0.807813 0.431250 0.070625 0.077500
0 0.076250 0.354167 0.047500 0.100000
0 0.134687 0.322083 0.068125 0.082500
0 0.608437 0.611667 0.066875 0.090000
0 0.798125 0.223333 0.071250 0.091667
0 0.445312 0.391250 0.053125 0.085833
0 0.652813 0.402917 0.060625 0.074167
0 0.955625 0.530833 0.066250 0.073333
0 0.212188 0.584167 0.068125 0.100000
0 0.511563 0.899167 0.069375 0.083333
0 0.397500 0.397500 0.063750 0.100000
0 0.484063 0.506250 0.065625 0.094167
0 0.252500 0.498333 0.072500 0.096667
0 0.939063 0.886250 0.050625 0.072500
0 0.619687 0.063750 0.078125 0.089167
0 0.654062 0.333333 0.064375 0.088333
0 0.243438 0.612500 0.050625 0.080000
0 0.270313 0.533750 0.073125 0.070833
0 0.727500 0.333333 0.063750 0.095000
0 0.607500 0.464583 0.072500 0.082500
0 0.460313 0.952500 0.059375 0.093333
0 0.382188 0.260000 0.050625 0.070000
0 0.911250 0.234167 0.066250 0.080000
1 0.436563 0.196250 0.053125 0.089167
0 0.053750 0.055833 0.061250 0.078333
0 0.386562 0.202500 0.041875 0.081667
0 0.488438 0.452500 0.074375 0.070000
