0 0.057500 0.325417 0.068750 0.102500
0 0.370000 0.636667 0.058750 0.083333
0 0.421875 0.245000 0.066250 0.098333
0 0.859688 0.183333 0.065625 0.088333
0 0.371875 0.075000 0.067500 0.108333
0 0.954375 0.094167 0.066250 0.081667
0 0.924687 0.209167 0.064375 0.086667
0 0.309063 0.629167 0.058125 0.080000
0 0.505313 0.834583 0.055625 0.075833
0 0.565000 0.161667 0.070000 0.098333
0 0.727500 0.216250 0.055000 0.074167
0 0.790625 0.142917 0.066250 0.072500
0 0.687500 0.152083 0.055000 0.070833
0 0.946875 0.653333 0.063750 0.088333
0 0.656875 0.867083 0.052500 0.075833
0 0.351875 0.910000 0.052500 0.083333
0 0.467187 0.763333 0.076875 0.105000
0 0.226875 0.476667 0.070000 0.088333
0 0.609375 0.196250 0.058750 0.077500
0 0.427812 0.691667 0.075625 0.093333
0 0.325625 0.721667 0.066250 0.083333
0 0.775000 0.400000 0.056250 0.076667
0 0.890938 0.376667 0.066875 0.080000
0 0.656563 0.335417 0.061875 0.087500
0 0.314375 0.203750 0.075000 0.097500
0 0.761250 0.919167 0.063750 0.086667
0 0.820000 0.565833 0.060000 0.076667
0 0.488125 0.086667 0.065000 0.075000
0 0.215938 0.068333 0.060625 0.088333
0 0.688750 0.705417 0.060000 0.100833
0 0.086875 0.573333 0.067500 0.106667
0 0.045312 0.726250 0.058125 0.085833
0 0.432188 0.419167 0.058125 0.080000
0 0.878437 0.860833 0.068125 0.083333
0 0.035000 0.937917 0.058750 0.087500
0 0.588125 0.359583 0.060000 0.072500
0 0.678125 0.801667 0.058750 0.083333
0 0.571875 0.840417 0.061250 0.087500
0 0.721875 0.887083 0.073750 0.094167
0 0.450625 0.514167 0.067500 0.080000
0 0.759375 0.307083 0.056250 0.087500
0 0.107813 0.665417 0.069375 0.074167
0 0.031875 0.591250 0.056250 0.079167
0 0.710313 0.421250 0.054375 0.075833
0 0.802813 0.681250 0.065625 0.089167
0 0.142187 0.747917 0.068125 0.100833
0 0.755000 0.577917 0.063750 0.089167
0 0.402813 0.806250 0.063125 0.095833
0 0.265625 0.867500 0.066250 0.085000
0 0.442188 0.104583 0.058125 0.079167
0 0.341250 0.554583 0.056250 0.080833
0 0.285625 0.777500 0.067500 0.076667
0 0.085625 0.048750 0.057500 0.077500
0 0.571875 0.589583 0.058750 0.077500
0 0.193750 0.790833 0.065000 0.086667
0 0.797813 0.480000 0.055625 0.076667
0 0.636563 0.298750 0.055625 0.084167
0 0.500000 0.319167 0.075000 0.071667
0 0.455313 0.611250 0.066875 0.082500
0 0.624375 0.794167 0.060000 0.111667
0 0.410313 0.902917 0.053125 0.084167
0 0.738750 0.087917 0.060000 0.075833
0 0.295000 0.464583 0.070000 0.095833
0 0.914375 0.267500 0.068750 0.088333
0 0.338750 0.374167 0.052500 0.070000
0 0.880313 0.667917 0.059375 0.085833
0 0.510000 0.651667 0.060000 0.083333
0 0.140937 0.862500 0.055625 0.090000
0 0.513750 0.406250 0.063750 0.087500
0 0.542813 0.740417 0.063125 0.074167
0 0.276250 0.529167 0.061250 0.086667
0 0.576250 0.263333 0.050000 0.070000
0 0.280625 0.117917 0.065000 0.079167
0 0.157188 0.295000 0.059375 0.075000
0 0.697187 0.939583 0.054375 0.085833
0 0.504062 0.277500 0.056875 0.075000
0 0.967812 0.313333 0.049375 0.081667
0 0.361875 0.287917 0.067500 0.084167
0 0.673438 0.226250 0.061875 0.072500
0 0.759375 0.668333 0.072500 0.078333
0 0.100312 0.491667 0.059375 0.080000
0 0.549375 0.938750 0.058750 0.079167
0 0.188438 0.443750 0.061875 0.104167
0 0.210000 0.954167 0.055000 0.080000
0 0.099062 0.909583 0.055625 0.089167
0 0.300625 0.250000 0.058750 0.083333
0 0.160312 0.585833 0.061875 0.085000
0 0.806250 0.241250 0.057500 0.085833
0 0.626250 0.079167 0.061250 0.078333
0 0.335938 0.841250 0.054375 0.089167
0 0.472187 0.182083 0.061875 0.077500
0 0.711875 0.487500 0.066250 0.083333
0 0.185625 0.160833 0.062500 0.075000
0 0.462187 0.928750 0.060625 0.079167
0 0.246250 0.661667 0.061250 0.066667
0 0.221562 0.876250 0.063125 0.072500
0 0.253125 0.735000 0.061250 0.090000
0 0.129688 0.218750 0.056875 0.072500
0 0.924375 0.560000 0.068750 0.098333
0 0.211875 0.389583 0.062500 0.079167
0 0.510000 0.450417 0.068750 0.082500
0 0.216562 0.258333 0.064375 0.081667
0 0.770000 0.783750 0.062500 0.089167
0 0.912500 0.745000 0.051250 0.085000
0 0.409062 0.353333 0.081875 0.058333
0 0.639375 0.944583 0.061250 0.084167
0 0.966562 0.787917 0.058125 0.070833
0 0.637188 0.490000 0.060625 0.066667
0 0.826875 0.814583 0.055000 0.069167
0 0.046250 0.148333 0.067500 0.076667
0 0.209063 0.661667 0.056875 0.081667
0 0.830313 0.953333 0.056875 0.075000
0 0.905625 0.455000 0.060000 0.065000
0 0.967187 0.452500 0.060625 0.081667
0 0.051250 0.856250 0.048750 0.070833
0 0.100000 0.951250 0.051250 0.089167
0 0.245000 0.920000 0.056250 0.086667
0 0.185625 0.945000 0.060000 0.080000
0 0.670000 0.714167 0.055000 0.080000
0 0.652188 0.644583 0.058125 0.077500
0 0.635000 0.616250 0.056250 0.092500
0 0.568750 0.746667 0.062500 0.083333
0 0.500000 0.861667 0.053750 0.090000
0 0.419375 0.880000 0.050000 0.076667
0 0.437188 0.906667 0.051875 0.088333
0 0.617812 0.954167 0.053125 0.071667
0 0.584688 0.927500 0.064375 0.068333
0 0.609062 0.935833 0.066875 0.081667
0 0.561250 0.905000 0.060000 0.080000
0 0.599063 0.827083 0.064375 0.072500
0 0.571875 0.724583 0.061250 0.097500
0 0.542188 0.659167 0.061875 0.071667
0 0.601875 0.597083 0.061250 0.070833
0 0.816875 0.665833 0.051250 0.090000
0 0.793750 0.811250 0.050000 0.095833
0 0.769062 0.824583 0.053125 0.064167
0 0.848750 0.865000 0.062500 0.076667
0 0.814063 0.860417 0.065625 0.085833
0 0.852187 0.956250 0.064375 0.072500
0 0.716875 0.395417 0.051250 0.085833
0 0.859062 0.488750 0.055625 0.089167
0 0.734062 0.541667 0.063125 0.078333
0 0.940000 0.387083 0.065000 0.087500
0 0.780625 0.435833 0.061250 0.080000
0 0.810000 0.514167 0.062500 0.081667
0 0.955313 0.585833 0.064375 0.075000
0 0.947812 0.504583 0.058125 0.087500
0 0.885000 0.475417 0.061250 0.089167
0 0.873750 0.517500 0.047500 0.081667
0 0.897813 0.574167 0.066875 0.078333
0 0.891250 0.728333 0.057500 0.090000
0 0.886875 0.700833 0.048750 0.088333
0 0.317812 0.810000 0.073125 0.080000
0 0.038750 0.814167 0.068750 0.081667
0 0.065625 0.826667 0.066250 0.076667
0 0.035937 0.446667 0.056875 0.066667
0 0.192188 0.305833 0.070625 0.078333
0 0.444688 0.142917 0.064375 0.095833
0 0.488750 0.244583 0.057500 0.074167
0 0.382188 0.294167 0.064375 0.090000
0 0.413750 0.389167 0.061250 0.081667
0 0.355000 0.494167 0.050000 0.105000
0 0.065000 0.730833 0.056250 0.081667
0 0.143125 0.807083 0.048750 0.085833
0 0.175313 0.857917 0.064375 0.082500
0 0.215000 0.726667 0.056250 0.063333
0 0.085625 0.640000 0.057500 0.083333
0 0.176250 0.564583 0.058750 0.070833
0 0.050000 0.397917 0.068750 0.095833
0 0.126562 0.510417 0.055625 0.080833
0 0.156875 0.535417 0.060000 0.084167
0 0.224062 0.362917 0.065625 0.077500
0 0.253125 0.383750 0.060000 0.067500
0 0.422187 0.516250 0.061875 0.090833
0 0.395000 0.765000 0.055000 0.081667
0 0.384688 0.724583 0.084375 0.077500
0 0.247812 0.119583 0.064375 0.072500
0 0.310625 0.131250 0.061250 0.069167
0 0.152812 0.249583 0.056875 0.087500
0 0.247188 0.216250 0.068125 0.082500
0 0.095000 0.201667 0.055000 0.076667
0 0.066562 0.225000 0.064375 0.083333
0 0.168750 0.134167 0.060000 0.075000
0 0.146875 0.140000 0.071250 0.066667
0 0.113750 0.145833 0.061250 0.085000
0 0.278438 0.276250 0.051875 0.080833
0 0.316875 0.362500 0.068750 0.078333
0 0.286250 0.355417 0.058750 0.085833
0 0.670937 0.150833 0.064375 0.065000
0 0.710625 0.058333 0.067500 0.093333
0 0.724375 0.095000 0.071250 0.068333
0 0.818125 0.058750 0.070000 0.084167
0 0.848437 0.092500 0.065625 0.070000
0 0.885625 0.108750 0.057500 0.069167
0 0.780625 0.275833 0.076250 0.065000
0 0.970938 0.220417 0.053125 0.085833
0 0.916562 0.170417 0.055625 0.092500
0 0.555937 0.042917 0.063125 0.082500
0 0.030000 0.185417 0.060000 0.085833
0 0.340625 0.527500 0.050000 0.080000
0 0.388750 0.456250 0.068750 0.109167
0 0.362812 0.455417 0.060625 0.069167
0 0.579063 0.454167 0.064375 0.066667
0 0.602812 0.403333 0.059375 0.093333
0 0.583125 0.308750 0.080000 0.084167
0 0.647188 0.236250 0.065625 0.087500
0 0.611563 0.500000 0.065625 0.075000
0 0.645312 0.565833 0.055625 0.088333
0 0.780000 0.166667 0.055000 0.078333
0 0.799063 0.177083 0.053125 0.080833
0 0.951875 0.339167 0.058750 0.080000
0 0.961562 0.357083 0.063125 0.074167
0 0.834063 0.595833 0.063125 0.080000
0 0.070625 0.800000 0.067500 0.088333
0 0.626250 0.046667 0.070000 0.081667
0 0.592187 0.075000 0.070625 0.078333
0 0.493750 0.613333 0.070000 0.083333
0 0.513750 0.587500 0.052500 0.078333
0 0.536563 0.452083 0.066875 0.085833
