0 0.844063 0.916667 0.069375 0.095000
0 0.730625 0.848750 0.062500 0.085833
0 0.609688 0.890417 0.059375 0.082500
0 0.940312 0.162083 0.068125 0.104167
0 0.775000 0.909583 0.061250 0.084167
0 0.406250 0.156250 0.061250 0.087500
0 0.070625 0.816667 0.066250 0.105000
0 0.105313 0.916250 0.065625 0.099167
0 0.248125 0.149583 0.058750 0.084167
0 0.906250 0.865000 0.068750 0.093333
0 0.909687 0.791667 0.054375 0.081667
0 0.212812 0.724167 0.063125 0.096667
0 0.167500 0.880417 0.061250 0.095833
0 0.234375 0.555833 0.063750 0.085000
0 0.583125 0.660000 0.065000 0.098333
0 0.464687 0.814167 0.059375 0.086667
0 0.307812 0.204167 0.058125 0.081667
0 0.442500 0.671250 0.068750 0.082500
0 0.688750 0.114167 0.065000 0.078333
0 0.519687 0.621250 0.059375 0.084167
0 0.794375 0.730417 0.070000 0.087500
0 0.518125 0.701667 0.056250 0.085000
0 0.890625 0.550833 0.058750 0.086667
0 0.802188 0.258750 0.068125 0.089167
0 0.694063 0.200417 0.059375 0.084167
0 0.411562 0.272083 0.068125 0.072500
0 0.865625 0.132500 0.068750 0.090000
0 0.674063 0.388333 0.064375 0.101667
0 0.133125 0.394167 0.062500 0.076667
0 0.421875 0.946250 0.063750 0.082500
0 0.934375 0.094167 0.058750 0.088333
0 0.864375 0.696250 0.046250 0.085833
0 0.597187 0.709167 0.056875 0.078333
0 0.136250 0.047083 0.066250 0.087500
0 0.265313 0.420000 0.068125 0.080000
0 0.276562 0.727917 0.060625 0.084167
0 0.542500 0.851250 0.067500 0.077500
0 0.406562 0.771667 0.073125 0.096667
0 0.045312 0.115000 0.068125 0.075000
0 0.326875 0.122500 0.081250 0.090000
0 0.202187 0.637917 0.064375 0.072500
0 0.164687 0.772083 0.065625 0.074167
0 0.464687 0.575417 0.059375 0.087500
0 0.779687 0.778333 0.065625 0.080000
0 0.381875 0.597500 0.067500 0.081667
0 0.152812 0.335833 0.059375 0.080000
0 0.339375 0.679583 0.061250 0.092500
0 0.076563 0.298750 0.065625 0.087500
0 0.683125 0.542083 0.058750 0.085833
0 0.543750 0.281250 0.061250 0.072500
0 0.820312 0.363333 0.056875 0.071667
0 0.280000 0.632500 0.055000 0.080000
0 0.660937 0.830417 0.056875 0.080833
0 0.546875 0.347500 0.061250 0.083333
0 0.101250 0.182500 0.063750 0.088333
0 0.925625 0.642500 0.067500 0.085000
0 0.439375 0.851250 0.070000 0.092500
0 0.100937 0.491250 0.079375 0.085833
0 0.785312 0.112083 0.055625 0.075833
0 0.745938 0.462917 0.060625 0.075833
0 0.381875 0.927500 0.057500 0.083333
0 0.519687 0.888333 0.054375 0.085000
0 0.773750 0.245833 0.067500 0.093333
0 0.192500 0.326250 0.071250 0.092500
0 0.900000 0.722500 0.061250 0.093333
0 0.593125 0.207917 0.060000 0.087500
0 0.962812 0.551667 0.068125 0.080000
0 0.261875 0.462917 0.062500 0.080833
0 0.854375 0.462917 0.048750 0.087500
0 0.464687 0.528333 0.054375 0.090000
0 0.637188 0.702500 0.059375 0.078333
0 0.598437 0.093333 0.060625 0.071667
0 0.130312 0.664583 0.054375 0.075833
0 0.614062 0.953750 0.054375 0.084167
0 0.414375 0.363333 0.063750 0.081667
0 0.391250 0.043333 0.066250 0.085000
0 0.327188 0.565417 0.066875 0.084167
0 0.690625 0.432917 0.057500 0.094167
0 0.045312 0.956250 0.063125 0.085833
0 0.963437 0.282083 0.066875 0.080833
0 0.483750 0.280833 0.050000 0.090000
0 0.128125 0.512500 0.050000 0.086667
0 0.574063 0.248333 0.073125 0.090000
0 0.238750 0.215417 0.062500 0.090833
0 0.463438 0.430833 0.058125 0.075000
0 0.614375 0.332500 0.057500 0.075000
0 0.053750 0.677083 0.058750 0.080833
0 0.380937 0.838750 0.053125 0.074167
0 0.310000 0.954167 0.067500 0.090000
0 0.236875 0.822500 0.060000 0.065000
0 0.679375 0.739167 0.061250 0.080000
0 0.234063 0.066250 0.063125 0.065833
0 0.804688 0.478333 0.064375 0.075000
0 0.455313 0.087500 0.055625 0.083333
0 0.607812 0.770000 0.066875 0.090000
0 0.889062 0.235000 0.055625 0.078333
0 0.077813 0.571250 0.060625 0.092500
0 0.741875 0.662917 0.070000 0.080833
0 0.230625 0.898333 0.067500 0.081667
0 0.341562 0.422917 0.054375 0.080833
0 0.177187 0.183333 0.051875 0.066667
0 0.403750 0.377083 0.047500 0.072500
0 0.037500 0.158333 0.061250 0.095000
0 0.954375 0.639167 0.066250 0.066667
0 0.637188 0.804583 0.063125 0.085833
0 0.686562 0.578333 0.061875 0.070000
0 0.836250 0.470000 0.061250 0.093333
0 0.839375 0.353333 0.056250 0.075000
0 0.621875 0.188750 0.050000 0.057500
0 0.510000 0.302917 0.066250 0.079167
0 0.423438 0.251667 0.058125 0.076667
0 0.380000 0.127500 0.066250 0.068333
0 0.341250 0.132083 0.060000 0.062500
0 0.425000 0.057083 0.055000 0.069167
0 0.244062 0.251250 0.054375 0.075833
0 0.108438 0.219167 0.056875 0.076667
0 0.058438 0.259167 0.056875 0.091667
0 0.777813 0.149583 0.066875 0.074167
0 0.169375 0.195417 0.052500 0.062500
0 0.304375 0.610417 0.057500 0.070833
0 0.207500 0.601667 0.050000 0.068333
0 0.349062 0.594167 0.064375 0.080000
0 0.351250 0.717917 0.071250 0.075833
0 0.139687 0.554167 0.065625 0.076667
0 0.193438 0.793333 0.064375 0.081667
0 0.036250 0.832500 0.067500 0.091667
0 0.403438 0.842917 0.066875 0.077500
0 0.346562 0.957500 0.058125 0.066667
0 0.255937 0.512500 0.054375 0.106667
0 0.699688 0.483750 0.054375 0.090833
0 0.724063 0.471667 0.056875 0.081667
0 0.346562 0.392500 0.058125 0.071667
0 0.442812 0.440833 0.051875 0.058333
0 0.459375 0.471250 0.043750 0.112500
0 0.080000 0.599167 0.057500 0.085000
0 0.264375 0.818333 0.057500 0.070000
0 0.286562 0.822917 0.053125 0.069167
0 0.542813 0.115000 0.034375 0.066667
0 0.617188 0.102917 0.060625 0.072500
0 0.486563 0.130417 0.046875 0.074167
0 0.491250 0.095417 0.051250 0.084167
0 0.468438 0.120000 0.056875 0.083333
