0 0.110000 0.787083 0.068750 0.087500
0 0.949688 0.685833 0.063125 0.086667
0 0.275000 0.171250 0.060000 0.077500
0 0.908125 0.408333 0.061250 0.076667
1 0.247812 0.615417 0.078125 0.105833
0 0.571875 0.737083 0.056250 0.077500
0 0.074375 0.677083 0.070000 0.079167
0 0.402187 0.337083 0.068125 0.090833
0 0.083750 0.400833 0.062500 0.083333
0 0.813438 0.634583 0.066875 0.090833
0 0.636875 0.234583 0.076250 0.109167
0 0.412813 0.805417 0.063125 0.084167
0 0.340000 0.688333 0.065000 0.086667
0 0.689063 0.442083 0.074375 0.080833
1 0.304063 0.083333 0.078125 0.103333
0 0.293438 0.445417 0.060625 0.080833
0 0.193125 0.322083 0.075000 0.100833
0 0.902813 0.847083 0.069375 0.094167
0 0.354375 0.538750 0.062500 0.077500
0 0.041250 0.300833 0.067500 0.086667
0 0.393437 0.733750 0.065625 0.079167
0 0.450000 0.457083 0.063750 0.102500
1 0.193125 0.912500 0.085000 0.110000
0 0.745313 0.565833 0.071875 0.090000
0 0.348750 0.365833 0.057500 0.078333
0 0.156562 0.380417 0.065625 0.084167
0 0.727187 0.632083 0.068125 0.092500
0 0.086563 0.181667 0.065625 0.080000
0 0.625938 0.572917 0.069375 0.099167
0 0.144687 0.127917 0.058125 0.065833
0 0.497812 0.196667 0.061875 0.086667
0 0.800000 0.933750 0.080000 0.070833
0 0.536250 0.665833 0.057500 0.090000
0 0.725000 0.767917 0.062500 0.090833
0 0.473750 0.540000 0.060000 0.080000
0 0.416875 0.904583 0.070000 0.070833
0 0.929688 0.253750 0.070625 0.089167
0 0.378750 0.848750 0.076250 0.090833
0 0.199687 0.500833 0.070625 0.080000
0 0.048125 0.920000 0.065000 0.096667
0 0.233437 0.430833 0.059375 0.080000
0 0.215625 0.172500 0.060000 0.073333
0 0.601875 0.947917 0.060000 0.074167
0 0.824063 0.875000 0.069375 0.081667
0 0.470313 0.784583 0.070625 0.085833
0 0.187188 0.707500 0.068125 0.088333
0 0.555000 0.521667 0.063750 0.075000
0 0.178437 0.450833 0.065625 0.076667
0 0.178750 0.240000 0.066250 0.075000
0 0.486563 0.045000 0.078125 0.081667
2 0.389688 0.145000 0.131875 0.088333
0 0.753125 0.700417 0.070000 0.080833
0 0.890312 0.931667 0.071875 0.083333
0 0.475625 0.844167 0.066250 0.086667
0 0.872812 0.339167 0.079375 0.073333
0 0.660312 0.799583 0.076875 0.095833
0 0.762500 0.279583 0.072500 0.092500
0 0.605000 0.488750 0.067500 0.070833
0 0.191562 0.624583 0.075625 0.092500
0 0.177813 0.046250 0.068125 0.092500
0 0.615313 0.880417 0.064375 0.077500
0 0.150938 0.713750 0.056875 0.065833
0 0.634375 0.847917 0.058750 0.082500
0 0.598125 0.581250 0.061250 0.075833
