0 0.959688 0.726250 0.065625 0.087500
0 0.298438 0.405417 0.074375 0.107500
0 0.061562 0.779583 0.080625 0.109167
0 0.939375 0.262083 0.068750 0.082500
0 0.155625 0.762917 0.081250 0.082500
0 0.836562 0.339583 0.075625 0.094167
0 0.445937 0.602083 0.073125 0.109167
0 0.204375 0.487500 0.070000 0.095000
0 0.563125 0.915417 0.071250 0.105833
0 0.747188 0.875000 0.073125 0.096667
0 0.464062 0.365000 0.069375 0.098333
0 0.893750 0.905000 0.072500 0.101667
0 0.676875 0.654167 0.097500 0.091667
0 0.313750 0.891250 0.081250 0.085833
0 0.490938 0.725417 0.070625 0.089167
0 0.383750 0.264583 0.090000 0.070833
0 0.190938 0.725833 0.075625 0.086667
0 0.094687 0.256250 0.076875 0.099167
0 0.484063 0.864583 0.088125 0.087500
0 0.238750 0.563750 0.076250 0.099167
0 0.831875 0.423333 0.085000 0.090000
0 0.190625 0.317917 0.091250 0.089167
0 0.601875 0.734167 0.081250 0.098333
0 0.585313 0.235000 0.069375 0.086667
0 0.122188 0.161250 0.079375 0.082500
0 0.294375 0.272917 0.086250 0.092500
0 0.635938 0.472500 0.076875 0.108333
0 0.527188 0.097500 0.085625 0.073333
0 0.420625 0.870000 0.072500 0.106667
0 0.714375 0.250833 0.057500 0.093333
0 0.530312 0.802917 0.098125 0.082500
0 0.173750 0.923333 0.072500 0.068333
0 0.729375 0.790000 0.071250 0.101667
0 0.475938 0.566250 0.066875 0.120833
0 0.932500 0.822500 0.077500 0.100000
0 0.410938 0.960000 0.091875 0.078333
0 0.382188 0.780000 0.109375 0.078333
0 0.818750 0.863750 0.080000 0.099167
0 0.187500 0.847083 0.073750 0.095833
0 0.939063 0.375417 0.085625 0.097500
0 0.315625 0.130417 0.077500 0.092500
0 0.596875 0.333333 0.080000 0.095000
0 0.541250 0.622500 0.091250 0.075000
0 0.536875 0.742500 0.073750 0.105000
0 0.045312 0.297500 0.068125 0.123333
0 0.958125 0.936667 0.083750 0.090000
0 0.187188 0.174583 0.081875 0.099167
0 0.543750 0.378750 0.103750 0.092500
0 0.540625 0.555833 0.091250 0.100000
0 0.272813 0.859583 0.080625 0.099167
0 0.462187 0.283333 0.096875 0.060000
0 0.668750 0.102917 0.083750 0.095833
0 0.733437 0.168333 0.084375 0.066667
0 0.599063 0.435833 0.104375 0.093333
0 0.718437 0.047917 0.103125 0.069167
0 0.793125 0.942083 0.073750 0.069167
0 0.591875 0.039167 0.092500 0.078333
0 0.572187 0.150833 0.086875 0.100000
0 0.195625 0.260000 0.113750 0.063333
0 0.180000 0.957500 0.060000 0.078333
0 0.585625 0.680833 0.100000 0.075000
0 0.521250 0.310833 0.068750 0.080000
0 0.716250 0.331667 0.092500 0.095000
0 0.681562 0.277083 0.051875 0.119167
0 0.620938 0.262917 0.075625 0.090833
0 0.634687 0.187500 0.104375 0.066667
0 0.647188 0.150417 0.080625 0.072500
0 0.734062 0.122917 0.083125 0.085833
