0 0.311875 0.335833 0.060000 0.080000
0 0.626875 0.877083 0.073750 0.100833
0 0.155312 0.846250 0.079375 0.099167
0 0.248125 0.833750 0.072500 0.090833
0 0.720625 0.117083 0.068750 0.099167
0 0.457813 0.350000 0.065625 0.080000
0 0.762813 0.856667 0.055625 0.081667
0 0.172187 0.433333 0.071875 0.091667
0 0.543125 0.416250 0.068750 0.094167
0 0.270000 0.290000 0.063750 0.090000
0 0.747812 0.276250 0.060625 0.092500
0 0.456875 0.864167 0.067500 0.098333
0 0.193438 0.256667 0.064375 0.081667
0 0.487500 0.276250 0.062500 0.085833
0 0.640938 0.766250 0.061875 0.075833
0 0.225000 0.512917 0.063750 0.080833
0 0.924063 0.147917 0.074375 0.094167
0 0.412813 0.234167 0.063125 0.080000
0 0.113437 0.445417 0.056875 0.089167
0 0.778125 0.171250 0.063750 0.072500
0 0.180312 0.723333 0.069375 0.091667
0 0.604688 0.510417 0.061875 0.087500
0 0.740313 0.501667 0.064375 0.088333
0 0.240000 0.743333 0.061250 0.086667
0 0.356563 0.497917 0.058125 0.077500
0 0.192500 0.352917 0.071250 0.085833
0 0.240313 0.177083 0.056875 0.077500
0 0.435312 0.477083 0.065625 0.079167
0 0.693438 0.799167 0.065625 0.083333
0 0.365000 0.652500 0.071250 0.091667
0 0.120313 0.315417 0.065625 0.075833
0 0.694375 0.724583 0.048750 0.072500
0 0.663750 0.607083 0.060000 0.072500
0 0.773125 0.692917 0.066250 0.089167
0 0.242500 0.426250 0.061250 0.080833
0 0.105938 0.924583 0.069375 0.084167
0 0.514062 0.908333 0.059375 0.086667
0 0.774375 0.768333 0.065000 0.085000
0 0.542813 0.717917 0.056875 0.080833
0 0.547500 0.354583 0.066250 0.087500
0 0.065937 0.438750 0.056875 0.074167
0 0.383437 0.322083 0.068125 0.082500
3 0.466250 0.739583 0.066250 0.097500
0 0.292812 0.457500 0.063125 0.078333
0 0.585938 0.728750 0.063125 0.084167
0 0.875000 0.776250 0.053750 0.074167
0 0.070000 0.534583 0.060000 0.069167
0 0.903750 0.252917 0.061250 0.075833
0 0.667813 0.422500 0.063125 0.083333
0 0.118125 0.725833 0.058750 0.076667
0 0.569688 0.787500 0.078125 0.070000
0 0.636875 0.644167 0.056250 0.105000
0 0.329062 0.674583 0.056875 0.069167
0 0.777188 0.594167 0.053125 0.070000
0 0.305000 0.797917 0.056250 0.070833
0 0.777500 0.939167 0.062500 0.075000
0 0.075938 0.097083 0.063125 0.080833
0 0.380937 0.841250 0.058125 0.074167
0 0.104688 0.154167 0.059375 0.075000
0 0.894375 0.648333 0.055000 0.083333
0 0.454062 0.677500 0.075625 0.075000
0 0.927813 0.361250 0.055625 0.112500
0 0.724688 0.956667 0.060625 0.080000
0 0.476250 0.183750 0.056250 0.070833
0 0.847500 0.495417 0.063750 0.087500
0 0.557500 0.510000 0.058750 0.081667
0 0.678438 0.481250 0.068125 0.084167
1 0.295938 0.130000 0.099375 0.095000
0 0.424063 0.722917 0.065625 0.072500
0 0.849063 0.644583 0.055625 0.075833
0 0.835000 0.362083 0.053750 0.069167
0 0.795000 0.314167 0.048750 0.071667
0 0.786875 0.095000 0.055000 0.081667
1 0.069062 0.255417 0.060625 0.165833
0 0.047188 0.077917 0.066875 0.074167
0 0.133125 0.064167 0.053750 0.068333
0 0.838125 0.174583 0.057500 0.059167
0 0.031875 0.481250 0.055000 0.074167
0 0.045625 0.957917 0.058750 0.084167
0 0.405938 0.786667 0.061875 0.065000
0 0.974375 0.715000 0.048750 0.081667
0 0.767500 0.427500 0.046250 0.126667
0 0.436875 0.415833 0.061250 0.068333
0 0.610000 0.651667 0.056250 0.070000
0 0.465000 0.952500 0.061250 0.091667
0 0.550312 0.954583 0.065625 0.080833
0 0.972500 0.835000 0.047500 0.086667
0 0.894375 0.488333 0.050000 0.076667
0 0.971875 0.535833 0.051250 0.065000
0 0.943750 0.441250 0.051250 0.057500
0 0.919375 0.517917 0.053750 0.072500
0 0.102188 0.244583 0.050625 0.074167
0 0.821250 0.724583 0.070000 0.084167
0 0.842812 0.695417 0.056875 0.064167
