0 0.818125 0.768333 0.073750 0.101667
0 0.808438 0.536250 0.060625 0.077500
0 0.918438 0.092500 0.069375 0.095000
0 0.367812 0.835833 0.071875 0.096667
0 0.134687 0.081250 0.065625 0.082500
0 0.635625 0.682917 0.071250 0.092500
0 0.335000 0.337917 0.062500 0.089167
0 0.276562 0.105833 0.071875 0.093333
0 0.720625 0.697500 0.070000 0.088333
0 0.444375 0.804583 0.062500 0.085833
0 0.165313 0.843750 0.061875 0.082500
0 0.745938 0.938750 0.073125 0.105833
0 0.587500 0.568333 0.077500 0.098333
0 0.520312 0.623750 0.069375 0.090833
0 0.511875 0.239583 0.062500 0.087500
0 0.087500 0.842083 0.066250 0.087500
0 0.820312 0.916667 0.061875 0.086667
0 0.042500 0.936667 0.058750 0.101667
0 0.115312 0.264167 0.076875 0.090000
0 0.949063 0.231250 0.071875 0.085833
0 0.860625 0.467917 0.060000 0.075833
0 0.396562 0.925833 0.070625 0.085000
0 0.692187 0.801250 0.073125 0.097500
0 0.662188 0.913750 0.065625 0.082500
0 0.772188 0.839583 0.064375 0.084167
0 0.244062 0.810833 0.063125 0.083333
0 0.525000 0.766667 0.081250 0.110000
0 0.250000 0.540000 0.058750 0.080000
0 0.816875 0.385833 0.082500 0.093333
0 0.191250 0.641250 0.072500 0.097500
0 0.177500 0.337917 0.075000 0.090833
0 0.115625 0.733333 0.077500 0.110000
0 0.663750 0.116250 0.078750 0.104167
0 0.902500 0.674583 0.072500 0.080833
0 0.740938 0.155417 0.078125 0.112500
0 0.372500 0.695417 0.075000 0.104167
0 0.080937 0.442917 0.070625 0.085833
0 0.911250 0.780000 0.080000 0.078333
0 0.214062 0.431667 0.070625 0.091667
0 0.304375 0.957917 0.067500 0.082500
1 0.553750 0.454167 0.081250 0.135000
0 0.904062 0.828333 0.076875 0.091667
