0 0.065937 0.877917 0.064375 0.087500
0 0.901563 0.820000 0.063125 0.083333
0 0.235625 0.538333 0.067500 0.098333
0 0.935000 0.406667 0.063750 0.100000
0 0.895625 0.739167 0.065000 0.080000
0 0.679375 0.363750 0.071250 0.090833
0 0.789062 0.205833 0.070625 0.083333
0 0.795937 0.482500 0.056875 0.081667
0 0.680312 0.462917 0.074375 0.097500
0 0.719063 0.608750 0.061875 0.074167
0 0.779062 0.783750 0.070625 0.092500
0 0.100625 0.630417 0.061250 0.102500
0 0.857187 0.562917 0.068125 0.094167
0 0.167187 0.752083 0.068125 0.095833
0 0.409375 0.921667 0.081250 0.103333
0 0.720000 0.921250 0.052500 0.062500
0 0.762500 0.148750 0.072500 0.072500
0 0.480312 0.467917 0.071875 0.110833
0 0.261562 0.631250 0.065625 0.089167
0 0.829063 0.952500 0.059375 0.086667
0 0.471562 0.424167 0.069375 0.073333
0 0.363125 0.151250 0.081250 0.104167
0 0.412813 0.217083 0.083125 0.102500
0 0.885312 0.472083 0.064375 0.087500
0 0.607500 0.205000 0.073750 0.108333
0 0.522188 0.599583 0.075625 0.094167
0 0.190938 0.658333 0.066875 0.093333
0 0.902813 0.121667 0.074375 0.103333
0 0.043437 0.780833 0.075625 0.088333
